[48;2;20;20;20m                                                                                                                                                                                              
                                                                                                                                                                                              
                  [38;2;105;40;176m[48;2;30;30;30m██████████████████████████████████████████████████████████████████████████████████████████████████████████████████████████████████████████████████████████[39m[48;2;20;20;20m                  
                  [38;2;105;40;176m[48;2;30;30;30m█[38;2;90;34;151m█[38;2;75;28;126m▓[38;2;68;26;114m▓▓▓▓▓▓▓▓▓▓▓▓▓▓▓▓▓▓▓▓▓▓▓▓▓▓▓▓▓▓▓▓▓▓▓▓▓▓▓▓▓▓▓▓▓▓▓▓▓▓▓▓▓▓▓▓▓▓▓▓▓▓▓▓▓▓▓▓▓▓▓▓▓▓▓▓▓▓▓▓▓▓▓▓▓▓▓▓▓▓▓▓▓▓▓▓▓▓▓▓▓▓▓▓▓▓▓▓▓▓▓▓▓▓▓▓▓▓▓▓▓▓▓▓▓▓▓▓▓▓▓▓▓▓▓▓▓▓▓▓▓▓▓▓▓▓▓▓[38;2;75;28;126m▓[38;2;90;34;151m█[38;2;105;40;176m█[39m[48;2;20;20;20m                  
                  [38;2;105;40;176m[48;2;30;30;30m█[38;2;90;34;151m█[38;2;75;28;126m▓[38;2;60;23;102m▓[38;2;46;17;77m▒[38;2;204;135;107m⣿[38;2;182;111;88m⣿[38;2;134;74;59m⣷[39m                                                                                                                                             [38;2;46;17;77m▒[38;2;60;23;102m▓[38;2;75;28;126m▓[38;2;90;34;151m█[38;2;105;40;176m█[39m[48;2;20;20;20m                  
                  [38;2;105;40;176m[48;2;30;30;30m█[38;2;90;34;151m█[38;2;75;28;126m▓[38;2;60;23;102m▓[38;2;46;17;77m▒[38;2;202;131;104m⣿[38;2;185;113;91m⣿[38;2;149;84;67m⣿[38;2;84;52;41m⣷[39m                                                                                                                                            [38;2;46;17;77m▒[38;2;60;23;102m▓[38;2;75;28;126m▓[38;2;90;34;151m█[38;2;105;40;176m█[39m[48;2;20;20;20m                  
                  [38;2;105;40;176m[48;2;30;30;30m█[38;2;90;34;151m█[38;2;75;28;126m▓[38;2;60;23;102m▓[38;2;46;17;77m▒[38;2;178;107;86m⣿[38;2;177;107;85m⣿[38;2;168;99;80m⣿[38;2;134;75;59m⣿[38;2;88;54;42m⣷[39m                                                                                                                         [38;2;53;38;31m⣀⣀[38;2;51;37;31m⡀[39m               [38;2;46;17;77m▒[38;2;60;23;102m▓[38;2;75;28;126m▓[38;2;90;34;151m█[38;2;105;40;176m█[39m[48;2;20;20;20m                  
                  [38;2;105;40;176m[48;2;30;30;30m█[38;2;90;34;151m█[38;2;75;28;126m▓[38;2;60;23;102m▓[38;2;46;17;77m▒[38;2;142;78;62m⣸[38;2;173;103;83m⣿[38;2;204;135;107m⣿[38;2;212;149;118m⣿[38;2;201;130;103m⣿[38;2;158;91;73m⣷[38;2;92;55;44m⡆[39m                                                                                                                      [38;2;53;38;31m⣿[38;2;55;39;32m⣿[38;2;54;38;32m⣿[38;2;52;37;31m⡿[39m               [38;2;46;17;77m▒[38;2;60;23;102m▓[38;2;75;28;126m▓[38;2;90;34;151m█[38;2;105;40;176m█[39m[48;2;20;20;20m                  
                  [38;2;105;40;176m[48;2;30;30;30m█[38;2;90;34;151m█[38;2;75;28;126m▓[38;2;60;23;102m▓[38;2;46;17;77m▒[38;2;86;52;41m⣿[38;2;161;94;75m⣿[38;2;217;159;126m⣿[38;2;232;197;165m⣿[38;2;232;198;167m⣿[38;2;216;157;124m⣿[38;2;164;96;77m⣿[38;2;74;48;38m⣇[39m                                                                                                                                        [38;2;46;17;77m▒[38;2;60;23;102m▓[38;2;75;28;126m▓[38;2;90;34;151m█[38;2;105;40;176m█[39m[48;2;20;20;20m                  
                  [38;2;105;40;176m[48;2;30;30;30m█[38;2;90;34;151m█[38;2;75;28;126m▓[38;2;60;23;102m▓[38;2;46;17;77m▒[39m [38;2;141;78;62m⣿[38;2;215;156;123m⣿[38;2;234;210;183m⣿[38;2;239;224;206m⣿[38;2;233;200;170m⣿[38;2;204;136;108m⣿[38;2;102;60;47m⣿[39m                                                                                                                                        [38;2;46;17;77m▒[38;2;60;23;102m▓[38;2;75;28;126m▓[38;2;90;34;151m█[38;2;105;40;176m█[39m[48;2;20;20;20m                  
                  [38;2;105;40;176m[48;2;30;30;30m█[38;2;90;34;151m█[38;2;75;28;126m▓[38;2;60;23;102m▓[38;2;46;17;77m▒[39m [38;2;101;59;46m⢸[38;2;183;111;89m⣿[38;2;223;171;137m⣿[38;2;233;201;171m⣿[38;2;231;189;155m⣿[38;2;207;140;111m⣿[38;2;124;70;55m⣿[38;2;64;43;34m⣇[39m                                                                                                                                       [38;2;46;17;77m▒[38;2;60;23;102m▓[38;2;75;28;126m▓[38;2;90;34;151m█[38;2;105;40;176m█[39m[48;2;20;20;20m                  
                  [38;2;105;40;176m[48;2;30;30;30m█[38;2;90;34;151m█[38;2;75;28;126m▓[38;2;60;23;102m▓[38;2;46;17;77m▒[39m  [38;2;107;62;49m⢻[38;2;170;101;81m⣿[38;2;206;139;110m⣿[38;2;209;145;114m⣿[38;2;190;118;94m⣿[38;2;135;75;59m⣿[38;2;76;48;38m⣿[39m                                                                                                                                       [38;2;46;17;77m▒[38;2;60;23;102m▓[38;2;75;28;126m▓[38;2;90;34;151m█[38;2;105;40;176m█[39m[48;2;20;20;20m                  
                  [38;2;105;40;176m[48;2;30;30;30m█[38;2;90;34;151m█[38;2;75;28;126m▓[38;2;60;23;102m▓[38;2;46;17;77m▒[39m   [38;2;74;48;38m⠹[38;2;104;61;48m⣿[38;2;138;76;61m⣿[38;2;148;83;66m⣿[38;2;134;74;59m⣿[38;2;95;56;44m⣿[38;2;66;44;35m⡆[39m                                                                                                                                      [38;2;46;17;77m▒[38;2;60;23;102m▓[38;2;75;28;126m▓[38;2;90;34;151m█[38;2;105;40;176m█[39m[48;2;20;20;20m                  
                  [38;2;105;40;176m[48;2;30;30;30m█[38;2;90;34;151m█[38;2;75;28;126m▓[38;2;60;23;102m▓[38;2;46;17;77m▒[39m    [38;2;61;42;34m⠈[38;2;82;51;40m⢿[38;2;113;65;51m⣿[38;2;134;74;59m⣿[38;2;133;74;59m⣿[38;2;113;65;51m⣿[38;2;82;51;40m⡆[39m                                                                                                                                     [38;2;46;17;77m▒[38;2;60;23;102m▓[38;2;75;28;126m▓[38;2;90;34;151m█[38;2;105;40;176m█[39m[48;2;20;20;20m                  
                  [38;2;105;40;176m[48;2;30;30;30m█[38;2;90;34;151m█[38;2;75;28;126m▓[38;2;60;23;102m▓[38;2;46;17;77m▒[39m      [38;2;81;50;40m⢿[38;2;131;73;58m⣿[38;2;183;112;89m⣿[38;2;204;135;107m⣿[38;2;197;123;98m⣿[38;2;150;85;68m⣷[38;2;80;50;40m⡄[39m                                                                                                                                   [38;2;46;17;77m▒[38;2;60;23;102m▓[38;2;75;28;126m▓[38;2;90;34;151m█[38;2;105;40;176m█[39m[48;2;20;20;20m                  
                  [38;2;105;40;176m[48;2;30;30;30m█[38;2;90;34;151m█[38;2;75;28;126m▓[38;2;60;23;102m▓[38;2;46;17;77m▒[39m       [38;2;114;65;51m⣿[38;2;199;127;101m⣿[38;2;227;179;144m⣿[38;2;231;191;158m⣿[38;2;218;162;129m⣿[38;2;176;106;84m⣿[38;2;109;63;49m⣷[39m                                                                                                                                  [38;2;46;17;77m▒[38;2;60;23;102m▓[38;2;75;28;126m▓[38;2;90;34;151m█[38;2;105;40;176m█[39m[48;2;20;20;20m                  
                  [38;2;105;40;176m[48;2;30;30;30m█[38;2;90;34;151m█[38;2;75;28;126m▓[38;2;60;23;102m▓[38;2;46;17;77m▒[39m       [38;2;86;52;41m⢸[38;2;185;113;90m⣿[38;2;230;185;150m⣿[38;2;235;213;187m⣿[38;2;234;210;183m⣿[38;2;223;171;137m⣿[38;2;180;109;87m⣿[38;2;95;57;45m⣿[39m                                                                                                                                 [38;2;46;17;77m▒[38;2;60;23;102m▓[38;2;75;28;126m▓[38;2;90;34;151m█[38;2;105;40;176m█[39m[48;2;20;20;20m                  
                  [38;2;105;40;176m[48;2;30;30;30m█[38;2;90;34;151m█[38;2;75;28;126m▓[38;2;60;23;102m▓[38;2;46;17;77m▒[39m        [38;2;125;71;56m⢿[38;2;200;127;101m⣿[38;2;230;184;149m⣿[38;2;233;202;173m⣿[38;2;231;190;157m⣿[38;2;212;151;119m⣿[38;2;157;91;72m⣿[38;2;96;57;45m⣷[39m                                                                                                                                [38;2;46;17;77m▒[38;2;60;23;102m▓[38;2;75;28;126m▓[38;2;90;34;151m█[38;2;105;40;176m█[39m[48;2;20;20;20m                  
                  [38;2;105;40;176m[48;2;30;30;30m█[38;2;90;34;151m█[38;2;75;28;126m▓[38;2;60;23;102m▓[38;2;46;17;77m▒[39m         [38;2;127;71;56m⣿[38;2;183;111;89m⣿[38;2;213;152;120m⣿[38;2;217;160;127m⣿[38;2;211;147;116m⣿[38;2;183;112;89m⣿[38;2;140;77;62m⣿[38;2;89;54;42m⣷[38;2;63;43;34m⡄[39m                                                                                                                              [38;2;46;17;77m▒[38;2;60;23;102m▓[38;2;75;28;126m▓[38;2;90;34;151m█[38;2;105;40;176m█[39m[48;2;20;20;20m                  
                  [38;2;105;40;176m[48;2;30;30;30m█[38;2;90;34;151m█[38;2;75;28;126m▓[38;2;60;23;102m▓[38;2;46;17;77m▒[39m          [38;2;80;50;39m⠻[38;2;121;68;54m⣿[38;2;158;91;73m⣿[38;2;177;107;85m⣿[38;2;173;103;83m⣿[38;2;153;87;70m⣿[38;2;125;70;55m⣿[38;2;99;58;46m⣿[38;2;79;49;39m⣦[38;2;64;43;34m⡄[39m                                                                                                                            [38;2;46;17;77m▒[38;2;60;23;102m▓[38;2;75;28;126m▓[38;2;90;34;151m█[38;2;105;40;176m█[39m[48;2;20;20;20m                  
                  [38;2;105;40;176m[48;2;30;30;30m█[38;2;90;34;151m█[38;2;75;28;126m▓[38;2;60;23;102m▓[38;2;46;17;77m▒[39m            [38;2;76;48;38m⠹[38;2;102;60;47m⢿[38;2;123;69;55m⣿[38;2;131;73;58m⣿[38;2;128;72;57m⣿[38;2;121;69;54m⣿[38;2;112;64;50m⣿[38;2;97;58;45m⣿[38;2;80;50;40m⣷[38;2;69;45;36m⣆[39m                                                                                                                          [38;2;46;17;77m▒[38;2;60;23;102m▓[38;2;75;28;126m▓[38;2;90;34;151m█[38;2;105;40;176m█[39m[48;2;20;20;20m                  
                  [38;2;105;40;176m[48;2;30;30;30m█[38;2;90;34;151m█[38;2;75;28;126m▓[38;2;60;23;102m▓[38;2;46;17;77m▒[39m              [38;2;66;44;35m⠘[38;2;81;50;40m⢿[38;2;100;59;46m⣿[38;2;112;64;50m⣿⣿[38;2;106;61;48m⣿[38;2;99;59;46m⣿[38;2;95;57;45m⣿[38;2;90;54;43m⣿[38;2;81;51;40m⣷[38;2;75;48;38m⣦[38;2;72;47;37m⣄[39m                                                    [38;2;77;49;38m⢀[38;2;84;52;41m⣀[38;2;91;55;43m⣀[38;2;94;56;44m⣀[38;2;90;54;43m⣀[39m                                                             [38;2;46;17;77m▒[38;2;60;23;102m▓[38;2;75;28;126m▓[38;2;90;34;151m█[38;2;105;40;176m█[39m[48;2;20;20;20m                  
                  [38;2;105;40;176m[48;2;30;30;30m█[38;2;90;34;151m█[38;2;75;28;126m▓[38;2;60;23;102m▓[38;2;46;17;77m▒[39m                 [38;2;74;48;38m⠘[38;2;84;52;41m⠿[38;2;92;55;43m⣿[38;2;95;56;44m⣿[38;2;96;57;45m⣿[38;2;94;56;44m⣿[38;2;90;54;43m⣿[38;2;90;55;43m⣿[38;2;98;58;46m⣿[38;2;104;60;47m⣿[38;2;100;59;46m⣿[38;2;87;53;42m⣷[38;2;76;48;38m⣶[38;2;68;45;36m⣤[38;2;64;43;34m⣀[39m                                           [38;2;62;42;34m⢰[38;2;84;52;41m⣿[38;2;117;67;52m⣿[38;2;149;84;67m⣿[38;2;175;105;84m⣿[38;2;197;123;98m⣿[38;2;206;139;110m⣿⣿[38;2;200;127;101m⣿[38;2;187;115;92m⣿[38;2;181;110;88m⣿[38;2;191;118;94m⣿[38;2;200;129;102m⣿[38;2;205;138;109m⣿[38;2;206;139;110m⣿[38;2;205;137;109m⣿[38;2;204;135;107m⣿[38;2;201;130;103m⣿[38;2;196;122;97m⣿[38;2;184;113;90m⣿[38;2;169;100;80m⣿[38;2;151;86;68m⣷[38;2;132;74;58m⣶[38;2;115;66;52m⣶[38;2;102;60;47m⣶[38;2;91;55;43m⣶[38;2;81;51;40m⣦[38;2;73;47;37m⣄[39m                                         [38;2;46;17;77m▒[38;2;60;23;102m▓[38;2;75;28;126m▓[38;2;90;34;151m█[38;2;105;40;176m█[39m[48;2;20;20;20m                  
                  [38;2;105;40;176m[48;2;30;30;30m█[38;2;90;34;151m█[38;2;75;28;126m▓[38;2;60;23;102m▓[38;2;46;17;77m▒[39m                    [38;2;68;45;36m⠘[38;2;77;49;38m⠻[38;2;82;51;40m⠿[38;2;83;51;40m⣿[38;2;89;54;42m⣿[38;2;100;59;46m⣿[38;2;108;63;49m⣿[38;2;108;62;49m⣿[38;2;99;58;46m⣿[38;2;90;54;43m⣿[38;2;85;52;41m⣿[38;2;84;52;41m⣿[38;2;82;51;40m⣿[38;2;75;48;38m⣷[38;2;65;44;35m⣶[38;2;56;39;32m⡄[39m                                       [38;2;64;43;34m⢸[38;2;89;54;42m⣿[38;2;126;71;56m⣿[38;2;160;93;74m⣿[38;2;189;117;93m⣿[38;2;209;144;113m⣿[38;2;219;163;130m⣿[38;2;221;168;134m⣿[38;2;218;161;128m⣿[38;2;212;151;119m⣿[38;2;213;152;119m⣿[38;2;223;171;136m⣿[38;2;231;190;156m⣿[38;2;233;201;171m⣿[38;2;233;203;174m⣿[38;2;233;202;173m⣿[38;2;233;201;172m⣿[38;2;233;199;168m⣿[38;2;232;195;164m⣿[38;2;231;190;156m⣿[38;2;229;182;148m⣿[38;2;224;172;138m⣿[38;2;219;163;130m⣿[38;2;215;156;123m⣿[38;2;213;151;119m⣿[38;2;210;147;116m⣿[38;2;208;143;113m⣿[38;2;203;133;105m⣿[38;2;185;113;91m⣿[38;2;154;88;70m⣷[38;2;118;67;53m⣶[38;2;94;56;44m⣶[38;2;81;51;40m⣤[38;2;75;48;38m⣄[39m                                   [38;2;46;17;77m▒[38;2;60;23;102m▓[38;2;75;28;126m▓[38;2;90;34;151m█[38;2;105;40;176m█[39m[48;2;20;20;20m                  
                  [38;2;105;40;176m[48;2;30;30;30m█[38;2;90;34;151m█[38;2;75;28;126m▓[38;2;60;23;102m▓[38;2;46;17;77m▒[39m                        [38;2;66;44;35m⠘[38;2;77;49;39m⠻[38;2;88;53;42m⠿[38;2;93;56;44m⣿[38;2;90;55;43m⣿[38;2;86;53;41m⣿[38;2;85;52;41m⣿[38;2;87;53;42m⣿[38;2;90;55;43m⣿[38;2;86;53;41m⣿[38;2;77;49;38m⣿[38;2;64;43;34m⣿[39m                                       [38;2;59;41;33m⠘[38;2;78;49;39m⠿[38;2;107;62;49m⣿[38;2;142;78;62m⣿[38;2;172;102;82m⣿[38;2;199;125;100m⣿[38;2;210;147;116m⣿[38;2;214;154;121m⣿[38;2;212;150;118m⣿[38;2;208;143;113m⣿[38;2;210;146;115m⣿[38;2;221;167;133m⣿[38;2;231;189;155m⣿[38;2;233;201;172m⣿[38;2;234;206;177m⣿[38;2;234;207;179m⣿[38;2;234;209;182m⣿[38;2;234;210;183m⣿⣿[38;2;234;208;180m⣿[38;2;234;205;176m⣿[38;2;233;200;170m⣿[38;2;232;197;165m⣿[38;2;232;196;164m⣿[38;2;233;198;167m⣿[38;2;233;202;172m⣿[38;2;233;204;175m⣿[38;2;233;200;170m⣿[38;2;230;185;150m⣿[38;2;214;154;121m⣿[38;2;190;118;94m⣿[38;2;167;98;79m⣿[38;2;154;88;70m⣿[38;2;146;81;65m⣿[38;2;128;72;57m⣿[38;2;98;58;45m⣿[38;2;68;45;36m⣆[39m                                [38;2;46;17;77m▒[38;2;60;23;102m▓[38;2;75;28;126m▓[38;2;90;34;151m█[38;2;105;40;176m█[39m[48;2;20;20;20m                  
                  [38;2;105;40;176m[48;2;30;30;30m█[38;2;90;34;151m█[38;2;75;28;126m▓[38;2;60;23;102m▓[38;2;46;17;77m▒[39m                              [38;2;69;45;36m⠙[38;2;75;48;38m⠿[38;2;81;50;40m⢿[38;2;83;51;40m⣿[38;2;79;49;39m⣿[38;2;67;45;35m⣿[39m                                          [38;2;67;45;35m⠈[38;2;79;50;39m⠛[38;2;96;57;45m⠿[38;2;114;65;51m⠿[38;2;126;71;56m⠿[38;2;132;74;58m⢿[38;2;137;76;60m⣿[38;2;148;83;66m⣿[38;2;171;102;81m⣿[38;2;194;121;96m⣿[38;2;205;137;109m⣿[38;2;209;145;114m⣿[38;2;211;148;117m⣿[38;2;214;153;120m⣿[38;2;217;159;125m⣿[38;2;219;164;130m⣿[38;2;222;169;135m⣿[38;2;224;172;138m⣿[38;2;225;175;141m⣿[38;2;227;178;143m⣿[38;2;229;183;148m⣿[38;2;231;190;157m⣿[38;2;232;197;165m⣿[38;2;233;201;171m⣿[38;2;233;199;169m⣿[38;2;231;186;151m⣿[38;2;216;157;124m⣿[38;2;195;122;97m⣿[38;2;173;103;83m⣿[38;2;161;94;75m⣿[38;2;154;88;70m⣿[38;2;138;77;61m⣿[38;2;107;62;49m⣿[38;2;72;47;37m⣿[39m                                [38;2;46;17;77m▒[38;2;60;23;102m▓[38;2;75;28;126m▓[38;2;90;34;151m█[38;2;105;40;176m█[39m[48;2;20;20;20m                  
                  [38;2;105;40;176m[48;2;30;30;30m█[38;2;90;34;151m█[38;2;75;28;126m▓[38;2;60;23;102m▓[38;2;46;17;77m▒[39m                                 [38;2;65;44;35m⢻[38;2;67;45;35m⣿[38;2;62;42;34m⣿[39m                                                   [38;2;71;46;36m⠙[38;2;78;49;39m⠛[38;2;85;52;41m⠛[38;2;95;57;44m⠻[38;2;107;62;49m⠿[38;2;121;69;54m⠿[38;2;134;75;59m⠿[38;2;145;80;64m⣿[38;2;152;86;69m⣿[38;2;156;90;72m⣿[38;2;162;94;75m⣿[38;2;171;102;81m⣿[38;2;185;114;91m⣿[38;2;198;125;100m⣿[38;2;204;135;107m⣿[38;2;205;137;109m⣿[38;2;200;127;101m⣿[38;2;185;113;90m⣿[38;2;162;94;75m⣿[38;2;148;83;66m⣿[38;2;140;78;62m⣿[38;2;137;76;60m⣿[38;2;123;70;55m⣿[38;2;96;57;45m⣿[38;2;68;45;36m⠟[39m                                [38;2;46;17;77m▒[38;2;60;23;102m▓[38;2;75;28;126m▓[38;2;90;34;151m█[38;2;105;40;176m█[39m[48;2;20;20;20m                  
                  [38;2;105;40;176m[48;2;30;30;30m█[38;2;90;34;151m█[38;2;75;28;126m▓[38;2;60;23;102m▓[38;2;46;17;77m▒[39m                                  [38;2;55;39;32m⠘[38;2;54;38;32m⠃[39m                                                                [38;2;67;45;35m⠈[38;2;70;46;36m⠉⠉[39m                                         [38;2;46;17;77m▒[38;2;60;23;102m▓[38;2;75;28;126m▓[38;2;90;34;151m█[38;2;105;40;176m█[39m[48;2;20;20;20m                  
                  [38;2;105;40;176m[48;2;30;30;30m█[38;2;90;34;151m█[38;2;75;28;126m▓[38;2;60;23;102m▓[38;2;46;17;77m▒[39m                                                                                                                                                [38;2;46;17;77m▒[38;2;60;23;102m▓[38;2;75;28;126m▓[38;2;90;34;151m█[38;2;105;40;176m█[39m[48;2;20;20;20m                  
                  [38;2;105;40;176m[48;2;30;30;30m█[38;2;90;34;151m█[38;2;75;28;126m▓[38;2;60;23;102m▓[38;2;46;17;77m▒[39m                                                                                                                                                [38;2;46;17;77m▒[38;2;60;23;102m▓[38;2;75;28;126m▓[38;2;90;34;151m█[38;2;105;40;176m█[39m[48;2;20;20;20m                  
                  [38;2;105;40;176m[48;2;30;30;30m█[38;2;90;34;151m█[38;2;75;28;126m▓[38;2;60;23;102m▓[38;2;46;17;77m▒[39m                                                                                                                                                [38;2;46;17;77m▒[38;2;60;23;102m▓[38;2;75;28;126m▓[38;2;90;34;151m█[38;2;105;40;176m█[39m[48;2;20;20;20m                  
                  [38;2;105;40;176m[48;2;30;30;30m█[38;2;90;34;151m█[38;2;75;28;126m▓[38;2;60;23;102m▓[38;2;46;17;77m▒[39m                                                                                                                                                [38;2;46;17;77m▒[38;2;60;23;102m▓[38;2;75;28;126m▓[38;2;90;34;151m█[38;2;105;40;176m█[39m[48;2;20;20;20m                  
                  [38;2;105;40;176m[48;2;30;30;30m█[38;2;90;34;151m█[38;2;75;28;126m▓[38;2;60;23;102m▓[38;2;46;17;77m▒[39m                                                                                                                                                [38;2;46;17;77m▒[38;2;60;23;102m▓[38;2;75;28;126m▓[38;2;90;34;151m█[38;2;105;40;176m█[39m[48;2;20;20;20m                  
                  [38;2;105;40;176m[48;2;30;30;30m█[38;2;90;34;151m█[38;2;75;28;126m▓[38;2;60;23;102m▓[38;2;46;17;77m▒[39m                                                                                                                                                [38;2;46;17;77m▒[38;2;60;23;102m▓[38;2;75;28;126m▓[38;2;90;34;151m█[38;2;105;40;176m█[39m[48;2;20;20;20m                  
                  [38;2;105;40;176m[48;2;30;30;30m█[38;2;90;34;151m█[38;2;75;28;126m▓[38;2;60;23;102m▓[38;2;46;17;77m▒[39m                                                                                                                                                [38;2;46;17;77m▒[38;2;60;23;102m▓[38;2;75;28;126m▓[38;2;90;34;151m█[38;2;105;40;176m█[39m[48;2;20;20;20m                  
                  [38;2;105;40;176m[48;2;30;30;30m█[38;2;90;34;151m█[38;2;75;28;126m▓[38;2;60;23;102m▓[38;2;46;17;77m▒[39m                                                                                                                                                [38;2;46;17;77m▒[38;2;60;23;102m▓[38;2;75;28;126m▓[38;2;90;34;151m█[38;2;105;40;176m█[39m[48;2;20;20;20m                  
                  [38;2;105;40;176m[48;2;30;30;30m█[38;2;90;34;151m█[38;2;75;28;126m▓[38;2;60;23;102m▓[38;2;46;17;77m▒[39m                                                                                                                                                [38;2;46;17;77m▒[38;2;60;23;102m▓[38;2;75;28;126m▓[38;2;90;34;151m█[38;2;105;40;176m█[39m[48;2;20;20;20m                  
                  [38;2;105;40;176m[48;2;30;30;30m█[38;2;90;34;151m█[38;2;75;28;126m▓[38;2;60;23;102m▓[38;2;46;17;77m▒[39m                                                                                                                                                [38;2;46;17;77m▒[38;2;60;23;102m▓[38;2;75;28;126m▓[38;2;90;34;151m█[38;2;105;40;176m█[39m[48;2;20;20;20m                  
                  [38;2;105;40;176m[48;2;30;30;30m█[38;2;90;34;151m█[38;2;75;28;126m▓[38;2;60;23;102m▓[38;2;46;17;77m▒[39m                                                                                                                                                [38;2;46;17;77m▒[38;2;60;23;102m▓[38;2;75;28;126m▓[38;2;90;34;151m█[38;2;105;40;176m█[39m[48;2;20;20;20m                  
                  [38;2;105;40;176m[48;2;30;30;30m█[38;2;90;34;151m█[38;2;75;28;126m▓[38;2;60;23;102m▓[38;2;46;17;77m▒[39m                                                                                                                                                [38;2;46;17;77m▒[38;2;60;23;102m▓[38;2;75;28;126m▓[38;2;90;34;151m█[38;2;105;40;176m█[39m[48;2;20;20;20m                  
                  [38;2;105;40;176m[48;2;30;30;30m█[38;2;90;34;151m█[38;2;75;28;126m▓[38;2;60;23;102m▓[38;2;46;17;77m▒[39m                                                                                                                                                [38;2;46;17;77m▒[38;2;60;23;102m▓[38;2;75;28;126m▓[38;2;90;34;151m█[38;2;105;40;176m█[39m[48;2;20;20;20m                  
                  [38;2;105;40;176m[48;2;30;30;30m█[38;2;90;34;151m█[38;2;75;28;126m▓[38;2;60;23;102m▓[38;2;46;17;77m▒[39m                                                                                                                                                [38;2;46;17;77m▒[38;2;60;23;102m▓[38;2;75;28;126m▓[38;2;90;34;151m█[38;2;105;40;176m█[39m[48;2;20;20;20m                  
                  [38;2;105;40;176m[48;2;30;30;30m█[38;2;90;34;151m█[38;2;75;28;126m▓[38;2;60;23;102m▓[38;2;46;17;77m▒[39m                                                                                                                                                [38;2;46;17;77m▒[38;2;60;23;102m▓[38;2;75;28;126m▓[38;2;90;34;151m█[38;2;105;40;176m█[39m[48;2;20;20;20m                  
                  [38;2;105;40;176m[48;2;30;30;30m█[38;2;90;34;151m█[38;2;75;28;126m▓[38;2;60;23;102m▓[38;2;46;17;77m▒[39m                                                                                                                                                [38;2;46;17;77m▒[38;2;60;23;102m▓[38;2;75;28;126m▓[38;2;90;34;151m█[38;2;105;40;176m█[39m[48;2;20;20;20m                  
                  [38;2;105;40;176m[48;2;30;30;30m█[38;2;90;34;151m█[38;2;75;28;126m▓[38;2;60;23;102m▓[38;2;46;17;77m▒[39m                                                                                                                                                [38;2;46;17;77m▒[38;2;60;23;102m▓[38;2;75;28;126m▓[38;2;90;34;151m█[38;2;105;40;176m█[39m[48;2;20;20;20m                  
                  [38;2;105;40;176m[48;2;30;30;30m█[38;2;90;34;151m█[38;2;75;28;126m▓[38;2;60;23;102m▓[38;2;46;17;77m▒[39m             [38;2;55;39;32m⣴⣦[39m                                                                                                                                 [38;2;46;17;77m▒[38;2;60;23;102m▓[38;2;75;28;126m▓[38;2;90;34;151m█[38;2;105;40;176m█[39m[48;2;20;20;20m                  
                  [38;2;105;40;176m[48;2;30;30;30m█[38;2;90;34;151m█[38;2;75;28;126m▓[38;2;60;23;102m▓[38;2;46;17;77m▒[39m             [38;2;55;39;32m⢿⣿[39m                                                                                                                                 [38;2;46;17;77m▒[38;2;60;23;102m▓[38;2;75;28;126m▓[38;2;90;34;151m█[38;2;105;40;176m█[39m[48;2;20;20;20m                  
                  [38;2;105;40;176m[48;2;30;30;30m█[38;2;90;34;151m█[38;2;75;28;126m▓[38;2;60;23;102m▓[38;2;46;17;77m▒[39m                                                                                                                                                [38;2;46;17;77m▒[38;2;60;23;102m▓[38;2;75;28;126m▓[38;2;90;34;151m█[38;2;105;40;176m█[39m[48;2;20;20;20m                  
                  [38;2;105;40;176m[48;2;30;30;30m█[38;2;90;34;151m█[38;2;75;28;126m▓[38;2;60;23;102m▓[38;2;46;17;77m▒[39m                                                                                                                                                [38;2;46;17;77m▒[38;2;60;23;102m▓[38;2;75;28;126m▓[38;2;90;34;151m█[38;2;105;40;176m█[39m[48;2;20;20;20m                  
                  [38;2;105;40;176m[48;2;30;30;30m█[38;2;90;34;151m█[38;2;75;28;126m▓[38;2;60;23;102m▓[38;2;46;17;77m▒[39m                                                                                                                                                [38;2;46;17;77m▒[38;2;60;23;102m▓[38;2;75;28;126m▓[38;2;90;34;151m█[38;2;105;40;176m█[39m[48;2;20;20;20m                  
                  [38;2;105;40;176m[48;2;30;30;30m█[38;2;90;34;151m█[38;2;75;28;126m▓[38;2;60;23;102m▓[38;2;46;17;77m▒[39m                                                                                                                                                [38;2;46;17;77m▒[38;2;60;23;102m▓[38;2;75;28;126m▓[38;2;90;34;151m█[38;2;105;40;176m█[39m[48;2;20;20;20m                  
                  [38;2;105;40;176m[48;2;30;30;30m█[38;2;90;34;151m█[38;2;75;28;126m▓[38;2;60;23;102m▓[38;2;46;17;77m▒[39m                                                                                                                                                [38;2;46;17;77m▒[38;2;60;23;102m▓[38;2;75;28;126m▓[38;2;90;34;151m█[38;2;105;40;176m█[39m[48;2;20;20;20m                  
                  [38;2;105;40;176m[48;2;30;30;30m█[38;2;90;34;151m█[38;2;75;28;126m▓[38;2;68;26;114m▓▓▓▓▓▓▓▓▓▓▓▓▓▓▓▓▓▓▓▓▓▓▓▓▓▓▓▓▓▓▓▓▓▓▓▓▓▓▓▓▓▓▓▓▓▓▓▓▓▓▓▓▓▓▓▓▓▓▓▓▓▓▓▓▓▓▓▓▓▓▓▓▓▓▓▓▓▓▓▓▓▓▓▓▓▓▓▓▓▓▓▓▓▓▓▓▓▓▓▓▓▓▓▓▓▓▓▓▓▓▓▓▓▓▓▓▓▓▓▓▓▓▓▓▓▓▓▓▓▓▓▓▓▓▓▓▓▓▓▓▓▓▓▓▓▓▓▓[38;2;75;28;126m▓[38;2;90;34;151m█[38;2;105;40;176m█[39m[48;2;20;20;20m                  
                  [38;2;105;40;176m[48;2;30;30;30m██████████████████████████████████████████████████████████████████████████████████████████████████████████████████████████████████████████████████████████[39m[48;2;20;20;20m                  
                                                                                                                                                                                              
                                                                                                                                                                                              
