[48;2;47;11;7m                                                                                                                                                                                              
                                                                                                                                                                                              
                  [38;2;40;70;125m[48;2;67;16;10m██████████████████████████████████████████████████████████████████████████████████████████████████████████████████████████████████████████████████████████[39m[48;2;47;11;7m                  
                  [38;2;40;70;125m[48;2;67;16;10m█[38;2;34;60;107m█[38;2;28;50;90m▓[38;2;26;45;81m▓▓▓▓▓▓▓▓▓▓▓▓▓▓▓▓▓▓▓▓▓▓▓▓▓▓▓▓▓▓▓▓▓▓▓▓▓▓▓▓▓▓▓▓▓▓▓▓▓▓▓▓▓▓▓▓▓▓▓▓▓▓▓▓▓▓▓▓▓▓▓▓▓▓▓▓▓▓▓▓▓▓▓▓▓▓▓▓▓▓▓▓▓▓▓▓▓▓▓▓▓▓▓▓▓▓▓▓▓▓▓▓▓▓▓▓▓▓▓▓▓▓▓▓▓▓▓▓▓▓▓▓▓▓▓▓▓▓▓▓▓▓▓▓▓▓▓▓[38;2;28;50;90m▓[38;2;34;60;107m█[38;2;40;70;125m█[39m[48;2;47;11;7m                  
                  [38;2;40;70;125m[48;2;67;16;10m█[38;2;34;60;107m█[38;2;28;50;90m▓[38;2;23;40;72m▓[38;2;17;30;55m▒[38;2;101;160;48m⣿[38;2;39;144;58m⣿[38;2;0;98;119m⣷[39m                                                                                                                                             [38;2;17;30;55m▒[38;2;23;40;72m▓[38;2;28;50;90m▓[38;2;34;60;107m█[38;2;40;70;125m█[39m[48;2;47;11;7m                  
                  [38;2;40;70;125m[48;2;67;16;10m█[38;2;34;60;107m█[38;2;28;50;90m▓[38;2;23;40;72m▓[38;2;17;30;55m▒[38;2;93;158;50m⣿[38;2;47;146;57m⣿[38;2;1;113;101m⣿[38;2;70;44;111m⣷[39m                                                                                                                                            [38;2;17;30;55m▒[38;2;23;40;72m▓[38;2;28;50;90m▓[38;2;34;60;107m█[38;2;40;70;125m█[39m[48;2;47;11;7m                  
                  [38;2;40;70;125m[48;2;67;16;10m█[38;2;34;60;107m█[38;2;28;50;90m▓[38;2;23;40;72m▓[38;2;17;30;55m▒[38;2;25;141;59m⣿⣿[38;2;6;137;61m⣿[38;2;0;105;113m⣿[38;2;41;58;121m⣷[39m                                                                                                                         [38;2;81;27;38m⣀[38;2;81;27;37m⣠[38;2;80;27;32m⡄[39m               [38;2;17;30;55m▒[38;2;23;40;72m▓[38;2;28;50;90m▓[38;2;34;60;107m█[38;2;40;70;125m█[39m[48;2;47;11;7m                  
                  [38;2;40;70;125m[48;2;67;16;10m█[38;2;34;60;107m█[38;2;28;50;90m▓[38;2;23;40;72m▓[38;2;17;30;55m▒[38;2;0;108;110m⣼[38;2;37;144;58m⣿[38;2;111;164;46m⣿[38;2;134;172;41m⣿[38;2;97;159;49m⣿[38;2;3;127;77m⣷[38;2;42;57;121m⡆[39m                                                                                                                      [38;2;81;27;35m⣿[38;2;82;27;40m⣿[38;2;82;27;39m⣿[38;2;81;27;33m⣿[39m               [38;2;17;30;55m▒[38;2;23;40;72m▓[38;2;28;50;90m▓[38;2;34;60;107m█[38;2;40;70;125m█[39m[48;2;47;11;7m                  
                  [38;2;40;70;125m[48;2;67;16;10m█[38;2;34;60;107m█[38;2;28;50;90m▓[38;2;23;40;72m▓[38;2;17;30;55m▒[38;2;56;51;116m⣼[38;2;16;139;60m⣿[38;2;149;177;40m⣿[38;2;198;195;45m⣿[38;2;193;193;44m⣿[38;2;135;172;41m⣿[38;2;4;131;71m⣿[38;2;78;36;87m⣇[39m                                                                                                                                        [38;2;17;30;55m▒[38;2;23;40;72m▓[38;2;28;50;90m▓[38;2;34;60;107m█[38;2;40;70;125m█[39m[48;2;47;11;7m                  
                  [38;2;40;70;125m[48;2;67;16;10m█[38;2;34;60;107m█[38;2;28;50;90m▓[38;2;23;40;72m▓[38;2;17;30;55m▒[39m [38;2;2;120;89m⣿[38;2;140;174;41m⣿[38;2;214;201;50m⣿[38;2;231;207;59m⣿[38;2;192;192;43m⣿[38;2;95;158;49m⣿[38;2;37;59;123m⣿[39m                                                                                                                                        [38;2;17;30;55m▒[38;2;23;40;72m▓[38;2;28;50;90m▓[38;2;34;60;107m█[38;2;40;70;125m█[39m[48;2;47;11;7m                  
                  [38;2;40;70;125m[48;2;67;16;10m█[38;2;34;60;107m█[38;2;28;50;90m▓[38;2;23;40;72m▓[38;2;17;30;55m▒[39m [38;2;14;70;131m⢸[38;2;42;145;57m⣿[38;2;151;178;39m⣿[38;2;191;192;43m⣿[38;2;171;184;38m⣿[38;2;99;160;49m⣿[38;2;0;83;131m⣿[38;2;85;28;62m⡇[39m                                                                                                                                       [38;2;17;30;55m▒[38;2;23;40;72m▓[38;2;28;50;90m▓[38;2;34;60;107m█[38;2;40;70;125m█[39m[48;2;47;11;7m                  
                  [38;2;40;70;125m[48;2;67;16;10m█[38;2;34;60;107m█[38;2;28;50;90m▓[38;2;23;40;72m▓[38;2;17;30;55m▒[39m  [38;2;26;64;126m⢻[38;2;4;132;70m⣿[38;2;95;158;49m⣿[38;2;105;162;47m⣿[38;2;43;145;57m⣿[38;2;0;94;122m⣿[38;2;77;37;91m⣿[39m                                                                                                                                       [38;2;17;30;55m▒[38;2;23;40;72m▓[38;2;28;50;90m▓[38;2;34;60;107m█[38;2;40;70;125m█[39m[48;2;47;11;7m                  
                  [38;2;40;70;125m[48;2;67;16;10m█[38;2;34;60;107m█[38;2;28;50;90m▓[38;2;23;40;72m▓[38;2;17;30;55m▒[39m   [38;2;80;34;81m⠹[38;2;35;60;123m⣿[38;2;0;96;120m⣿[38;2;0;109;109m⣿[38;2;0;96;120m⣿[38;2;43;57;121m⣿[38;2;84;30;70m⡆[39m                                                                                                                                      [38;2;17;30;55m▒[38;2;23;40;72m▓[38;2;28;50;90m▓[38;2;34;60;107m█[38;2;40;70;125m█[39m[48;2;47;11;7m                  
                  [38;2;40;70;125m[48;2;67;16;10m█[38;2;34;60;107m█[38;2;28;50;90m▓[38;2;23;40;72m▓[38;2;17;30;55m▒[39m     [38;2;72;42;105m⢿[38;2;2;75;135m⣿[38;2;0;101;117m⣿[38;2;0;105;113m⣿[38;2;0;87;128m⣿[38;2;57;50;116m⣆[39m                                                                                                                                     [38;2;17;30;55m▒[38;2;23;40;72m▓[38;2;28;50;90m▓[38;2;34;60;107m█[38;2;40;70;125m█[39m[48;2;47;11;7m                  
                  [38;2;40;70;125m[48;2;67;16;10m█[38;2;34;60;107m█[38;2;28;50;90m▓[38;2;23;40;72m▓[38;2;17;30;55m▒[39m      [38;2;71;43;106m⢻[38;2;0;102;116m⣿[38;2;59;148;55m⣿[38;2;108;163;46m⣿[38;2;88;156;51m⣿[38;2;2;120;90m⣷[38;2;69;45;112m⡆[39m                                                                                                                                   [38;2;17;30;55m▒[38;2;23;40;72m▓[38;2;28;50;90m▓[38;2;34;60;107m█[38;2;40;70;125m█[39m[48;2;47;11;7m                  
                  [38;2;40;70;125m[48;2;67;16;10m█[38;2;34;60;107m█[38;2;28;50;90m▓[38;2;23;40;72m▓[38;2;17;30;55m▒[39m      [38;2;85;29;67m⠸[38;2;0;85;129m⣿[38;2;97;159;49m⣿[38;2;169;184;38m⣿[38;2;185;190;41m⣿[38;2;141;174;40m⣿[38;2;23;141;59m⣿[38;2;15;69;130m⣷[39m                                                                                                                                  [38;2;17;30;55m▒[38;2;23;40;72m▓[38;2;28;50;90m▓[38;2;34;60;107m█[38;2;40;70;125m█[39m[48;2;47;11;7m                  
                  [38;2;40;70;125m[48;2;67;16;10m█[38;2;34;60;107m█[38;2;28;50;90m▓[38;2;23;40;72m▓[38;2;17;30;55m▒[39m       [38;2;53;52;117m⢸[38;2;57;148;55m⣿[38;2;171;184;38m⣿[38;2;215;201;51m⣿[38;2;206;198;47m⣿[38;2;148;177;40m⣿[38;2;17;139;60m⣿[38;2;46;55;120m⣷[39m                                                                                                                                 [38;2;17;30;55m▒[38;2;23;40;72m▓[38;2;28;50;90m▓[38;2;34;60;107m█[38;2;40;70;125m█[39m[48;2;47;11;7m                  
                  [38;2;40;70;125m[48;2;67;16;10m█[38;2;34;60;107m█[38;2;28;50;90m▓[38;2;23;40;72m▓[38;2;17;30;55m▒[39m        [38;2;0;93;123m⢿[38;2;86;155;52m⣿[38;2;167;183;38m⣿[38;2;191;192;43m⣿[38;2;173;185;38m⣿[38;2;113;165;45m⣿[38;2;2;121;89m⣿[38;2;44;56;120m⣷[39m                                                                                                                                [38;2;17;30;55m▒[38;2;23;40;72m▓[38;2;28;50;90m▓[38;2;34;60;107m█[38;2;40;70;125m█[39m[48;2;47;11;7m                  
                  [38;2;40;70;125m[48;2;67;16;10m█[38;2;34;60;107m█[38;2;28;50;90m▓[38;2;23;40;72m▓[38;2;17;30;55m▒[39m        [38;2;84;30;71m⠈[38;2;0;86;128m⢿[38;2;29;142;59m⣿[38;2;114;165;45m⣿[38;2;128;170;42m⣿[38;2;107;163;47m⣿[38;2;30;142;58m⣿[38;2;0;102;116m⣿[38;2;60;49;115m⣷[38;2;85;28;62m⡄[39m                                                                                                                              [38;2;17;30;55m▒[38;2;23;40;72m▓[38;2;28;50;90m▓[38;2;34;60;107m█[38;2;40;70;125m█[39m[48;2;47;11;7m                  
                  [38;2;40;70;125m[48;2;67;16;10m█[38;2;34;60;107m█[38;2;28;50;90m▓[38;2;23;40;72m▓[38;2;17;30;55m▒[39m          [38;2;75;39;95m⠻[38;2;0;79;134m⢿[38;2;1;119;92m⣿[38;2;11;138;61m⣿[38;2;4;136;63m⣿[38;2;1;115;98m⣿[38;2;0;88;127m⣿[38;2;33;61;124m⣿[38;2;74;40;99m⣦[38;2;85;28;63m⡄[39m                                                                                                                            [38;2;17;30;55m▒[38;2;23;40;72m▓[38;2;28;50;90m▓[38;2;34;60;107m█[38;2;40;70;125m█[39m[48;2;47;11;7m                  
                  [38;2;40;70;125m[48;2;67;16;10m█[38;2;34;60;107m█[38;2;28;50;90m▓[38;2;23;40;72m▓[38;2;17;30;55m▒[39m            [38;2;78;36;87m⠹[38;2;38;59;122m⢿[38;2;0;82;131m⣿[38;2;0;92;124m⣿[38;2;0;90;125m⣿[38;2;0;84;130m⣿[38;2;4;74;134m⣿[38;2;41;58;121m⣿[38;2;73;41;102m⣷[38;2;82;32;76m⣄[39m                                                                                                                          [38;2;17;30;55m▒[38;2;23;40;72m▓[38;2;28;50;90m▓[38;2;34;60;107m█[38;2;40;70;125m█[39m[48;2;47;11;7m                  
                  [38;2;40;70;125m[48;2;67;16;10m█[38;2;34;60;107m█[38;2;28;50;90m▓[38;2;23;40;72m▓[38;2;17;30;55m▒[39m              [38;2;85;29;67m⠘[38;2;73;41;102m⢿[38;2;34;61;124m⣿[38;2;6;74;133m⣿⣿[38;2;23;66;128m⣿[38;2;37;59;123m⣿[38;2;43;56;120m⣿[38;2;53;52;117m⣿[38;2;71;43;108m⣷[38;2;76;38;92m⣦[38;2;80;34;83m⣄[39m                                                     [38;2;70;44;110m⣀[38;2;53;52;117m⣀[38;2;44;56;120m⣀[38;2;53;52;117m⣀[39m                                                             [38;2;17;30;55m▒[38;2;23;40;72m▓[38;2;28;50;90m▓[38;2;34;60;107m█[38;2;40;70;125m█[39m[48;2;47;11;7m                  
                  [38;2;40;70;125m[48;2;67;16;10m█[38;2;34;60;107m█[38;2;28;50;90m▓[38;2;23;40;72m▓[38;2;17;30;55m▒[39m                 [38;2;78;36;87m⠘[38;2;71;43;108m⠿[38;2;57;50;116m⣿[38;2;49;54;119m⣿[38;2;41;57;121m⣿[38;2;42;57;121m⣿[38;2;52;52;117m⣿[38;2;55;51;117m⣿[38;2;38;59;122m⣿[38;2;23;66;127m⣿[38;2;28;64;126m⣿[38;2;54;51;117m⣷[38;2;74;40;97m⣶[38;2;81;33;77m⣤[38;2;85;28;63m⣀[39m                                           [38;2;84;28;57m⢰[38;2;70;44;110m⣿[38;2;0;80;133m⣿[38;2;0;113;102m⣿[38;2;13;138;61m⣿[38;2;77;153;53m⣿[38;2;105;162;47m⣿[38;2;107;162;47m⣿[38;2;89;156;51m⣿[38;2;53;147;56m⣿[38;2;34;143;58m⣿[38;2;52;147;56m⣿[38;2;84;154;52m⣿[38;2;100;160;48m⣿[38;2;105;162;47m⣿[38;2;103;161;47m⣿[38;2;101;160;48m⣿[38;2;93;158;50m⣿[38;2;81;153;53m⣿[38;2;47;146;57m⣿[38;2;5;137;61m⣿[38;2;1;117;95m⣷[38;2;0;96;120m⣶[38;2;0;77;135m⣶[38;2;32;62;124m⣶[38;2;59;49;115m⣶[38;2;72;42;104m⣦[38;2;78;36;86m⣄[39m                                         [38;2;17;30;55m▒[38;2;23;40;72m▓[38;2;28;50;90m▓[38;2;34;60;107m█[38;2;40;70;125m█[39m[48;2;47;11;7m                  
                  [38;2;40;70;125m[48;2;67;16;10m█[38;2;34;60;107m█[38;2;28;50;90m▓[38;2;23;40;72m▓[38;2;17;30;55m▒[39m                    [38;2;83;31;72m⠘[38;2;75;39;95m⠻[38;2;70;44;109m⠿[38;2;68;45;112m⣿[38;2;58;50;115m⣿[38;2;33;61;124m⣿[38;2;11;71;132m⣿[38;2;8;73;133m⣿[38;2;24;65;127m⣿[38;2;47;55;119m⣿[38;2;62;48;114m⣿[38;2;70;44;111m⣿[38;2;71;43;106m⣿[38;2;77;37;89m⣷[38;2;85;28;64m⣦[39m                                        [38;2;85;28;61m⢸[38;2;60;49;115m⣿[38;2;0;89;126m⣿[38;2;2;124;83m⣿[38;2;53;147;56m⣿[38;2;110;164;46m⣿[38;2;141;174;40m⣿[38;2;148;177;40m⣿[38;2;139;174;41m⣿[38;2;124;168;43m⣿[38;2;122;168;43m⣿[38;2;144;175;40m⣿[38;2;173;185;38m⣿[38;2;192;192;43m⣿[38;2;199;195;45m⣿[38;2;198;195;45m⣿[38;2;197;194;45m⣿[38;2;193;193;44m⣿[38;2;188;191;42m⣿[38;2;179;187;40m⣿[38;2;167;183;38m⣿[38;2;154;179;39m⣿[38;2;141;174;40m⣿[38;2;131;171;41m⣿[38;2;122;168;43m⣿[38;2;116;166;45m⣿[38;2;111;164;46m⣿[38;2;99;160;48m⣿[38;2;59;149;55m⣿[38;2;3;126;80m⣷[38;2;0;87;128m⣶[38;2;40;58;122m⣶[38;2;71;43;108m⣤[38;2;76;38;93m⣄[39m                                   [38;2;17;30;55m▒[38;2;23;40;72m▓[38;2;28;50;90m▓[38;2;34;60;107m█[38;2;40;70;125m█[39m[48;2;47;11;7m                  
                  [38;2;40;70;125m[48;2;67;16;10m█[38;2;34;60;107m█[38;2;28;50;90m▓[38;2;23;40;72m▓[38;2;17;30;55m▒[39m                        [38;2;85;29;66m⠘[38;2;76;38;94m⠻[38;2;60;49;115m⠿[38;2;43;57;121m⣿[38;2;45;56;120m⣿[38;2;57;50;116m⣿[38;2;62;48;114m⣿[38;2;61;48;114m⣿[38;2;54;51;117m⣿[38;2;65;46;113m⣿[38;2;76;38;93m⣿[38;2;85;28;61m⣿[39m                                       [38;2;83;28;50m⠈[38;2;75;39;96m⠻[38;2;15;69;130m⣿[38;2;0;105;113m⣿[38;2;5;137;61m⣿[38;2;82;154;52m⣿[38;2;118;166;44m⣿[38;2;129;170;42m⣿[38;2;123;168;43m⣿[38;2;111;164;46m⣿[38;2;113;165;45m⣿[38;2;139;174;41m⣿[38;2;171;184;38m⣿[38;2;193;193;44m⣿[38;2;203;197;46m⣿[38;2;206;198;47m⣿[38;2;210;199;48m⣿[38;2;211;200;49m⣿⣿[38;2;207;198;48m⣿[38;2;202;196;46m⣿[38;2;194;193;44m⣿[38;2;188;191;42m⣿[38;2;185;190;41m⣿[38;2;187;190;42m⣿[38;2;193;193;44m⣿[38;2;198;195;45m⣿[38;2;196;194;44m⣿[38;2;176;186;39m⣿[38;2;138;173;41m⣿[38;2;77;153;53m⣿[38;2;4;136;62m⣿[38;2;2;122;87m⣿[38;2;1;114;100m⣿[38;2;0;97;120m⣿[38;2;27;64;126m⣿[38;2;82;32;76m⣆[39m                                [38;2;17;30;55m▒[38;2;23;40;72m▓[38;2;28;50;90m▓[38;2;34;60;107m█[38;2;40;70;125m█[39m[48;2;47;11;7m                  
                  [38;2;40;70;125m[48;2;67;16;10m█[38;2;34;60;107m█[38;2;28;50;90m▓[38;2;23;40;72m▓[38;2;17;30;55m▒[39m                              [38;2;81;33;77m⠙[38;2;77;37;90m⠿[38;2;72;42;105m⢿[38;2;70;44;110m⣿[38;2;74;40;100m⣿[38;2;84;30;71m⣿[39m                                          [38;2;84;30;71m⠈[38;2;74;40;99m⠙[38;2;41;58;121m⠿[38;2;0;78;134m⠿[38;2;0;91;125m⠿[38;2;0;97;120m⢿[38;2;0;101;116m⣿[38;2;0;112;104m⣿[38;2;4;133;68m⣿[38;2;62;149;55m⣿[38;2;99;160;48m⣿[38;2;115;165;45m⣿[38;2;121;168;43m⣿[38;2;129;170;42m⣿[38;2;136;173;41m⣿[38;2;142;175;40m⣿[38;2;149;177;40m⣿[38;2;154;179;39m⣿[38;2;157;180;39m⣿[38;2;160;181;39m⣿[38;2;165;182;38m⣿[38;2;175;186;38m⣿[38;2;186;190;42m⣿[38;2;194;193;44m⣿[38;2;195;194;44m⣿[38;2;177;187;39m⣿[38;2;142;175;40m⣿[38;2;87;155;51m⣿[38;2;23;140;59m⣿[38;2;3;130;73m⣿[38;2;2;124;83m⣿[38;2;0;108;111m⣿[38;2;4;74;134m⣿[38;2;78;36;86m⣿[39m                                [38;2;17;30;55m▒[38;2;23;40;72m▓[38;2;28;50;90m▓[38;2;34;60;107m█[38;2;40;70;125m█[39m[48;2;47;11;7m                  
                  [38;2;40;70;125m[48;2;67;16;10m█[38;2;34;60;107m█[38;2;28;50;90m▓[38;2;23;40;72m▓[38;2;17;30;55m▒[39m                                 [38;2;84;30;70m⢻[38;2;82;32;75m⣿[38;2;85;28;61m⣿[39m                                                   [38;2;81;33;78m⠙[38;2;75;39;97m⠛[38;2;64;47;113m⠛[38;2;36;60;123m⠻[38;2;6;74;133m⠿[38;2;0;87;127m⠿[38;2;0;99;118m⠿[38;2;0;109;109m⣿[38;2;1;117;95m⣿[38;2;2;122;86m⣿[38;2;3;127;78m⣿[38;2;4;134;65m⣿[38;2;33;143;58m⣿[38;2;75;152;53m⣿[38;2;96;158;49m⣿[38;2;104;161;47m⣿[38;2;92;157;50m⣿[38;2;56;148;55m⣿[38;2;4;133;67m⣿[38;2;1;116;97m⣿[38;2;0;108;111m⣿[38;2;0;105;113m⣿[38;2;0;92;123m⣿[38;2;31;62;125m⣿[38;2;82;32;77m⠟[39m                                [38;2;17;30;55m▒[38;2;23;40;72m▓[38;2;28;50;90m▓[38;2;34;60;107m█[38;2;40;70;125m█[39m[48;2;47;11;7m                  
                  [38;2;40;70;125m[48;2;67;16;10m█[38;2;34;60;107m█[38;2;28;50;90m▓[38;2;23;40;72m▓[38;2;17;30;55m▒[39m                                  [38;2;82;27;42m⠘[38;2;81;27;39m⠃[39m                                                                [38;2;84;30;71m⠈[38;2;81;33;78m⠉[38;2;80;34;81m⠉[39m                                         [38;2;17;30;55m▒[38;2;23;40;72m▓[38;2;28;50;90m▓[38;2;34;60;107m█[38;2;40;70;125m█[39m[48;2;47;11;7m                  
                  [38;2;40;70;125m[48;2;67;16;10m█[38;2;34;60;107m█[38;2;28;50;90m▓[38;2;23;40;72m▓[38;2;17;30;55m▒[39m                                                                                                                                                [38;2;17;30;55m▒[38;2;23;40;72m▓[38;2;28;50;90m▓[38;2;34;60;107m█[38;2;40;70;125m█[39m[48;2;47;11;7m                  
                  [38;2;40;70;125m[48;2;67;16;10m█[38;2;34;60;107m█[38;2;28;50;90m▓[38;2;23;40;72m▓[38;2;17;30;55m▒[39m                                                                                                                                                [38;2;17;30;55m▒[38;2;23;40;72m▓[38;2;28;50;90m▓[38;2;34;60;107m█[38;2;40;70;125m█[39m[48;2;47;11;7m                  
                  [38;2;40;70;125m[48;2;67;16;10m█[38;2;34;60;107m█[38;2;28;50;90m▓[38;2;23;40;72m▓[38;2;17;30;55m▒[39m                                                                                                                                                [38;2;17;30;55m▒[38;2;23;40;72m▓[38;2;28;50;90m▓[38;2;34;60;107m█[38;2;40;70;125m█[39m[48;2;47;11;7m                  
                  [38;2;40;70;125m[48;2;67;16;10m█[38;2;34;60;107m█[38;2;28;50;90m▓[38;2;23;40;72m▓[38;2;17;30;55m▒[39m                                                                                                                                                [38;2;17;30;55m▒[38;2;23;40;72m▓[38;2;28;50;90m▓[38;2;34;60;107m█[38;2;40;70;125m█[39m[48;2;47;11;7m                  
                  [38;2;40;70;125m[48;2;67;16;10m█[38;2;34;60;107m█[38;2;28;50;90m▓[38;2;23;40;72m▓[38;2;17;30;55m▒[39m                                                                                                                                                [38;2;17;30;55m▒[38;2;23;40;72m▓[38;2;28;50;90m▓[38;2;34;60;107m█[38;2;40;70;125m█[39m[48;2;47;11;7m                  
                  [38;2;40;70;125m[48;2;67;16;10m█[38;2;34;60;107m█[38;2;28;50;90m▓[38;2;23;40;72m▓[38;2;17;30;55m▒[39m                                                                                                                                                [38;2;17;30;55m▒[38;2;23;40;72m▓[38;2;28;50;90m▓[38;2;34;60;107m█[38;2;40;70;125m█[39m[48;2;47;11;7m                  
                  [38;2;40;70;125m[48;2;67;16;10m█[38;2;34;60;107m█[38;2;28;50;90m▓[38;2;23;40;72m▓[38;2;17;30;55m▒[39m                                                                                                                                                [38;2;17;30;55m▒[38;2;23;40;72m▓[38;2;28;50;90m▓[38;2;34;60;107m█[38;2;40;70;125m█[39m[48;2;47;11;7m                  
                  [38;2;40;70;125m[48;2;67;16;10m█[38;2;34;60;107m█[38;2;28;50;90m▓[38;2;23;40;72m▓[38;2;17;30;55m▒[39m                                                                                                                                                [38;2;17;30;55m▒[38;2;23;40;72m▓[38;2;28;50;90m▓[38;2;34;60;107m█[38;2;40;70;125m█[39m[48;2;47;11;7m                  
                  [38;2;40;70;125m[48;2;67;16;10m█[38;2;34;60;107m█[38;2;28;50;90m▓[38;2;23;40;72m▓[38;2;17;30;55m▒[39m                                                                                                                                                [38;2;17;30;55m▒[38;2;23;40;72m▓[38;2;28;50;90m▓[38;2;34;60;107m█[38;2;40;70;125m█[39m[48;2;47;11;7m                  
                  [38;2;40;70;125m[48;2;67;16;10m█[38;2;34;60;107m█[38;2;28;50;90m▓[38;2;23;40;72m▓[38;2;17;30;55m▒[39m                                                                                                                                                [38;2;17;30;55m▒[38;2;23;40;72m▓[38;2;28;50;90m▓[38;2;34;60;107m█[38;2;40;70;125m█[39m[48;2;47;11;7m                  
                  [38;2;40;70;125m[48;2;67;16;10m█[38;2;34;60;107m█[38;2;28;50;90m▓[38;2;23;40;72m▓[38;2;17;30;55m▒[39m                                                                                                                                                [38;2;17;30;55m▒[38;2;23;40;72m▓[38;2;28;50;90m▓[38;2;34;60;107m█[38;2;40;70;125m█[39m[48;2;47;11;7m                  
                  [38;2;40;70;125m[48;2;67;16;10m█[38;2;34;60;107m█[38;2;28;50;90m▓[38;2;23;40;72m▓[38;2;17;30;55m▒[39m                                                                                                                                                [38;2;17;30;55m▒[38;2;23;40;72m▓[38;2;28;50;90m▓[38;2;34;60;107m█[38;2;40;70;125m█[39m[48;2;47;11;7m                  
                  [38;2;40;70;125m[48;2;67;16;10m█[38;2;34;60;107m█[38;2;28;50;90m▓[38;2;23;40;72m▓[38;2;17;30;55m▒[39m                                                                                                                                                [38;2;17;30;55m▒[38;2;23;40;72m▓[38;2;28;50;90m▓[38;2;34;60;107m█[38;2;40;70;125m█[39m[48;2;47;11;7m                  
                  [38;2;40;70;125m[48;2;67;16;10m█[38;2;34;60;107m█[38;2;28;50;90m▓[38;2;23;40;72m▓[38;2;17;30;55m▒[39m                                                                                                                                                [38;2;17;30;55m▒[38;2;23;40;72m▓[38;2;28;50;90m▓[38;2;34;60;107m█[38;2;40;70;125m█[39m[48;2;47;11;7m                  
                  [38;2;40;70;125m[48;2;67;16;10m█[38;2;34;60;107m█[38;2;28;50;90m▓[38;2;23;40;72m▓[38;2;17;30;55m▒[39m                                                                                                                                                [38;2;17;30;55m▒[38;2;23;40;72m▓[38;2;28;50;90m▓[38;2;34;60;107m█[38;2;40;70;125m█[39m[48;2;47;11;7m                  
                  [38;2;40;70;125m[48;2;67;16;10m█[38;2;34;60;107m█[38;2;28;50;90m▓[38;2;23;40;72m▓[38;2;17;30;55m▒[39m                                                                                                                                                [38;2;17;30;55m▒[38;2;23;40;72m▓[38;2;28;50;90m▓[38;2;34;60;107m█[38;2;40;70;125m█[39m[48;2;47;11;7m                  
                  [38;2;40;70;125m[48;2;67;16;10m█[38;2;34;60;107m█[38;2;28;50;90m▓[38;2;23;40;72m▓[38;2;17;30;55m▒[39m                                                                                                                                                [38;2;17;30;55m▒[38;2;23;40;72m▓[38;2;28;50;90m▓[38;2;34;60;107m█[38;2;40;70;125m█[39m[48;2;47;11;7m                  
                  [38;2;40;70;125m[48;2;67;16;10m█[38;2;34;60;107m█[38;2;28;50;90m▓[38;2;23;40;72m▓[38;2;17;30;55m▒[39m             [38;2;82;27;41m⣴⣦[39m                                                                                                                                 [38;2;17;30;55m▒[38;2;23;40;72m▓[38;2;28;50;90m▓[38;2;34;60;107m█[38;2;40;70;125m█[39m[48;2;47;11;7m                  
                  [38;2;40;70;125m[48;2;67;16;10m█[38;2;34;60;107m█[38;2;28;50;90m▓[38;2;23;40;72m▓[38;2;17;30;55m▒[39m             [38;2;82;27;41m⢿⣿[39m                                                                                                                                 [38;2;17;30;55m▒[38;2;23;40;72m▓[38;2;28;50;90m▓[38;2;34;60;107m█[38;2;40;70;125m█[39m[48;2;47;11;7m                  
                  [38;2;40;70;125m[48;2;67;16;10m█[38;2;34;60;107m█[38;2;28;50;90m▓[38;2;23;40;72m▓[38;2;17;30;55m▒[39m                                                                                                                                                [38;2;17;30;55m▒[38;2;23;40;72m▓[38;2;28;50;90m▓[38;2;34;60;107m█[38;2;40;70;125m█[39m[48;2;47;11;7m                  
                  [38;2;40;70;125m[48;2;67;16;10m█[38;2;34;60;107m█[38;2;28;50;90m▓[38;2;23;40;72m▓[38;2;17;30;55m▒[39m                                                                                                                                                [38;2;17;30;55m▒[38;2;23;40;72m▓[38;2;28;50;90m▓[38;2;34;60;107m█[38;2;40;70;125m█[39m[48;2;47;11;7m                  
                  [38;2;40;70;125m[48;2;67;16;10m█[38;2;34;60;107m█[38;2;28;50;90m▓[38;2;23;40;72m▓[38;2;17;30;55m▒[39m                                                                                                                                                [38;2;17;30;55m▒[38;2;23;40;72m▓[38;2;28;50;90m▓[38;2;34;60;107m█[38;2;40;70;125m█[39m[48;2;47;11;7m                  
                  [38;2;40;70;125m[48;2;67;16;10m█[38;2;34;60;107m█[38;2;28;50;90m▓[38;2;23;40;72m▓[38;2;17;30;55m▒[39m                                                                                                                                                [38;2;17;30;55m▒[38;2;23;40;72m▓[38;2;28;50;90m▓[38;2;34;60;107m█[38;2;40;70;125m█[39m[48;2;47;11;7m                  
                  [38;2;40;70;125m[48;2;67;16;10m█[38;2;34;60;107m█[38;2;28;50;90m▓[38;2;23;40;72m▓[38;2;17;30;55m▒[39m                                                                                                                                                [38;2;17;30;55m▒[38;2;23;40;72m▓[38;2;28;50;90m▓[38;2;34;60;107m█[38;2;40;70;125m█[39m[48;2;47;11;7m                  
                  [38;2;40;70;125m[48;2;67;16;10m█[38;2;34;60;107m█[38;2;28;50;90m▓[38;2;26;45;81m▓▓▓▓▓▓▓▓▓▓▓▓▓▓▓▓▓▓▓▓▓▓▓▓▓▓▓▓▓▓▓▓▓▓▓▓▓▓▓▓▓▓▓▓▓▓▓▓▓▓▓▓▓▓▓▓▓▓▓▓▓▓▓▓▓▓▓▓▓▓▓▓▓▓▓▓▓▓▓▓▓▓▓▓▓▓▓▓▓▓▓▓▓▓▓▓▓▓▓▓▓▓▓▓▓▓▓▓▓▓▓▓▓▓▓▓▓▓▓▓▓▓▓▓▓▓▓▓▓▓▓▓▓▓▓▓▓▓▓▓▓▓▓▓▓▓▓▓[38;2;28;50;90m▓[38;2;34;60;107m█[38;2;40;70;125m█[39m[48;2;47;11;7m                  
                  [38;2;40;70;125m[48;2;67;16;10m██████████████████████████████████████████████████████████████████████████████████████████████████████████████████████████████████████████████████████████[39m[48;2;47;11;7m                  
                                                                                                                                                                                              
                                                                                                                                                                                              
