[48;2;131;27;17m                                                                                                                                                                                              
                                                                                                                                                                                              
                  [38;2;40;70;125m[48;2;34;29;24m██████████████████████████████████████████████████████████████████████████████████████████████████████████████████████████████████████████████████████████[39m[48;2;131;27;17m                  
                  [38;2;40;70;125m[48;2;34;29;24m█[38;2;34;60;107m█[38;2;28;50;90m▓[38;2;26;45;81m▓▓▓▓▓▓▓▓▓▓▓▓▓▓▓▓▓▓▓▓▓▓▓▓▓▓▓▓▓▓▓▓▓▓▓▓▓▓▓▓▓▓▓▓▓▓▓▓▓▓▓▓▓▓▓▓▓▓▓▓▓▓▓▓▓▓▓▓▓▓▓▓▓▓▓▓▓▓▓▓▓▓▓▓▓▓▓▓▓▓▓▓▓▓▓▓▓▓▓▓▓▓▓▓▓▓▓▓▓▓▓▓▓▓▓▓▓▓▓▓▓▓▓▓▓▓▓▓▓▓▓▓▓▓▓▓▓▓▓▓▓▓▓▓▓▓▓▓[38;2;28;50;90m▓[38;2;34;60;107m█[38;2;40;70;125m█[39m[48;2;131;27;17m                  
                  [38;2;40;70;125m[48;2;34;29;24m█[38;2;34;60;107m█[38;2;28;50;90m▓[38;2;23;40;72m▓[38;2;17;30;55m▒[38;2;101;160;48m⣿[38;2;39;144;58m⣿[38;2;0;98;119m⣷[39m                                                                                                                                             [38;2;17;30;55m▒[38;2;23;40;72m▓[38;2;28;50;90m▓[38;2;34;60;107m█[38;2;40;70;125m█[39m[48;2;131;27;17m                  
                  [38;2;40;70;125m[48;2;34;29;24m█[38;2;34;60;107m█[38;2;28;50;90m▓[38;2;23;40;72m▓[38;2;17;30;55m▒[38;2;93;158;50m⣿[38;2;47;146;56m⣿[38;2;1;114;101m⣿[38;2;68;45;105m⣷[39m                                                                                                                                            [38;2;17;30;55m▒[38;2;23;40;72m▓[38;2;28;50;90m▓[38;2;34;60;107m█[38;2;40;70;125m█[39m[48;2;131;27;17m                  
                  [38;2;40;70;125m[48;2;34;29;24m█[38;2;34;60;107m█[38;2;28;50;90m▓[38;2;23;40;72m▓[38;2;17;30;55m▒[38;2;26;141;59m⣿[38;2;25;141;59m⣿[38;2;4;136;63m⣿[38;2;0;102;116m⣿[38;2;49;54;114m⣷[39m                                                                                                                         [38;2;59;33;40m⣀⣠[38;2;57;33;37m⡄[39m               [38;2;17;30;55m▒[38;2;23;40;72m▓[38;2;28;50;90m▓[38;2;34;60;107m█[38;2;40;70;125m█[39m[48;2;131;27;17m                  
                  [38;2;40;70;125m[48;2;34;29;24m█[38;2;34;60;107m█[38;2;28;50;90m▓[38;2;23;40;72m▓[38;2;17;30;55m▒[38;2;0;108;111m⢸[38;2;25;141;59m⣿[38;2;105;162;47m⣿[38;2;127;170;42m⣿[38;2;94;158;50m⣿[38;2;3;126;80m⣷[38;2;44;56;116m⡆[39m                                                                                                                      [38;2;58;33;39m⣿[38;2;60;33;42m⣿[38;2;60;33;41m⣿[38;2;57;33;37m⡿[39m               [38;2;17;30;55m▒[38;2;23;40;72m▓[38;2;28;50;90m▓[38;2;34;60;107m█[38;2;40;70;125m█[39m[48;2;131;27;17m                  
                  [38;2;40;70;125m[48;2;34;29;24m█[38;2;34;60;107m█[38;2;28;50;90m▓[38;2;23;40;72m▓[38;2;17;30;55m▒[38;2;59;49;109m⣾[38;2;4;134;66m⣿[38;2;142;175;40m⣿[38;2;193;193;44m⣿[38;2;192;192;43m⣿[38;2;134;172;41m⣿[38;2;4;131;71m⣿[38;2;70;39;80m⣇[39m                                                                                                                                        [38;2;17;30;55m▒[38;2;23;40;72m▓[38;2;28;50;90m▓[38;2;34;60;107m█[38;2;40;70;125m█[39m[48;2;131;27;17m                  
                  [38;2;40;70;125m[48;2;34;29;24m█[38;2;34;60;107m█[38;2;28;50;90m▓[38;2;23;40;72m▓[38;2;17;30;55m▒[39m [38;2;0;113;102m⣿[38;2;135;172;41m⣿[38;2;212;200;49m⣿[38;2;233;207;60m⣿[38;2;194;193;44m⣿[38;2;100;160;48m⣿[38;2;30;63;122m⣿[39m                                                                                                                                        [38;2;17;30;55m▒[38;2;23;40;72m▓[38;2;28;50;90m▓[38;2;34;60;107m█[38;2;40;70;125m█[39m[48;2;131;27;17m                  
                  [38;2;40;70;125m[48;2;34;29;24m█[38;2;34;60;107m█[38;2;28;50;90m▓[38;2;23;40;72m▓[38;2;17;30;55m▒[39m [38;2;20;67;126m⢸[38;2;42;145;57m⣿[38;2;151;178;39m⣿[38;2;194;193;44m⣿[38;2;175;186;38m⣿[38;2;105;162;47m⣿[38;2;0;86;128m⣿[38;2;71;33;55m⡇[39m                                                                                                                                       [38;2;17;30;55m▒[38;2;23;40;72m▓[38;2;28;50;90m▓[38;2;34;60;107m█[38;2;40;70;125m█[39m[48;2;131;27;17m                  
                  [38;2;40;70;125m[48;2;34;29;24m█[38;2;34;60;107m█[38;2;28;50;90m▓[38;2;23;40;72m▓[38;2;17;30;55m▒[39m  [38;2;18;68;127m⢻[38;2;4;134;66m⣿[38;2;102;161;48m⣿[38;2;111;164;46m⣿[38;2;56;148;56m⣿[38;2;0;97;120m⣿[38;2;69;40;85m⣿[39m                                                                                                                                       [38;2;17;30;55m▒[38;2;23;40;72m▓[38;2;28;50;90m▓[38;2;34;60;107m█[38;2;40;70;125m█[39m[48;2;131;27;17m                  
                  [38;2;40;70;125m[48;2;34;29;24m█[38;2;34;60;107m█[38;2;28;50;90m▓[38;2;23;40;72m▓[38;2;17;30;55m▒[39m   [38;2;70;38;77m⠹[38;2;27;64;123m⣿[38;2;0;99;118m⣿[38;2;0;111;106m⣿[38;2;0;97;119m⣿[38;2;42;57;117m⣿[38;2;71;34;61m⡆[39m                                                                                                                                      [38;2;17;30;55m▒[38;2;23;40;72m▓[38;2;28;50;90m▓[38;2;34;60;107m█[38;2;40;70;125m█[39m[48;2;131;27;17m                  
                  [38;2;40;70;125m[48;2;34;29;24m█[38;2;34;60;107m█[38;2;28;50;90m▓[38;2;23;40;72m▓[38;2;17;30;55m▒[39m    [38;2;67;33;51m⠈[38;2;68;44;100m⢿[38;2;1;76;135m⣿[38;2;0;99;118m⣿[38;2;0;101;116m⣿[38;2;0;82;131m⣿[38;2;65;47;107m⣆[39m                                                                                                                                     [38;2;17;30;55m▒[38;2;23;40;72m▓[38;2;28;50;90m▓[38;2;34;60;107m█[38;2;40;70;125m█[39m[48;2;131;27;17m                  
                  [38;2;40;70;125m[48;2;34;29;24m█[38;2;34;60;107m█[38;2;28;50;90m▓[38;2;23;40;72m▓[38;2;17;30;55m▒[39m      [38;2;68;44;99m⢻[38;2;0;98;119m⣿[38;2;50;147;56m⣿[38;2;103;161;48m⣿[38;2;84;154;52m⣿[38;2;1;118;94m⣷[38;2;68;45;102m⡆[39m                                                                                                                                   [38;2;17;30;55m▒[38;2;23;40;72m▓[38;2;28;50;90m▓[38;2;34;60;107m█[38;2;40;70;125m█[39m[48;2;131;27;17m                  
                  [38;2;40;70;125m[48;2;34;29;24m█[38;2;34;60;107m█[38;2;28;50;90m▓[38;2;23;40;72m▓[38;2;17;30;55m▒[39m      [38;2;71;33;56m⠸[38;2;0;81;132m⣿[38;2;92;157;50m⣿[38;2;166;183;38m⣿[38;2;183;189;41m⣿[38;2;141;174;40m⣿[38;2;22;140;59m⣿[38;2;11;71;130m⣷[39m                                                                                                                                  [38;2;17;30;55m▒[38;2;23;40;72m▓[38;2;28;50;90m▓[38;2;34;60;107m█[38;2;40;70;125m█[39m[48;2;131;27;17m                  
                  [38;2;40;70;125m[48;2;34;29;24m█[38;2;34;60;107m█[38;2;28;50;90m▓[38;2;23;40;72m▓[38;2;17;30;55m▒[39m       [38;2;57;50;110m⢸[38;2;52;147;56m⣿[38;2;171;184;38m⣿[38;2;215;201;51m⣿[38;2;208;198;48m⣿[38;2;150;177;40m⣿[38;2;25;141;59m⣿[38;2;42;57;117m⣷[39m                                                                                                                                 [38;2;17;30;55m▒[38;2;23;40;72m▓[38;2;28;50;90m▓[38;2;34;60;107m█[38;2;40;70;125m█[39m[48;2;131;27;17m                  
                  [38;2;40;70;125m[48;2;34;29;24m█[38;2;34;60;107m█[38;2;28;50;90m▓[38;2;23;40;72m▓[38;2;17;30;55m▒[39m        [38;2;0;91;124m⢿[38;2;87;155;51m⣿[38;2;168;183;38m⣿[38;2;194;193;44m⣿[38;2;176;186;39m⣿[38;2;118;166;44m⣿[38;2;2;122;86m⣿[38;2;40;58;117m⣷[39m                                                                                                                                [38;2;17;30;55m▒[38;2;23;40;72m▓[38;2;28;50;90m▓[38;2;34;60;107m█[38;2;40;70;125m█[39m[48;2;131;27;17m                  
                  [38;2;40;70;125m[48;2;34;29;24m█[38;2;34;60;107m█[38;2;28;50;90m▓[38;2;23;40;72m▓[38;2;17;30;55m▒[39m        [38;2;71;35;63m⠈[38;2;0;89;126m⢿[38;2;35;143;58m⣿[38;2;120;167;44m⣿[38;2;132;171;41m⣿[38;2;113;165;45m⣿[38;2;36;143;58m⣿[38;2;0;103;115m⣿[38;2;57;50;110m⣷[38;2;70;33;54m⡄[39m                                                                                                                              [38;2;17;30;55m▒[38;2;23;40;72m▓[38;2;28;50;90m▓[38;2;34;60;107m█[38;2;40;70;125m█[39m[48;2;131;27;17m                  
                  [38;2;40;70;125m[48;2;34;29;24m█[38;2;34;60;107m█[38;2;28;50;90m▓[38;2;23;40;72m▓[38;2;17;30;55m▒[39m          [38;2;69;42;91m⠻[38;2;0;82;131m⣿[38;2;2;122;87m⣿[38;2;18;139;60m⣿[38;2;8;137;61m⣿[38;2;1;117;95m⣿[38;2;0;89;126m⣿[38;2;31;62;121m⣿[38;2;69;42;93m⣦[38;2;71;33;55m⡄[39m                                                                                                                            [38;2;17;30;55m▒[38;2;23;40;72m▓[38;2;28;50;90m▓[38;2;34;60;107m█[38;2;40;70;125m█[39m[48;2;131;27;17m                  
                  [38;2;40;70;125m[48;2;34;29;24m█[38;2;34;60;107m█[38;2;28;50;90m▓[38;2;23;40;72m▓[38;2;17;30;55m▒[39m            [38;2;69;40;82m⠹[38;2;31;62;122m⢿[38;2;0;85;129m⣿[38;2;0;94;122m⣿[38;2;0;91;124m⣿[38;2;0;85;129m⣿[38;2;3;75;134m⣿[38;2;37;59;119m⣿[38;2;68;43;96m⣷[38;2;71;36;68m⣆[39m                                                                                                                          [38;2;17;30;55m▒[38;2;23;40;72m▓[38;2;28;50;90m▓[38;2;34;60;107m█[38;2;40;70;125m█[39m[48;2;131;27;17m                  
                  [38;2;40;70;125m[48;2;34;29;24m█[38;2;34;60;107m█[38;2;28;50;90m▓[38;2;23;40;72m▓[38;2;17;30;55m▒[39m              [38;2;71;34;60m⠘[38;2;68;43;97m⢿[38;2;31;62;121m⣿[38;2;4;75;134m⣿[38;2;3;75;134m⣿[38;2;19;68;127m⣿[38;2;33;61;121m⣿[38;2;41;57;117m⣿[38;2;52;52;112m⣿[38;2;68;44;101m⣷[38;2;69;40;84m⣦[38;2;70;38;75m⣄[39m                                                     [38;2;68;45;104m⣀[38;2;50;53;113m⣀[38;2;43;57;116m⣀[38;2;52;52;112m⣀[39m                                                             [38;2;17;30;55m▒[38;2;23;40;72m▓[38;2;28;50;90m▓[38;2;34;60;107m█[38;2;40;70;125m█[39m[48;2;131;27;17m                  
                  [38;2;40;70;125m[48;2;34;29;24m█[38;2;34;60;107m█[38;2;28;50;90m▓[38;2;23;40;72m▓[38;2;17;30;55m▒[39m                 [38;2;70;39;80m⠘[38;2;68;45;104m⠿[38;2;52;53;112m⣿[38;2;44;56;116m⣿[38;2;39;58;118m⣿[38;2;42;57;117m⣿[38;2;52;53;112m⣿[38;2;52;52;112m⣿[38;2;35;60;120m⣿[38;2;21;67;126m⣿[38;2;28;64;123m⣿[38;2;56;51;111m⣷[38;2;69;41;88m⣶[38;2;71;36;68m⣤[38;2;70;33;55m⣀[39m                                           [38;2;68;33;52m⢰[38;2;68;45;105m⣿[38;2;0;81;132m⣿[38;2;1;114;101m⣿[38;2;16;139;60m⣿[38;2;80;153;53m⣿[38;2;106;162;47m⣿⣿[38;2;88;156;51m⣿[38;2;52;147;56m⣿[38;2;36;143;58m⣿[38;2;57;148;55m⣿[38;2;87;155;51m⣿[38;2;102;161;48m⣿[38;2;105;162;47m⣿[38;2;103;161;48m⣿[38;2;101;160;48m⣿[38;2;92;157;50m⣿[38;2;79;153;53m⣿[38;2;46;146;57m⣿[38;2;5;137;61m⣿[38;2;1;117;95m⣷[38;2;0;96;120m⣶[38;2;0;78;134m⣶[38;2;28;64;123m⣶[38;2;54;52;112m⣶[38;2;68;44;99m⣦[38;2;70;39;79m⣄[39m                                         [38;2;17;30;55m▒[38;2;23;40;72m▓[38;2;28;50;90m▓[38;2;34;60;107m█[38;2;40;70;125m█[39m[48;2;131;27;17m                  
                  [38;2;40;70;125m[48;2;34;29;24m█[38;2;34;60;107m█[38;2;28;50;90m▓[38;2;23;40;72m▓[38;2;17;30;55m▒[39m                    [38;2;71;35;64m⠘[38;2;69;41;89m⠻[38;2;68;45;102m⠿[38;2;67;46;106m⣿[38;2;55;51;111m⣿[38;2;30;63;122m⣿[38;2;10;72;131m⣿[38;2;9;72;131m⣿[38;2;27;64;123m⣿[38;2;49;54;114m⣿[38;2;62;48;108m⣿[38;2;67;46;106m⣿[38;2;68;44;101m⣿[38;2;69;40;83m⣷[38;2;71;34;57m⣦[39m                                        [38;2;70;33;54m⢸[38;2;57;50;110m⣿[38;2;0;89;126m⣿[38;2;3;125;81m⣿[38;2;56;148;55m⣿[38;2;111;164;46m⣿[38;2;141;174;40m⣿[38;2;148;177;40m⣿[38;2;139;174;41m⣿[38;2;123;168;43m⣿⣿[38;2;148;177;40m⣿[38;2;175;186;39m⣿[38;2;194;193;44m⣿[38;2;199;195;45m⣿[38;2;198;195;45m⣿[38;2;197;194;45m⣿[38;2;193;193;44m⣿[38;2;188;191;42m⣿[38;2;178;187;39m⣿[38;2;167;183;38m⣿[38;2;154;179;39m⣿[38;2;141;174;40m⣿[38;2;131;171;41m⣿[38;2;123;168;43m⣿[38;2;117;166;44m⣿[38;2;111;164;46m⣿[38;2;98;159;49m⣿[38;2;53;147;56m⣿[38;2;2;123;85m⣷[38;2;0;84;130m⣶[38;2;41;58;117m⣶[38;2;68;44;101m⣤[38;2;69;40;84m⣄[39m                                   [38;2;17;30;55m▒[38;2;23;40;72m▓[38;2;28;50;90m▓[38;2;34;60;107m█[38;2;40;70;125m█[39m[48;2;131;27;17m                  
                  [38;2;40;70;125m[48;2;34;29;24m█[38;2;34;60;107m█[38;2;28;50;90m▓[38;2;23;40;72m▓[38;2;17;30;55m▒[39m                        [38;2;71;34;59m⠘[38;2;69;41;88m⠻[38;2;58;50;110m⠿[38;2;43;57;116m⣿[38;2;47;55;114m⣿[38;2;58;50;110m⣿[38;2;62;48;108m⣿[38;2;59;49;109m⣿[38;2;52;53;112m⣿[38;2;63;48;108m⣿[38;2;69;41;87m⣿[38;2;70;33;55m⣿[39m                                       [38;2;65;33;48m⠈[38;2;69;42;90m⠿[38;2;13;70;129m⣿[38;2;0;106;113m⣿[38;2;8;137;61m⣿[38;2;83;154;52m⣿[38;2;118;166;44m⣿[38;2;129;170;42m⣿[38;2;123;168;43m⣿[38;2;111;164;46m⣿[38;2;115;165;45m⣿[38;2;143;175;40m⣿[38;2;174;185;38m⣿[38;2;195;193;44m⣿[38;2;203;197;46m⣿[38;2;206;198;47m⣿[38;2;209;199;48m⣿[38;2;211;200;49m⣿[38;2;210;199;48m⣿[38;2;207;198;48m⣿[38;2;202;196;46m⣿[38;2;194;193;44m⣿[38;2;188;191;42m⣿[38;2;186;190;42m⣿[38;2;189;191;42m⣿[38;2;195;194;44m⣿[38;2;199;195;45m⣿[38;2;195;194;44m⣿[38;2;173;185;38m⣿[38;2;133;172;41m⣿[38;2;69;151;54m⣿[38;2;4;135;64m⣿[38;2;2;121;89m⣿[38;2;0;113;103m⣿[38;2;0;95;121m⣿[38;2;30;62;122m⣿[38;2;71;36;67m⣆[39m                                [38;2;17;30;55m▒[38;2;23;40;72m▓[38;2;28;50;90m▓[38;2;34;60;107m█[38;2;40;70;125m█[39m[48;2;131;27;17m                  
                  [38;2;40;70;125m[48;2;34;29;24m█[38;2;34;60;107m█[38;2;28;50;90m▓[38;2;23;40;72m▓[38;2;17;30;55m▒[39m                              [38;2;71;36;68m⠙[38;2;69;40;82m⠿[38;2;68;44;99m⢿[38;2;68;45;104m⣿[38;2;69;42;93m⣿[38;2;71;35;63m⣿[39m                                          [38;2;71;35;63m⠈[38;2;69;42;93m⠛[38;2;39;58;118m⠿[38;2;0;78;135m⠿[38;2;0;90;125m⠿[38;2;0;97;120m⢿[38;2;0;102;116m⣿[38;2;0;113;103m⣿[38;2;4;135;63m⣿[38;2;67;150;54m⣿[38;2;101;160;48m⣿[38;2;115;165;45m⣿[38;2;121;167;44m⣿[38;2;128;170;42m⣿[38;2;135;172;41m⣿[38;2;142;175;40m⣿[38;2;149;177;40m⣿[38;2;154;179;39m⣿[38;2;157;180;39m⣿[38;2;161;181;39m⣿[38;2;167;183;38m⣿[38;2;177;186;39m⣿[38;2;187;191;42m⣿[38;2;195;194;44m⣿[38;2;194;193;44m⣿[38;2;175;186;38m⣿[38;2;138;173;41m⣿[38;2;82;154;52m⣿[38;2;18;140;60m⣿[38;2;3;129;75m⣿[38;2;2;122;87m⣿[38;2;0;106;113m⣿[38;2;9;72;131m⣿[38;2;70;39;77m⣿[39m                                [38;2;17;30;55m▒[38;2;23;40;72m▓[38;2;28;50;90m▓[38;2;34;60;107m█[38;2;40;70;125m█[39m[48;2;131;27;17m                  
                  [38;2;40;70;125m[48;2;34;29;24m█[38;2;34;60;107m█[38;2;28;50;90m▓[38;2;23;40;72m▓[38;2;17;30;55m▒[39m                                 [38;2;71;34;59m⢻[38;2;71;36;65m⣿[38;2;69;33;53m⣿[39m                                                   [38;2;70;37;71m⠙[38;2;69;42;91m⠛[38;2;63;48;108m⠛[38;2;38;59;119m⠻[38;2;8;72;132m⠿[38;2;0;86;128m⠿[38;2;0;99;118m⠿[38;2;0;110;108m⣿[38;2;1;117;95m⣿[38;2;2;122;86m⣿[38;2;3;128;77m⣿[38;2;4;136;62m⣿[38;2;41;145;57m⣿[38;2;80;153;53m⣿[38;2;97;159;49m⣿[38;2;103;161;47m⣿[38;2;89;156;51m⣿[38;2;51;147;56m⣿[38;2;3;131;72m⣿[38;2;1;114;100m⣿[38;2;0;107;112m⣿[38;2;0;103;115m⣿[38;2;0;90;125m⣿[38;2;34;61;120m⣿[38;2;71;36;68m⠟[39m                                [38;2;17;30;55m▒[38;2;23;40;72m▓[38;2;28;50;90m▓[38;2;34;60;107m█[38;2;40;70;125m█[39m[48;2;131;27;17m                  
                  [38;2;40;70;125m[48;2;34;29;24m█[38;2;34;60;107m█[38;2;28;50;90m▓[38;2;23;40;72m▓[38;2;17;30;55m▒[39m                                  [38;2;61;33;42m⠘[38;2;60;33;41m⠃[39m                                                                [38;2;71;35;63m⠈[38;2;70;37;70m⠉[38;2;70;37;72m⠉[39m                                         [38;2;17;30;55m▒[38;2;23;40;72m▓[38;2;28;50;90m▓[38;2;34;60;107m█[38;2;40;70;125m█[39m[48;2;131;27;17m                  
                  [38;2;40;70;125m[48;2;34;29;24m█[38;2;34;60;107m█[38;2;28;50;90m▓[38;2;23;40;72m▓[38;2;17;30;55m▒[39m                                                                                                                                                [38;2;17;30;55m▒[38;2;23;40;72m▓[38;2;28;50;90m▓[38;2;34;60;107m█[38;2;40;70;125m█[39m[48;2;131;27;17m                  
                  [38;2;40;70;125m[48;2;34;29;24m█[38;2;34;60;107m█[38;2;28;50;90m▓[38;2;23;40;72m▓[38;2;17;30;55m▒[39m                                                                                                                                                [38;2;17;30;55m▒[38;2;23;40;72m▓[38;2;28;50;90m▓[38;2;34;60;107m█[38;2;40;70;125m█[39m[48;2;131;27;17m                  
                  [38;2;40;70;125m[48;2;34;29;24m█[38;2;34;60;107m█[38;2;28;50;90m▓[38;2;23;40;72m▓[38;2;17;30;55m▒[39m                                                                                                                                                [38;2;17;30;55m▒[38;2;23;40;72m▓[38;2;28;50;90m▓[38;2;34;60;107m█[38;2;40;70;125m█[39m[48;2;131;27;17m                  
                  [38;2;40;70;125m[48;2;34;29;24m█[38;2;34;60;107m█[38;2;28;50;90m▓[38;2;23;40;72m▓[38;2;17;30;55m▒[39m                                                                                                                                                [38;2;17;30;55m▒[38;2;23;40;72m▓[38;2;28;50;90m▓[38;2;34;60;107m█[38;2;40;70;125m█[39m[48;2;131;27;17m                  
                  [38;2;40;70;125m[48;2;34;29;24m█[38;2;34;60;107m█[38;2;28;50;90m▓[38;2;23;40;72m▓[38;2;17;30;55m▒[39m                                                                                                                                                [38;2;17;30;55m▒[38;2;23;40;72m▓[38;2;28;50;90m▓[38;2;34;60;107m█[38;2;40;70;125m█[39m[48;2;131;27;17m                  
                  [38;2;40;70;125m[48;2;34;29;24m█[38;2;34;60;107m█[38;2;28;50;90m▓[38;2;23;40;72m▓[38;2;17;30;55m▒[39m                                                                                                                                                [38;2;17;30;55m▒[38;2;23;40;72m▓[38;2;28;50;90m▓[38;2;34;60;107m█[38;2;40;70;125m█[39m[48;2;131;27;17m                  
                  [38;2;40;70;125m[48;2;34;29;24m█[38;2;34;60;107m█[38;2;28;50;90m▓[38;2;23;40;72m▓[38;2;17;30;55m▒[39m                                                                                                                                                [38;2;17;30;55m▒[38;2;23;40;72m▓[38;2;28;50;90m▓[38;2;34;60;107m█[38;2;40;70;125m█[39m[48;2;131;27;17m                  
                  [38;2;40;70;125m[48;2;34;29;24m█[38;2;34;60;107m█[38;2;28;50;90m▓[38;2;23;40;72m▓[38;2;17;30;55m▒[39m                                                                                                                                                [38;2;17;30;55m▒[38;2;23;40;72m▓[38;2;28;50;90m▓[38;2;34;60;107m█[38;2;40;70;125m█[39m[48;2;131;27;17m                  
                  [38;2;40;70;125m[48;2;34;29;24m█[38;2;34;60;107m█[38;2;28;50;90m▓[38;2;23;40;72m▓[38;2;17;30;55m▒[39m                                                                                                                                                [38;2;17;30;55m▒[38;2;23;40;72m▓[38;2;28;50;90m▓[38;2;34;60;107m█[38;2;40;70;125m█[39m[48;2;131;27;17m                  
                  [38;2;40;70;125m[48;2;34;29;24m█[38;2;34;60;107m█[38;2;28;50;90m▓[38;2;23;40;72m▓[38;2;17;30;55m▒[39m                                                                                                                                                [38;2;17;30;55m▒[38;2;23;40;72m▓[38;2;28;50;90m▓[38;2;34;60;107m█[38;2;40;70;125m█[39m[48;2;131;27;17m                  
                  [38;2;40;70;125m[48;2;34;29;24m█[38;2;34;60;107m█[38;2;28;50;90m▓[38;2;23;40;72m▓[38;2;17;30;55m▒[39m                                                                                                                                                [38;2;17;30;55m▒[38;2;23;40;72m▓[38;2;28;50;90m▓[38;2;34;60;107m█[38;2;40;70;125m█[39m[48;2;131;27;17m                  
                  [38;2;40;70;125m[48;2;34;29;24m█[38;2;34;60;107m█[38;2;28;50;90m▓[38;2;23;40;72m▓[38;2;17;30;55m▒[39m                                                                                                                                                [38;2;17;30;55m▒[38;2;23;40;72m▓[38;2;28;50;90m▓[38;2;34;60;107m█[38;2;40;70;125m█[39m[48;2;131;27;17m                  
                  [38;2;40;70;125m[48;2;34;29;24m█[38;2;34;60;107m█[38;2;28;50;90m▓[38;2;23;40;72m▓[38;2;17;30;55m▒[39m                                                                                                                                                [38;2;17;30;55m▒[38;2;23;40;72m▓[38;2;28;50;90m▓[38;2;34;60;107m█[38;2;40;70;125m█[39m[48;2;131;27;17m                  
                  [38;2;40;70;125m[48;2;34;29;24m█[38;2;34;60;107m█[38;2;28;50;90m▓[38;2;23;40;72m▓[38;2;17;30;55m▒[39m                                                                                                                                                [38;2;17;30;55m▒[38;2;23;40;72m▓[38;2;28;50;90m▓[38;2;34;60;107m█[38;2;40;70;125m█[39m[48;2;131;27;17m                  
                  [38;2;40;70;125m[48;2;34;29;24m█[38;2;34;60;107m█[38;2;28;50;90m▓[38;2;23;40;72m▓[38;2;17;30;55m▒[39m                                                                                                                                                [38;2;17;30;55m▒[38;2;23;40;72m▓[38;2;28;50;90m▓[38;2;34;60;107m█[38;2;40;70;125m█[39m[48;2;131;27;17m                  
                  [38;2;40;70;125m[48;2;34;29;24m█[38;2;34;60;107m█[38;2;28;50;90m▓[38;2;23;40;72m▓[38;2;17;30;55m▒[39m                                                                                                                                                [38;2;17;30;55m▒[38;2;23;40;72m▓[38;2;28;50;90m▓[38;2;34;60;107m█[38;2;40;70;125m█[39m[48;2;131;27;17m                  
                  [38;2;40;70;125m[48;2;34;29;24m█[38;2;34;60;107m█[38;2;28;50;90m▓[38;2;23;40;72m▓[38;2;17;30;55m▒[39m                                                                                                                                                [38;2;17;30;55m▒[38;2;23;40;72m▓[38;2;28;50;90m▓[38;2;34;60;107m█[38;2;40;70;125m█[39m[48;2;131;27;17m                  
                  [38;2;40;70;125m[48;2;34;29;24m█[38;2;34;60;107m█[38;2;28;50;90m▓[38;2;23;40;72m▓[38;2;17;30;55m▒[39m             [38;2;61;33;42m⣴⣦[39m                                                                                                                                 [38;2;17;30;55m▒[38;2;23;40;72m▓[38;2;28;50;90m▓[38;2;34;60;107m█[38;2;40;70;125m█[39m[48;2;131;27;17m                  
                  [38;2;40;70;125m[48;2;34;29;24m█[38;2;34;60;107m█[38;2;28;50;90m▓[38;2;23;40;72m▓[38;2;17;30;55m▒[39m             [38;2;61;33;42m⢿⣿[39m                                                                                                                                 [38;2;17;30;55m▒[38;2;23;40;72m▓[38;2;28;50;90m▓[38;2;34;60;107m█[38;2;40;70;125m█[39m[48;2;131;27;17m                  
                  [38;2;40;70;125m[48;2;34;29;24m█[38;2;34;60;107m█[38;2;28;50;90m▓[38;2;23;40;72m▓[38;2;17;30;55m▒[39m                                                                                                                                                [38;2;17;30;55m▒[38;2;23;40;72m▓[38;2;28;50;90m▓[38;2;34;60;107m█[38;2;40;70;125m█[39m[48;2;131;27;17m                  
                  [38;2;40;70;125m[48;2;34;29;24m█[38;2;34;60;107m█[38;2;28;50;90m▓[38;2;23;40;72m▓[38;2;17;30;55m▒[39m                                                                                                                                                [38;2;17;30;55m▒[38;2;23;40;72m▓[38;2;28;50;90m▓[38;2;34;60;107m█[38;2;40;70;125m█[39m[48;2;131;27;17m                  
                  [38;2;40;70;125m[48;2;34;29;24m█[38;2;34;60;107m█[38;2;28;50;90m▓[38;2;23;40;72m▓[38;2;17;30;55m▒[39m                                                                                                                                                [38;2;17;30;55m▒[38;2;23;40;72m▓[38;2;28;50;90m▓[38;2;34;60;107m█[38;2;40;70;125m█[39m[48;2;131;27;17m                  
                  [38;2;40;70;125m[48;2;34;29;24m█[38;2;34;60;107m█[38;2;28;50;90m▓[38;2;23;40;72m▓[38;2;17;30;55m▒[39m                                                                                                                                                [38;2;17;30;55m▒[38;2;23;40;72m▓[38;2;28;50;90m▓[38;2;34;60;107m█[38;2;40;70;125m█[39m[48;2;131;27;17m                  
                  [38;2;40;70;125m[48;2;34;29;24m█[38;2;34;60;107m█[38;2;28;50;90m▓[38;2;23;40;72m▓[38;2;17;30;55m▒[39m                                                                                                                                                [38;2;17;30;55m▒[38;2;23;40;72m▓[38;2;28;50;90m▓[38;2;34;60;107m█[38;2;40;70;125m█[39m[48;2;131;27;17m                  
                  [38;2;40;70;125m[48;2;34;29;24m█[38;2;34;60;107m█[38;2;28;50;90m▓[38;2;26;45;81m▓▓▓▓▓▓▓▓▓▓▓▓▓▓▓▓▓▓▓▓▓▓▓▓▓▓▓▓▓▓▓▓▓▓▓▓▓▓▓▓▓▓▓▓▓▓▓▓▓▓▓▓▓▓▓▓▓▓▓▓▓▓▓▓▓▓▓▓▓▓▓▓▓▓▓▓▓▓▓▓▓▓▓▓▓▓▓▓▓▓▓▓▓▓▓▓▓▓▓▓▓▓▓▓▓▓▓▓▓▓▓▓▓▓▓▓▓▓▓▓▓▓▓▓▓▓▓▓▓▓▓▓▓▓▓▓▓▓▓▓▓▓▓▓▓▓▓▓[38;2;28;50;90m▓[38;2;34;60;107m█[38;2;40;70;125m█[39m[48;2;131;27;17m                  
                  [38;2;40;70;125m[48;2;34;29;24m██████████████████████████████████████████████████████████████████████████████████████████████████████████████████████████████████████████████████████████[39m[48;2;131;27;17m                  
                                                                                                                                                                                              
                                                                                                                                                                                              
