[48;2;20;20;20m                                                                                                                                                                                              
                                                                                                                                                                                              
                  [38;2;230;46;30m[48;2;30;30;30m██████████████████████████████████████████████████████████████████████████████████████████████████████████████████████████████████████████████████████████[39m[48;2;20;20;20m                  
                  [38;2;230;46;30m[48;2;30;30;30m█[38;2;197;39;25m█[38;2;165;33;21m▓[38;2;149;29;19m▓▓▓▓▓▓▓▓▓▓▓▓▓▓▓▓▓▓▓▓▓▓▓▓▓▓▓▓▓▓▓▓▓▓▓▓▓▓▓▓▓▓▓▓▓▓▓▓▓▓▓▓▓▓▓▓▓▓▓▓▓▓▓▓▓▓▓▓▓▓▓▓▓▓▓▓▓▓▓▓▓▓▓▓▓▓▓▓▓▓▓▓▓▓▓▓▓▓▓▓▓▓▓▓▓▓▓▓▓▓▓▓▓▓▓▓▓▓▓▓▓▓▓▓▓▓▓▓▓▓▓▓▓▓▓▓▓▓▓▓▓▓▓▓▓▓▓▓[38;2;165;33;21m▓[38;2;197;39;25m█[38;2;230;46;30m█[39m[48;2;20;20;20m                  
                  [38;2;230;46;30m[48;2;30;30;30m█[38;2;197;39;25m█[38;2;165;33;21m▓[38;2;133;26;17m▓[38;2;101;20;13m▒[38;2;178;148;0m⣿[38;2;200;109;0m⣿[38;2;179;38;98m⣷[39m                                                                                                                                             [38;2;101;20;13m▒[38;2;133;26;17m▓[38;2;165;33;21m▓[38;2;197;39;25m█[38;2;230;46;30m█[39m[48;2;20;20;20m                  
                  [38;2;230;46;30m[48;2;30;30;30m█[38;2;197;39;25m█[38;2;165;33;21m▓[38;2;133;26;17m▓[38;2;101;20;13m▒[38;2;182;143;0m⣿[38;2;198;114;0m⣿[38;2;198;49;67m⣿[38;2;87;38;127m⣷[39m                                                                                                                                            [38;2;101;20;13m▒[38;2;133;26;17m▓[38;2;165;33;21m▓[38;2;197;39;25m█[38;2;230;46;30m█[39m[48;2;20;20;20m                  
                  [38;2;230;46;30m[48;2;30;30;30m█[38;2;197;39;25m█[38;2;165;33;21m▓[38;2;133;26;17m▓[38;2;101;20;13m▒[38;2;203;101;0m⣿⣿[38;2;207;89;0m⣿[38;2;191;38;87m⣿[38;2;108;38;130m⣷[39m                                                                                                                         [38;2;52;38;50m⣀[38;2;52;38;49m⣠[38;2;47;38;46m⡄[39m               [38;2;101;20;13m▒[38;2;133;26;17m▓[38;2;165;33;21m▓[38;2;197;39;25m█[38;2;230;46;30m█[39m[48;2;20;20;20m                  
                  [38;2;230;46;30m[48;2;30;30;30m█[38;2;197;39;25m█[38;2;165;33;21m▓[38;2;133;26;17m▓[38;2;101;20;13m▒[38;2;196;40;81m⣼[38;2;200;108;0m⣿[38;2;171;156;0m⣿[38;2;157;171;8m⣿[38;2;180;146;0m⣿[38;2;204;73;26m⣷[38;2;107;38;130m⡆[39m                                                                                                                      [38;2;50;38;48m⣿[38;2;54;38;51m⣿[38;2;53;38;51m⣿[38;2;48;38;47m⣿[39m               [38;2;101;20;13m▒[38;2;133;26;17m▓[38;2;165;33;21m▓[38;2;197;39;25m█[38;2;230;46;30m█[39m[48;2;20;20;20m                  
                  [38;2;230;46;30m[48;2;30;30;30m█[38;2;197;39;25m█[38;2;165;33;21m▓[38;2;133;26;17m▓[38;2;101;20;13m▒[38;2;97;38;129m⣼[38;2;205;96;0m⣿[38;2;143;182;37m⣿[38;2;169;205;72m⣿[38;2;161;204;74m⣿[38;2;156;172;10m⣿[38;2;205;79;16m⣿[38;2;80;38;96m⣇[39m                                                                                                                                        [38;2;101;20;13m▒[38;2;133;26;17m▓[38;2;165;33;21m▓[38;2;197;39;25m█[38;2;230;46;30m█[39m[48;2;20;20;20m                  
                  [38;2;230;46;30m[48;2;30;30;30m█[38;2;197;39;25m█[38;2;165;33;21m▓[38;2;133;26;17m▓[38;2;101;20;13m▒[39m [38;2;201;61;46m⣿[38;2;151;176;19m⣿[38;2;196;209;69m⣿[38;2;222;213;74m⣿[38;2;159;203;74m⣿[38;2;181;144;0m⣿[38;2;111;38;130m⣿[39m                                                                                                                                        [38;2;101;20;13m▒[38;2;133;26;17m▓[38;2;165;33;21m▓[38;2;197;39;25m█[38;2;230;46;30m█[39m[48;2;20;20;20m                  
                  [38;2;230;46;30m[48;2;30;30;30m█[38;2;197;39;25m█[38;2;165;33;21m▓[38;2;133;26;17m▓[38;2;101;20;13m▒[39m [38;2;128;37;131m⢸[38;2;199;111;0m⣿[38;2;141;183;41m⣿[38;2;157;203;75m⣿[38;2;123;197;81m⣿[38;2;179;147;0m⣿[38;2;150;37;122m⣿[38;2;72;38;66m⡇[39m                                                                                                                                       [38;2;101;20;13m▒[38;2;133;26;17m▓[38;2;165;33;21m▓[38;2;197;39;25m█[38;2;230;46;30m█[39m[48;2;20;20;20m                  
                  [38;2;230;46;30m[48;2;30;30;30m█[38;2;197;39;25m█[38;2;165;33;21m▓[38;2;133;26;17m▓[38;2;101;20;13m▒[39m  [38;2;119;37;130m⢻[38;2;206;80;13m⣿[38;2;182;144;0m⣿[38;2;176;151;0m⣿[38;2;198;112;0m⣿[38;2;171;38;104m⣿[38;2;82;38;102m⣿[39m                                                                                                                                       [38;2;101;20;13m▒[38;2;133;26;17m▓[38;2;165;33;21m▓[38;2;197;39;25m█[38;2;230;46;30m█[39m[48;2;20;20;20m                  
                  [38;2;230;46;30m[48;2;30;30;30m█[38;2;197;39;25m█[38;2;165;33;21m▓[38;2;133;26;17m▓[38;2;101;20;13m▒[39m   [38;2;79;38;89m⠹[38;2;113;38;130m⣿[38;2;175;38;101m⣿[38;2;196;41;79m⣿[38;2;175;38;101m⣿[38;2;107;38;130m⣿[38;2;76;38;75m⡆[39m                                                                                                                                      [38;2;101;20;13m▒[38;2;133;26;17m▓[38;2;165;33;21m▓[38;2;197;39;25m█[38;2;230;46;30m█[39m[48;2;20;20;20m                  
                  [38;2;230;46;30m[48;2;30;30;30m█[38;2;197;39;25m█[38;2;165;33;21m▓[38;2;133;26;17m▓[38;2;101;20;13m▒[39m     [38;2;86;38;120m⢿[38;2;136;37;131m⣿[38;2;183;38;94m⣿[38;2;191;38;87m⣿[38;2;157;37;116m⣿[38;2;97;38;129m⣆[39m                                                                                                                                     [38;2;101;20;13m▒[38;2;133;26;17m▓[38;2;165;33;21m▓[38;2;197;39;25m█[38;2;230;46;30m█[39m[48;2;20;20;20m                  
                  [38;2;230;46;30m[48;2;30;30;30m█[38;2;197;39;25m█[38;2;165;33;21m▓[38;2;133;26;17m▓[38;2;101;20;13m▒[39m      [38;2;86;38;122m⢻[38;2;185;38;93m⣿[38;2;195;121;0m⣿[38;2;174;153;0m⣿[38;2;186;139;0m⣿[38;2;201;60;48m⣷[38;2;88;38;129m⡆[39m                                                                                                                                   [38;2;101;20;13m▒[38;2;133;26;17m▓[38;2;165;33;21m▓[38;2;197;39;25m█[38;2;230;46;30m█[39m[48;2;20;20;20m                  
                  [38;2;230;46;30m[48;2;30;30;30m█[38;2;197;39;25m█[38;2;165;33;21m▓[38;2;133;26;17m▓[38;2;101;20;13m▒[39m      [38;2;75;38;70m⠸[38;2;154;37;118m⣿[38;2;180;146;0m⣿[38;2;125;196;77m⣿[38;2;146;201;77m⣿[38;2;150;177;23m⣿[38;2;203;99;0m⣿[38;2;127;37;131m⣷[39m                                                                                                                                  [38;2;101;20;13m▒[38;2;133;26;17m▓[38;2;165;33;21m▓[38;2;197;39;25m█[38;2;230;46;30m█[39m[48;2;20;20;20m                  
                  [38;2;230;46;30m[48;2;30;30;30m█[38;2;197;39;25m█[38;2;165;33;21m▓[38;2;133;26;17m▓[38;2;101;20;13m▒[39m       [38;2;100;38;129m⢸[38;2;195;120;0m⣿[38;2;123;197;81m⣿[38;2;198;210;69m⣿[38;2;184;207;69m⣿[38;2;143;182;36m⣿[38;2;204;96;0m⣿[38;2;105;38;130m⣷[39m                                                                                                                                 [38;2;101;20;13m▒[38;2;133;26;17m▓[38;2;165;33;21m▓[38;2;197;39;25m█[38;2;230;46;30m█[39m[48;2;20;20;20m                  
                  [38;2;230;46;30m[48;2;30;30;30m█[38;2;197;39;25m█[38;2;165;33;21m▓[38;2;133;26;17m▓[38;2;101;20;13m▒[39m        [38;2;169;38;106m⢿[38;2;187;138;0m⣿[38;2;127;194;72m⣿[38;2;157;203;74m⣿[38;2;124;198;81m⣿[38;2;170;157;0m⣿[38;2;201;61;45m⣿[38;2;106;38;130m⣷[39m                                                                                                                                [38;2;101;20;13m▒[38;2;133;26;17m▓[38;2;165;33;21m▓[38;2;197;39;25m█[38;2;230;46;30m█[39m[48;2;20;20;20m                  
                  [38;2;230;46;30m[48;2;30;30;30m█[38;2;197;39;25m█[38;2;165;33;21m▓[38;2;133;26;17m▓[38;2;101;20;13m▒[39m        [38;2;76;38;76m⠈[38;2;156;37;117m⢿[38;2;202;103;0m⣿[38;2;170;158;0m⣿[38;2;161;167;0m⣿[38;2;174;153;0m⣿[38;2;201;104;0m⣿[38;2;185;38;93m⣿[38;2;94;38;129m⣷[38;2;71;38;66m⡄[39m                                                                                                                              [38;2;101;20;13m▒[38;2;133;26;17m▓[38;2;165;33;21m▓[38;2;197;39;25m█[38;2;230;46;30m█[39m[48;2;20;20;20m                  
                  [38;2;230;46;30m[48;2;30;30;30m█[38;2;197;39;25m█[38;2;165;33;21m▓[38;2;133;26;17m▓[38;2;101;20;13m▒[39m          [38;2;83;38;106m⠻[38;2;143;37;128m⢿[38;2;200;58;51m⣿[38;2;206;92;0m⣿[38;2;207;87;2m⣿[38;2;199;52;61m⣿[38;2;159;37;114m⣿[38;2;114;37;130m⣿[38;2;84;38;113m⣦[38;2;73;38;67m⡄[39m                                                                                                                            [38;2;101;20;13m▒[38;2;133;26;17m▓[38;2;165;33;21m▓[38;2;197;39;25m█[38;2;230;46;30m█[39m[48;2;20;20;20m                  
                  [38;2;230;46;30m[48;2;30;30;30m█[38;2;197;39;25m█[38;2;165;33;21m▓[38;2;133;26;17m▓[38;2;101;20;13m▒[39m            [38;2;80;38;96m⠹[38;2;110;38;130m⢿[38;2;149;37;123m⣿[38;2;166;37;108m⣿[38;2;164;37;110m⣿[38;2;153;37;120m⣿[38;2;135;37;131m⣿[38;2;108;38;130m⣿[38;2;85;38;116m⣷[38;2;77;38;82m⣄[39m                                                                                                                          [38;2;101;20;13m▒[38;2;133;26;17m▓[38;2;165;33;21m▓[38;2;197;39;25m█[38;2;230;46;30m█[39m[48;2;20;20;20m                  
                  [38;2;230;46;30m[48;2;30;30;30m█[38;2;197;39;25m█[38;2;165;33;21m▓[38;2;133;26;17m▓[38;2;101;20;13m▒[39m              [38;2;75;38;71m⠘[38;2;85;38;117m⢿[38;2;113;37;130m⣿[38;2;134;37;131m⣿⣿[38;2;122;37;131m⣿[38;2;111;38;130m⣿[38;2;106;38;130m⣿[38;2;99;38;129m⣿[38;2;87;38;124m⣷[38;2;82;38;103m⣦[38;2;79;38;91m⣄[39m                                                     [38;2;87;38;126m⣀[38;2;100;38;129m⣀[38;2;106;38;130m⣀[38;2;99;38;129m⣀[39m                                                             [38;2;101;20;13m▒[38;2;133;26;17m▓[38;2;165;33;21m▓[38;2;197;39;25m█[38;2;230;46;30m█[39m[48;2;20;20;20m                  
                  [38;2;230;46;30m[48;2;30;30;30m█[38;2;197;39;25m█[38;2;165;33;21m▓[38;2;133;26;17m▓[38;2;101;20;13m▒[39m                 [38;2;80;38;96m⠘[38;2;87;38;124m⠿[38;2;97;38;129m⣿[38;2;103;38;129m⣿[38;2;108;38;130m⣿[38;2;107;38;130m⣿[38;2;100;38;129m⣿[38;2;98;38;129m⣿[38;2;110;38;130m⣿[38;2;121;37;130m⣿[38;2;118;37;130m⣿[38;2;99;38;129m⣷[38;2;84;38;110m⣶[38;2;78;38;84m⣤[38;2;72;38;66m⣀[39m                                           [38;2;68;38;63m⢰[38;2;87;38;126m⣿[38;2;145;37;126m⣿[38;2;198;48;68m⣿[38;2;206;94;0m⣿[38;2;190;132;0m⣿[38;2;175;151;0m⣿[38;2;174;152;0m⣿[38;2;185;140;0m⣿[38;2;196;117;0m⣿[38;2;201;106;0m⣿[38;2;196;117;0m⣿[38;2;188;136;0m⣿[38;2;178;148;0m⣿[38;2;175;151;0m⣿[38;2;176;150;0m⣿[38;2;178;148;0m⣿[38;2;182;143;0m⣿[38;2;190;134;0m⣿[38;2;198;114;0m⣿[38;2;207;89;0m⣿[38;2;199;55;56m⣷[38;2;174;38;101m⣶[38;2;140;37;130m⣶[38;2;115;37;130m⣶[38;2;95;38;129m⣶[38;2;85;38;118m⣦[38;2;80;38;96m⣄[39m                                         [38;2;101;20;13m▒[38;2;133;26;17m▓[38;2;165;33;21m▓[38;2;197;39;25m█[38;2;230;46;30m█[39m[48;2;20;20;20m                  
                  [38;2;230;46;30m[48;2;30;30;30m█[38;2;197;39;25m█[38;2;165;33;21m▓[38;2;133;26;17m▓[38;2;101;20;13m▒[39m                    [38;2;76;38;76m⠘[38;2;83;38;107m⠻[38;2;87;38;125m⠿[38;2;88;38;129m⣿[38;2;96;38;129m⣿[38;2;114;37;130m⣿[38;2;130;37;131m⣿[38;2;132;37;131m⣿[38;2;121;37;130m⣿[38;2;104;38;129m⣿[38;2;93;38;129m⣿[38;2;87;38;128m⣿[38;2;86;38;121m⣿[38;2;81;38;99m⣷[38;2;73;38;68m⣦[39m                                        [38;2;71;38;66m⢸[38;2;94;38;129m⣿[38;2;161;37;113m⣿[38;2;202;67;35m⣿[38;2;196;118;0m⣿[38;2;172;155;0m⣿[38;2;150;176;22m⣿[38;2;144;181;36m⣿[38;2;152;175;18m⣿[38;2;164;164;0m⣿[38;2;165;163;0m⣿[38;2;147;178;28m⣿[38;2;124;198;81m⣿[38;2;158;203;74m⣿[38;2;171;205;72m⣿[38;2;170;205;72m⣿[38;2;168;205;72m⣿[38;2;161;204;74m⣿[38;2;152;202;76m⣿[38;2;135;200;79m⣿[38;2;126;195;73m⣿[38;2;139;185;47m⣿[38;2;150;176;22m⣿[38;2;159;169;2m⣿[38;2;165;163;0m⣿[38;2;169;159;0m⣿[38;2;172;155;0m⣿[38;2;179;147;0m⣿[38;2;195;121;0m⣿[38;2;203;70;30m⣷[38;2;157;37;116m⣶[38;2;109;38;130m⣶[38;2;86;38;123m⣤[38;2;82;38;104m⣄[39m                                   [38;2;101;20;13m▒[38;2;133;26;17m▓[38;2;165;33;21m▓[38;2;197;39;25m█[38;2;230;46;30m█[39m[48;2;20;20;20m                  
                  [38;2;230;46;30m[48;2;30;30;30m█[38;2;197;39;25m█[38;2;165;33;21m▓[38;2;133;26;17m▓[38;2;101;20;13m▒[39m                        [38;2;75;38;70m⠘[38;2;82;38;105m⠻[38;2;94;38;129m⠿[38;2;107;38;130m⣿[38;2;106;38;130m⣿[38;2;97;38;129m⣿[38;2;93;38;129m⣿[38;2;94;38;129m⣿[38;2;99;38;129m⣿[38;2;90;38;129m⣿[38;2;82;38;105m⣿[38;2;71;38;66m⣿[39m                                       [38;2;62;38;58m⠈[38;2;83;38;109m⠻[38;2;127;37;131m⣿[38;2;191;38;87m⣿[38;2;207;89;0m⣿[38;2;189;135;0m⣿[38;2;168;160;0m⣿[38;2;161;168;0m⣿[38;2;164;164;0m⣿[38;2;172;155;0m⣿[38;2;170;157;0m⣿[38;2;152;175;18m⣿[38;2;123;197;80m⣿[38;2;160;204;74m⣿[38;2;179;206;70m⣿[38;2;184;207;69m⣿[38;2;190;208;68m⣿[38;2;192;209;68m⣿⣿[38;2;185;208;69m⣿[38;2;176;206;71m⣿[38;2;163;204;73m⣿[38;2;151;202;76m⣿[38;2;146;201;77m⣿[38;2;150;202;76m⣿[38;2;161;204;74m⣿[38;2;169;205;72m⣿[38;2;166;204;73m⣿[38;2;130;199;80m⣿[38;2;153;174;15m⣿[38;2;191;132;0m⣿[38;2;207;88;0m⣿[38;2;201;63;42m⣿[38;2;198;50;64m⣿[38;2;176;38;100m⣿[38;2;118;37;130m⣿[38;2;77;38;82m⣆[39m                                [38;2;101;20;13m▒[38;2;133;26;17m▓[38;2;165;33;21m▓[38;2;197;39;25m█[38;2;230;46;30m█[39m[48;2;20;20;20m                  
                  [38;2;230;46;30m[48;2;30;30;30m█[38;2;197;39;25m█[38;2;165;33;21m▓[38;2;133;26;17m▓[38;2;101;20;13m▒[39m                              [38;2;78;38;84m⠙[38;2;81;38;100m⠿[38;2;86;38;120m⢿[38;2;87;38;127m⣿[38;2;84;38;113m⣿[38;2;76;38;76m⣿[39m                                          [38;2;76;38;76m⠈[38;2;84;38;112m⠙[38;2;108;38;130m⠿[38;2;141;37;129m⠿[38;2;164;37;110m⠿[38;2;176;38;100m⢿[38;2;184;38;93m⣿[38;2;197;46;71m⣿[38;2;206;82;10m⣿[38;2;194;123;0m⣿[38;2;179;147;0m⣿[38;2;169;158;0m⣿[38;2;165;163;0m⣿[38;2;161;168;0m⣿[38;2;155;173;12m⣿[38;2;149;177;24m⣿[38;2;143;182;37m⣿[38;2;139;185;47m⣿[38;2;136;188;53m⣿[38;2;133;190;60m⣿[38;2;128;193;70m⣿[38;2;128;198;80m⣿[38;2;148;202;76m⣿[38;2;163;204;73m⣿[38;2;164;204;73m⣿[38;2;133;199;79m⣿[38;2;149;177;24m⣿[38;2;186;138;0m⣿[38;2;203;99;0m⣿[38;2;205;77;18m⣿[38;2;202;67;36m⣿[38;2;196;39;82m⣿[38;2;135;37;131m⣿[38;2;80;38;96m⣿[39m                                [38;2;101;20;13m▒[38;2;133;26;17m▓[38;2;165;33;21m▓[38;2;197;39;25m█[38;2;230;46;30m█[39m[48;2;20;20;20m                  
                  [38;2;230;46;30m[48;2;30;30;30m█[38;2;197;39;25m█[38;2;165;33;21m▓[38;2;133;26;17m▓[38;2;101;20;13m▒[39m                                 [38;2;76;38;74m⢻[38;2;77;38;81m⣿[38;2;71;38;65m⣿[39m                                                   [38;2;78;38;85m⠙[38;2;83;38;110m⠛[38;2;92;38;129m⠛[38;2;112;38;130m⠻[38;2;134;37;131m⠿[38;2;158;37;115m⠿[38;2;179;38;97m⠿[38;2;196;41;79m⣿[38;2;199;55;56m⣿[38;2;202;64;41m⣿[38;2;204;72;27m⣿[38;2;207;85;6m⣿[38;2;201;106;0m⣿[38;2;191;130;0m⣿[38;2;181;144;0m⣿[38;2;176;150;0m⣿[38;2;183;142;0m⣿[38;2;195;120;0m⣿[38;2;206;83;9m⣿[38;2;199;53;59m⣿[38;2;196;39;82m⣿[38;2;191;38;87m⣿[38;2;167;38;107m⣿[38;2;116;37;130m⣿[38;2;78;38;83m⠟[39m                                [38;2;101;20;13m▒[38;2;133;26;17m▓[38;2;165;33;21m▓[38;2;197;39;25m█[38;2;230;46;30m█[39m[48;2;20;20;20m                  
                  [38;2;230;46;30m[48;2;30;30;30m█[38;2;197;39;25m█[38;2;165;33;21m▓[38;2;133;26;17m▓[38;2;101;20;13m▒[39m                                  [38;2;55;38;52m⠘[38;2;53;38;51m⠃[39m                                                                [38;2;76;38;75m⠈[38;2;78;38;85m⠉[38;2;79;38;88m⠉[39m                                         [38;2;101;20;13m▒[38;2;133;26;17m▓[38;2;165;33;21m▓[38;2;197;39;25m█[38;2;230;46;30m█[39m[48;2;20;20;20m                  
                  [38;2;230;46;30m[48;2;30;30;30m█[38;2;197;39;25m█[38;2;165;33;21m▓[38;2;133;26;17m▓[38;2;101;20;13m▒[39m                                                                                                                                                [38;2;101;20;13m▒[38;2;133;26;17m▓[38;2;165;33;21m▓[38;2;197;39;25m█[38;2;230;46;30m█[39m[48;2;20;20;20m                  
                  [38;2;230;46;30m[48;2;30;30;30m█[38;2;197;39;25m█[38;2;165;33;21m▓[38;2;133;26;17m▓[38;2;101;20;13m▒[39m                                                                                                                                                [38;2;101;20;13m▒[38;2;133;26;17m▓[38;2;165;33;21m▓[38;2;197;39;25m█[38;2;230;46;30m█[39m[48;2;20;20;20m                  
                  [38;2;230;46;30m[48;2;30;30;30m█[38;2;197;39;25m█[38;2;165;33;21m▓[38;2;133;26;17m▓[38;2;101;20;13m▒[39m                                                                                                                                                [38;2;101;20;13m▒[38;2;133;26;17m▓[38;2;165;33;21m▓[38;2;197;39;25m█[38;2;230;46;30m█[39m[48;2;20;20;20m                  
                  [38;2;230;46;30m[48;2;30;30;30m█[38;2;197;39;25m█[38;2;165;33;21m▓[38;2;133;26;17m▓[38;2;101;20;13m▒[39m                                                                                                                                                [38;2;101;20;13m▒[38;2;133;26;17m▓[38;2;165;33;21m▓[38;2;197;39;25m█[38;2;230;46;30m█[39m[48;2;20;20;20m                  
                  [38;2;230;46;30m[48;2;30;30;30m█[38;2;197;39;25m█[38;2;165;33;21m▓[38;2;133;26;17m▓[38;2;101;20;13m▒[39m                                                                                                                                                [38;2;101;20;13m▒[38;2;133;26;17m▓[38;2;165;33;21m▓[38;2;197;39;25m█[38;2;230;46;30m█[39m[48;2;20;20;20m                  
                  [38;2;230;46;30m[48;2;30;30;30m█[38;2;197;39;25m█[38;2;165;33;21m▓[38;2;133;26;17m▓[38;2;101;20;13m▒[39m                                                                                                                                                [38;2;101;20;13m▒[38;2;133;26;17m▓[38;2;165;33;21m▓[38;2;197;39;25m█[38;2;230;46;30m█[39m[48;2;20;20;20m                  
                  [38;2;230;46;30m[48;2;30;30;30m█[38;2;197;39;25m█[38;2;165;33;21m▓[38;2;133;26;17m▓[38;2;101;20;13m▒[39m                                                                                                                                                [38;2;101;20;13m▒[38;2;133;26;17m▓[38;2;165;33;21m▓[38;2;197;39;25m█[38;2;230;46;30m█[39m[48;2;20;20;20m                  
                  [38;2;230;46;30m[48;2;30;30;30m█[38;2;197;39;25m█[38;2;165;33;21m▓[38;2;133;26;17m▓[38;2;101;20;13m▒[39m                                                                                                                                                [38;2;101;20;13m▒[38;2;133;26;17m▓[38;2;165;33;21m▓[38;2;197;39;25m█[38;2;230;46;30m█[39m[48;2;20;20;20m                  
                  [38;2;230;46;30m[48;2;30;30;30m█[38;2;197;39;25m█[38;2;165;33;21m▓[38;2;133;26;17m▓[38;2;101;20;13m▒[39m                                                                                                                                                [38;2;101;20;13m▒[38;2;133;26;17m▓[38;2;165;33;21m▓[38;2;197;39;25m█[38;2;230;46;30m█[39m[48;2;20;20;20m                  
                  [38;2;230;46;30m[48;2;30;30;30m█[38;2;197;39;25m█[38;2;165;33;21m▓[38;2;133;26;17m▓[38;2;101;20;13m▒[39m                                                                                                                                                [38;2;101;20;13m▒[38;2;133;26;17m▓[38;2;165;33;21m▓[38;2;197;39;25m█[38;2;230;46;30m█[39m[48;2;20;20;20m                  
                  [38;2;230;46;30m[48;2;30;30;30m█[38;2;197;39;25m█[38;2;165;33;21m▓[38;2;133;26;17m▓[38;2;101;20;13m▒[39m                                                                                                                                                [38;2;101;20;13m▒[38;2;133;26;17m▓[38;2;165;33;21m▓[38;2;197;39;25m█[38;2;230;46;30m█[39m[48;2;20;20;20m                  
                  [38;2;230;46;30m[48;2;30;30;30m█[38;2;197;39;25m█[38;2;165;33;21m▓[38;2;133;26;17m▓[38;2;101;20;13m▒[39m                                                                                                                                                [38;2;101;20;13m▒[38;2;133;26;17m▓[38;2;165;33;21m▓[38;2;197;39;25m█[38;2;230;46;30m█[39m[48;2;20;20;20m                  
                  [38;2;230;46;30m[48;2;30;30;30m█[38;2;197;39;25m█[38;2;165;33;21m▓[38;2;133;26;17m▓[38;2;101;20;13m▒[39m                                                                                                                                                [38;2;101;20;13m▒[38;2;133;26;17m▓[38;2;165;33;21m▓[38;2;197;39;25m█[38;2;230;46;30m█[39m[48;2;20;20;20m                  
                  [38;2;230;46;30m[48;2;30;30;30m█[38;2;197;39;25m█[38;2;165;33;21m▓[38;2;133;26;17m▓[38;2;101;20;13m▒[39m                                                                                                                                                [38;2;101;20;13m▒[38;2;133;26;17m▓[38;2;165;33;21m▓[38;2;197;39;25m█[38;2;230;46;30m█[39m[48;2;20;20;20m                  
                  [38;2;230;46;30m[48;2;30;30;30m█[38;2;197;39;25m█[38;2;165;33;21m▓[38;2;133;26;17m▓[38;2;101;20;13m▒[39m                                                                                                                                                [38;2;101;20;13m▒[38;2;133;26;17m▓[38;2;165;33;21m▓[38;2;197;39;25m█[38;2;230;46;30m█[39m[48;2;20;20;20m                  
                  [38;2;230;46;30m[48;2;30;30;30m█[38;2;197;39;25m█[38;2;165;33;21m▓[38;2;133;26;17m▓[38;2;101;20;13m▒[39m                                                                                                                                                [38;2;101;20;13m▒[38;2;133;26;17m▓[38;2;165;33;21m▓[38;2;197;39;25m█[38;2;230;46;30m█[39m[48;2;20;20;20m                  
                  [38;2;230;46;30m[48;2;30;30;30m█[38;2;197;39;25m█[38;2;165;33;21m▓[38;2;133;26;17m▓[38;2;101;20;13m▒[39m                                                                                                                                                [38;2;101;20;13m▒[38;2;133;26;17m▓[38;2;165;33;21m▓[38;2;197;39;25m█[38;2;230;46;30m█[39m[48;2;20;20;20m                  
                  [38;2;230;46;30m[48;2;30;30;30m█[38;2;197;39;25m█[38;2;165;33;21m▓[38;2;133;26;17m▓[38;2;101;20;13m▒[39m             [38;2;54;38;52m⣴⣦[39m                                                                                                                                 [38;2;101;20;13m▒[38;2;133;26;17m▓[38;2;165;33;21m▓[38;2;197;39;25m█[38;2;230;46;30m█[39m[48;2;20;20;20m                  
                  [38;2;230;46;30m[48;2;30;30;30m█[38;2;197;39;25m█[38;2;165;33;21m▓[38;2;133;26;17m▓[38;2;101;20;13m▒[39m             [38;2;55;38;52m⢿⣿[39m                                                                                                                                 [38;2;101;20;13m▒[38;2;133;26;17m▓[38;2;165;33;21m▓[38;2;197;39;25m█[38;2;230;46;30m█[39m[48;2;20;20;20m                  
                  [38;2;230;46;30m[48;2;30;30;30m█[38;2;197;39;25m█[38;2;165;33;21m▓[38;2;133;26;17m▓[38;2;101;20;13m▒[39m                                                                                                                                                [38;2;101;20;13m▒[38;2;133;26;17m▓[38;2;165;33;21m▓[38;2;197;39;25m█[38;2;230;46;30m█[39m[48;2;20;20;20m                  
                  [38;2;230;46;30m[48;2;30;30;30m█[38;2;197;39;25m█[38;2;165;33;21m▓[38;2;133;26;17m▓[38;2;101;20;13m▒[39m                                                                                                                                                [38;2;101;20;13m▒[38;2;133;26;17m▓[38;2;165;33;21m▓[38;2;197;39;25m█[38;2;230;46;30m█[39m[48;2;20;20;20m                  
                  [38;2;230;46;30m[48;2;30;30;30m█[38;2;197;39;25m█[38;2;165;33;21m▓[38;2;133;26;17m▓[38;2;101;20;13m▒[39m                                                                                                                                                [38;2;101;20;13m▒[38;2;133;26;17m▓[38;2;165;33;21m▓[38;2;197;39;25m█[38;2;230;46;30m█[39m[48;2;20;20;20m                  
                  [38;2;230;46;30m[48;2;30;30;30m█[38;2;197;39;25m█[38;2;165;33;21m▓[38;2;133;26;17m▓[38;2;101;20;13m▒[39m                                                                                                                                                [38;2;101;20;13m▒[38;2;133;26;17m▓[38;2;165;33;21m▓[38;2;197;39;25m█[38;2;230;46;30m█[39m[48;2;20;20;20m                  
                  [38;2;230;46;30m[48;2;30;30;30m█[38;2;197;39;25m█[38;2;165;33;21m▓[38;2;133;26;17m▓[38;2;101;20;13m▒[39m                                                                                                                                                [38;2;101;20;13m▒[38;2;133;26;17m▓[38;2;165;33;21m▓[38;2;197;39;25m█[38;2;230;46;30m█[39m[48;2;20;20;20m                  
                  [38;2;230;46;30m[48;2;30;30;30m█[38;2;197;39;25m█[38;2;165;33;21m▓[38;2;149;29;19m▓▓▓▓▓▓▓▓▓▓▓▓▓▓▓▓▓▓▓▓▓▓▓▓▓▓▓▓▓▓▓▓▓▓▓▓▓▓▓▓▓▓▓▓▓▓▓▓▓▓▓▓▓▓▓▓▓▓▓▓▓▓▓▓▓▓▓▓▓▓▓▓▓▓▓▓▓▓▓▓▓▓▓▓▓▓▓▓▓▓▓▓▓▓▓▓▓▓▓▓▓▓▓▓▓▓▓▓▓▓▓▓▓▓▓▓▓▓▓▓▓▓▓▓▓▓▓▓▓▓▓▓▓▓▓▓▓▓▓▓▓▓▓▓▓▓▓▓[38;2;165;33;21m▓[38;2;197;39;25m█[38;2;230;46;30m█[39m[48;2;20;20;20m                  
                  [38;2;230;46;30m[48;2;30;30;30m██████████████████████████████████████████████████████████████████████████████████████████████████████████████████████████████████████████████████████████[39m[48;2;20;20;20m                  
                                                                                                                                                                                              
                                                                                                                                                                                              
