[48;2;20;22;28m                                                                                                                                                                                              
                                                                                                                                                                                              
                  [38;2;201;105;12m[48;2;27;30;36m██████████████████████████████████████████████████████████████████████████████████████████████████████████████████████████████████████████████████████████[39m[48;2;20;22;28m                  
                  [38;2;201;105;12m[48;2;27;30;36m█[38;2;172;90;10m█[38;2;144;75;8m▓[38;2;130;68;7m▓▓▓▓▓▓▓▓▓▓▓▓▓▓▓▓▓▓▓▓▓▓▓▓▓▓▓▓▓▓▓▓▓▓▓▓▓▓▓▓▓▓▓▓▓▓▓▓▓▓▓▓▓▓▓▓▓▓▓▓▓▓▓▓▓▓▓▓▓▓▓▓▓▓▓▓▓▓▓▓▓▓▓▓▓▓▓▓▓▓▓▓▓▓▓▓▓▓▓▓▓▓▓▓▓▓▓▓▓▓▓▓▓▓▓▓▓▓▓▓▓▓▓▓▓▓▓▓▓▓▓▓▓▓▓▓▓▓▓▓▓▓▓▓▓▓▓▓[38;2;144;75;8m▓[38;2;172;90;10m█[38;2;201;105;12m█[39m[48;2;20;22;28m                  
                  [38;2;201;105;12m[48;2;27;30;36m█[38;2;172;90;10m█[38;2;144;75;8m▓[38;2;116;60;6m▓[38;2;88;46;5m▒[38;2;197;113;0m⣿[38;2;182;82;52m⣿[38;2;99;64;147m⣷[39m                                                                                                                                             [38;2;88;46;5m▒[38;2;116;60;6m▓[38;2;144;75;8m▓[38;2;172;90;10m█[38;2;201;105;12m█[39m[48;2;20;22;28m                  
                  [38;2;201;105;12m[48;2;27;30;36m█[38;2;172;90;10m█[38;2;144;75;8m▓[38;2;116;60;6m▓[38;2;88;46;5m▒[38;2;193;109;0m⣿[38;2;183;87;41m⣿[38;2;136;62;134m⣿[38;2;41;57;123m⣷[39m                                                                                                                                            [38;2;88;46;5m▒[38;2;116;60;6m▓[38;2;144;75;8m▓[38;2;172;90;10m█[38;2;201;105;12m█[39m[48;2;20;22;28m                  
                  [38;2;201;105;12m[48;2;27;30;36m█[38;2;172;90;10m█[38;2;144;75;8m▓[38;2;116;60;6m▓[38;2;88;46;5m▒[38;2;180;76;67m⣿[38;2;180;75;69m⣿[38;2;176;65;95m⣿[38;2;108;63;147m⣿[38;2;40;61;131m⣷[39m                                                                                                                         [38;2;36;40;80m⣀[38;2;36;40;79m⣠[38;2;36;39;76m⡄[39m               [38;2;88;46;5m▒[38;2;116;60;6m▓[38;2;144;75;8m▓[38;2;172;90;10m█[38;2;201;105;12m█[39m[48;2;20;22;28m                  
                  [38;2;201;105;12m[48;2;27;30;36m█[38;2;172;90;10m█[38;2;144;75;8m▓[38;2;116;60;6m▓[38;2;88;46;5m▒[38;2;125;62;145m⢸[38;2;180;75;69m⣿[38;2;199;115;0m⣿[38;2;210;126;0m⣿[38;2;194;110;0m⣿[38;2;158;64;112m⣷[38;2;40;62;133m⡆[39m                                                                                                                      [38;2;36;40;78m⣿[38;2;37;41;81m⣿⣿[38;2;36;39;77m⡿[39m               [38;2;88;46;5m▒[38;2;116;60;6m▓[38;2;144;75;8m▓[38;2;172;90;10m█[38;2;201;105;12m█[39m[48;2;20;22;28m                  
                  [38;2;201;105;12m[48;2;27;30;36m█[38;2;172;90;10m█[38;2;144;75;8m▓[38;2;116;60;6m▓[38;2;88;46;5m▒[38;2;41;59;127m⣾[38;2;173;65;98m⣿[38;2;217;135;0m⣿[38;2;242;170;24m⣿[38;2;241;169;23m⣿[38;2;213;130;0m⣿[38;2;167;65;104m⣿[38;2;40;52;109m⣇[39m                                                                                                                                        [38;2;88;46;5m▒[38;2;116;60;6m▓[38;2;144;75;8m▓[38;2;172;90;10m█[38;2;201;105;12m█[39m[48;2;20;22;28m                  
                  [38;2;201;105;12m[48;2;27;30;36m█[38;2;172;90;10m█[38;2;144;75;8m▓[38;2;116;60;6m▓[38;2;88;46;5m▒[39m [38;2;134;62;136m⣿[38;2;214;131;0m⣿[38;2;250;187;46m⣿[38;2;252;210;91m⣿[38;2;242;171;25m⣿[38;2;196;113;0m⣿[38;2;39;64;139m⣿[39m                                                                                                                                        [38;2;88;46;5m▒[38;2;116;60;6m▓[38;2;144;75;8m▓[38;2;172;90;10m█[38;2;201;105;12m█[39m[48;2;20;22;28m                  
                  [38;2;201;105;12m[48;2;27;30;36m█[38;2;172;90;10m█[38;2;144;75;8m▓[38;2;116;60;6m▓[38;2;88;46;5m▒[39m [38;2;39;66;143m⢸[38;2;182;84;48m⣿[38;2;222;140;0m⣿[38;2;242;171;25m⣿[38;2;234;155;3m⣿[38;2;199;115;0m⣿[38;2;63;67;150m⣿[38;2;39;46;95m⡇[39m                                                                                                                                       [38;2;88;46;5m▒[38;2;116;60;6m▓[38;2;144;75;8m▓[38;2;172;90;10m█[38;2;201;105;12m█[39m[48;2;20;22;28m                  
                  [38;2;201;105;12m[48;2;27;30;36m█[38;2;172;90;10m█[38;2;144;75;8m▓[38;2;116;60;6m▓[38;2;88;46;5m▒[39m  [38;2;39;66;144m⢻[38;2;173;65;98m⣿[38;2;197;114;0m⣿[38;2;202;118;0m⣿[38;2;184;91;31m⣿[38;2;94;64;148m⣿[38;2;41;53;112m⣿[39m                                                                                                                                       [38;2;88;46;5m▒[38;2;116;60;6m▓[38;2;144;75;8m▓[38;2;172;90;10m█[38;2;201;105;12m█[39m[48;2;20;22;28m                  
                  [38;2;201;105;12m[48;2;27;30;36m█[38;2;172;90;10m█[38;2;144;75;8m▓[38;2;116;60;6m▓[38;2;88;46;5m▒[39m   [38;2;40;51;107m⠹[38;2;39;65;140m⣿[38;2;101;64;147m⣿[38;2;131;62;139m⣿[38;2;96;64;147m⣿[38;2;40;62;134m⣿[38;2;40;47;98m⡆[39m                                                                                                                                      [38;2;88;46;5m▒[38;2;116;60;6m▓[38;2;144;75;8m▓[38;2;172;90;10m█[38;2;201;105;12m█[39m[48;2;20;22;28m                  
                  [38;2;201;105;12m[48;2;27;30;36m█[38;2;172;90;10m█[38;2;144;75;8m▓[38;2;116;60;6m▓[38;2;88;46;5m▒[39m    [38;2;38;44;90m⠈[38;2;41;56;121m⢿[38;2;38;69;151m⣿[38;2;101;64;147m⣿[38;2;107;63;147m⣿[38;2;53;68;150m⣿[38;2;41;58;125m⣆[39m                                                                                                                                     [38;2;88;46;5m▒[38;2;116;60;6m▓[38;2;144;75;8m▓[38;2;172;90;10m█[38;2;201;105;12m█[39m[48;2;20;22;28m                  
                  [38;2;201;105;12m[48;2;27;30;36m█[38;2;172;90;10m█[38;2;144;75;8m▓[38;2;116;60;6m▓[38;2;88;46;5m▒[39m      [38;2;41;56;120m⢻[38;2;98;64;147m⣿[38;2;183;88;38m⣿[38;2;198;114;0m⣿[38;2;189;105;0m⣿[38;2;143;63;127m⣷[38;2;41;57;122m⡆[39m                                                                                                                                   [38;2;88;46;5m▒[38;2;116;60;6m▓[38;2;144;75;8m▓[38;2;172;90;10m█[38;2;201;105;12m█[39m[48;2;20;22;28m                  
                  [38;2;201;105;12m[48;2;27;30;36m█[38;2;172;90;10m█[38;2;144;75;8m▓[38;2;116;60;6m▓[38;2;88;46;5m▒[39m      [38;2;39;46;95m⠸[38;2;51;68;151m⣿[38;2;192;109;0m⣿[38;2;229;148;0m⣿[38;2;237;161;12m⣿[38;2;216;134;0m⣿[38;2;180;74;72m⣿[38;2;38;67;147m⣷[39m                                                                                                                                  [38;2;88;46;5m▒[38;2;116;60;6m▓[38;2;144;75;8m▓[38;2;172;90;10m█[38;2;201;105;12m█[39m[48;2;20;22;28m                  
                  [38;2;201;105;12m[48;2;27;30;36m█[38;2;172;90;10m█[38;2;144;75;8m▓[38;2;116;60;6m▓[38;2;88;46;5m▒[39m       [38;2;41;59;128m⢸[38;2;184;89;36m⣿[38;2;232;151;0m⣿[38;2;250;190;52m⣿[38;2;248;183;40m⣿[38;2;221;139;0m⣿[38;2;180;76;68m⣿[38;2;40;62;134m⣷[39m                                                                                                                                 [38;2;88;46;5m▒[38;2;116;60;6m▓[38;2;144;75;8m▓[38;2;172;90;10m█[38;2;201;105;12m█[39m[48;2;20;22;28m                  
                  [38;2;201;105;12m[48;2;27;30;36m█[38;2;172;90;10m█[38;2;144;75;8m▓[38;2;116;60;6m▓[38;2;88;46;5m▒[39m        [38;2;79;66;149m⢿[38;2;190;106;0m⣿[38;2;231;149;0m⣿[38;2;242;171;25m⣿[38;2;234;155;4m⣿[38;2;205;122;0m⣿[38;2;151;64;119m⣿[38;2;40;62;135m⣷[39m                                                                                                                                [38;2;88;46;5m▒[38;2;116;60;6m▓[38;2;144;75;8m▓[38;2;172;90;10m█[38;2;201;105;12m█[39m[48;2;20;22;28m                  
                  [38;2;201;105;12m[48;2;27;30;36m█[38;2;172;90;10m█[38;2;144;75;8m▓[38;2;116;60;6m▓[38;2;88;46;5m▒[39m        [38;2;40;48;99m⠈[38;2;72;66;149m⢿[38;2;181;81;56m⣿[38;2;206;123;0m⣿[38;2;212;129;0m⣿[38;2;202;119;0m⣿[38;2;182;81;55m⣿[38;2;113;63;146m⣿[38;2;41;59;128m⣷[38;2;39;46;93m⡄[39m                                                                                                                              [38;2;88;46;5m▒[38;2;116;60;6m▓[38;2;144;75;8m▓[38;2;172;90;10m█[38;2;201;105;12m█[39m[48;2;20;22;28m                  
                  [38;2;201;105;12m[48;2;27;30;36m█[38;2;172;90;10m█[38;2;144;75;8m▓[38;2;116;60;6m▓[38;2;88;46;5m▒[39m          [38;2;41;54;115m⠻[38;2;53;68;150m⣿[38;2;150;63;120m⣿[38;2;179;72;77m⣿[38;2;178;67;89m⣿[38;2;142;63;128m⣿[38;2;71;66;149m⣿[38;2;39;64;138m⣿[38;2;41;55;116m⣦[38;2;39;46;94m⡄[39m                                                                                                                            [38;2;88;46;5m▒[38;2;116;60;6m▓[38;2;144;75;8m▓[38;2;172;90;10m█[38;2;201;105;12m█[39m[48;2;20;22;28m                  
                  [38;2;201;105;12m[48;2;27;30;36m█[38;2;172;90;10m█[38;2;144;75;8m▓[38;2;116;60;6m▓[38;2;88;46;5m▒[39m            [38;2;41;52;110m⠹[38;2;39;64;139m⢿[38;2;61;67;150m⣿[38;2;85;65;148m⣿[38;2;79;66;149m⣿[38;2;61;67;150m⣿[38;2;38;69;150m⣿[38;2;40;63;136m⣿[38;2;41;55;118m⣷[38;2;40;49;102m⣆[39m                                                                                                                          [38;2;88;46;5m▒[38;2;116;60;6m▓[38;2;144;75;8m▓[38;2;172;90;10m█[38;2;201;105;12m█[39m[48;2;20;22;28m                  
                  [38;2;201;105;12m[48;2;27;30;36m█[38;2;172;90;10m█[38;2;144;75;8m▓[38;2;116;60;6m▓[38;2;88;46;5m▒[39m              [38;2;40;47;97m⠘[38;2;41;56;119m⢿[38;2;39;64;138m⣿[38;2;38;69;150m⣿⣿[38;2;39;66;144m⣿[38;2;39;64;138m⣿[38;2;40;62;134m⣿[38;2;41;60;130m⣿[38;2;41;56;121m⣷[38;2;41;53;111m⣦[38;2;40;51;106m⣄[39m                                                     [38;2;41;57;123m⣀[38;2;40;61;131m⣀[38;2;40;62;134m⣀[38;2;41;60;130m⣀[39m                                                             [38;2;88;46;5m▒[38;2;116;60;6m▓[38;2;144;75;8m▓[38;2;172;90;10m█[38;2;201;105;12m█[39m[48;2;20;22;28m                  
                  [38;2;201;105;12m[48;2;27;30;36m█[38;2;172;90;10m█[38;2;144;75;8m▓[38;2;116;60;6m▓[38;2;88;46;5m▒[39m                 [38;2;40;52;109m⠘[38;2;41;57;123m⠿[38;2;41;60;130m⣿[38;2;40;62;133m⣿[38;2;40;63;135m⣿[38;2;40;62;134m⣿[38;2;41;60;130m⣿⣿[38;2;40;63;137m⣿[38;2;39;66;143m⣿[38;2;39;65;140m⣿[38;2;41;60;128m⣷[38;2;41;54;114m⣶[38;2;40;49;102m⣤[38;2;39;46;94m⣀[39m                                           [38;2;39;45;91m⢰[38;2;41;57;123m⣿[38;2;49;68;151m⣿[38;2;136;62;135m⣿[38;2;179;71;80m⣿[38;2;187;103;2m⣿[38;2;199;116;0m⣿⣿[38;2;191;107;0m⣿[38;2;184;89;35m⣿[38;2;182;81;55m⣿[38;2;184;92;29m⣿[38;2;190;106;0m⣿[38;2;197;114;0m⣿[38;2;199;115;0m⣿[38;2;198;114;0m⣿[38;2;197;113;0m⣿[38;2;193;109;0m⣿[38;2;187;102;2m⣿[38;2;183;86;42m⣿[38;2;178;66;93m⣿[38;2;142;63;129m⣷[38;2;93;64;148m⣶[38;2;42;69;151m⣶[38;2;39;65;140m⣶[38;2;41;60;129m⣶[38;2;41;56;120m⣦[38;2;40;52;108m⣄[39m                                         [38;2;88;46;5m▒[38;2;116;60;6m▓[38;2;144;75;8m▓[38;2;172;90;10m█[38;2;201;105;12m█[39m[48;2;20;22;28m                  
                  [38;2;201;105;12m[48;2;27;30;36m█[38;2;172;90;10m█[38;2;144;75;8m▓[38;2;116;60;6m▓[38;2;88;46;5m▒[39m                    [38;2;40;48;100m⠘[38;2;41;54;114m⠻[38;2;41;57;122m⠿[38;2;41;58;124m⣿[38;2;41;60;128m⣿[38;2;39;64;139m⣿[38;2;38;68;147m⣿[38;2;38;68;148m⣿[38;2;39;65;140m⣿[38;2;40;61;131m⣿[38;2;41;59;126m⣿[38;2;41;58;124m⣿[38;2;41;56;121m⣿[38;2;41;52;111m⣷[38;2;40;47;96m⣦[39m                                        [38;2;39;46;94m⢸[38;2;41;59;128m⣿[38;2;73;66;149m⣿[38;2;156;64;114m⣿[38;2;184;91;30m⣿[38;2;202;118;0m⣿[38;2;217;134;0m⣿[38;2;220;138;0m⣿[38;2;215;133;0m⣿[38;2;208;124;0m⣿⣿[38;2;220;138;0m⣿[38;2;234;155;4m⣿[38;2;242;171;24m⣿[38;2;245;176;31m⣿[38;2;244;175;29m⣿[38;2;244;174;28m⣿[38;2;242;170;24m⣿[38;2;239;165;18m⣿[38;2;236;158;7m⣿[38;2;230;149;0m⣿[38;2;223;141;0m⣿[38;2;217;134;0m⣿[38;2;211;129;0m⣿[38;2;207;124;0m⣿[38;2;204;121;0m⣿[38;2;202;118;0m⣿[38;2;195;112;0m⣿[38;2;184;90;34m⣿[38;2;152;64;118m⣷[38;2;59;68;150m⣶[38;2;40;62;134m⣶[38;2;41;56;121m⣤[38;2;41;53;111m⣄[39m                                   [38;2;88;46;5m▒[38;2;116;60;6m▓[38;2;144;75;8m▓[38;2;172;90;10m█[38;2;201;105;12m█[39m[48;2;20;22;28m                  
                  [38;2;201;105;12m[48;2;27;30;36m█[38;2;172;90;10m█[38;2;144;75;8m▓[38;2;116;60;6m▓[38;2;88;46;5m▒[39m                        [38;2;40;47;97m⠘[38;2;41;54;114m⠻[38;2;41;59;128m⠿[38;2;40;62;133m⣿[38;2;40;61;132m⣿[38;2;41;59;127m⣿[38;2;41;58;126m⣿[38;2;41;59;127m⣿[38;2;41;60;130m⣿[38;2;41;58;126m⣿[38;2;41;53;113m⣿[38;2;39;46;94m⣿[39m                                       [38;2;38;43;87m⠈[38;2;41;54;115m⠿[38;2;38;67;146m⣿[38;2;120;62;146m⣿[38;2;178;67;90m⣿[38;2;188;104;0m⣿[38;2;205;122;0m⣿[38;2;210;127;0m⣿[38;2;207;124;0m⣿[38;2;202;118;0m⣿[38;2;203;120;0m⣿[38;2;218;135;0m⣿[38;2;233;153;2m⣿[38;2;243;172;26m⣿[38;2;246;179;35m⣿[38;2;247;181;38m⣿[38;2;249;185;42m⣿[38;2;250;186;44m⣿[38;2;249;185;43m⣿[38;2;248;182;40m⣿[38;2;246;178;34m⣿[38;2;243;172;25m⣿[38;2;240;166;18m⣿[38;2;239;164;16m⣿[38;2;240;167;19m⣿[38;2;243;172;26m⣿[38;2;244;175;30m⣿[38;2;243;172;26m⣿[38;2;233;153;1m⣿[38;2;213;130;0m⣿[38;2;186;97;15m⣿[38;2;175;65;96m⣿[38;2;149;63;122m⣿[38;2;134;62;136m⣿[38;2;89;65;148m⣿[38;2;39;64;139m⣿[38;2;40;49;101m⣆[39m                                [38;2;88;46;5m▒[38;2;116;60;6m▓[38;2;144;75;8m▓[38;2;172;90;10m█[38;2;201;105;12m█[39m[48;2;20;22;28m                  
                  [38;2;201;105;12m[48;2;27;30;36m█[38;2;172;90;10m█[38;2;144;75;8m▓[38;2;116;60;6m▓[38;2;88;46;5m▒[39m                              [38;2;40;49;102m⠙[38;2;41;52;110m⠿[38;2;41;56;120m⢿[38;2;41;57;123m⣿[38;2;41;55;116m⣿[38;2;40;48;99m⣿[39m                                          [38;2;40;48;99m⠈[38;2;41;55;116m⠛[38;2;40;62;135m⠿[38;2;41;69;151m⠿[38;2;77;66;149m⠿[38;2;95;64;148m⢿[38;2;108;63;147m⣿[38;2;134;62;136m⣿[38;2;175;65;95m⣿[38;2;186;96;18m⣿[38;2;197;113;0m⣿[38;2;203;120;0m⣿[38;2;206;123;0m⣿[38;2;210;127;0m⣿[38;2;214;131;0m⣿[38;2;217;135;0m⣿[38;2;221;139;0m⣿[38;2;223;141;0m⣿[38;2;225;143;0m⣿[38;2;227;145;0m⣿[38;2;230;149;0m⣿[38;2;235;156;5m⣿[38;2;239;165;17m⣿[38;2;243;172;26m⣿[38;2;242;171;25m⣿[38;2;234;154;3m⣿[38;2;215;132;0m⣿[38;2;188;104;0m⣿[38;2;179;72;77m⣿[38;2;163;64;107m⣿[38;2;151;63;120m⣿[38;2;119;62;146m⣿[38;2;38;68;148m⣿[38;2;40;51;107m⣿[39m                                [38;2;88;46;5m▒[38;2;116;60;6m▓[38;2;144;75;8m▓[38;2;172;90;10m█[38;2;201;105;12m█[39m[48;2;20;22;28m                  
                  [38;2;201;105;12m[48;2;27;30;36m█[38;2;172;90;10m█[38;2;144;75;8m▓[38;2;116;60;6m▓[38;2;88;46;5m▒[39m                                 [38;2;40;47;97m⢻[38;2;40;48;100m⣿[38;2;39;45;92m⣿[39m                                                   [38;2;40;50;104m⠙[38;2;41;54;115m⠛[38;2;41;58;125m⠛[38;2;40;63;136m⠻[38;2;38;68;148m⠿[38;2;65;67;150m⠿[38;2;100;64;147m⠿[38;2;128;62;142m⣿[38;2;142;63;128m⣿[38;2;152;64;119m⣿[38;2;161;64;109m⣿[38;2;177;65;94m⣿[38;2;182;83;49m⣿[38;2;187;103;1m⣿[38;2;195;111;0m⣿[38;2;198;114;0m⣿[38;2;191;107;0m⣿[38;2;184;89;36m⣿[38;2;167;65;104m⣿[38;2;137;62;133m⣿[38;2;122;62;146m⣿[38;2;113;63;146m⣿[38;2;75;66;149m⣿[38;2;40;63;137m⣿[38;2;40;49;102m⠟[39m                                [38;2;88;46;5m▒[38;2;116;60;6m▓[38;2;144;75;8m▓[38;2;172;90;10m█[38;2;201;105;12m█[39m[48;2;20;22;28m                  
                  [38;2;201;105;12m[48;2;27;30;36m█[38;2;172;90;10m█[38;2;144;75;8m▓[38;2;116;60;6m▓[38;2;88;46;5m▒[39m                                  [38;2;37;41;82m⠘[38;2;37;41;80m⠃[39m                                                                [38;2;40;48;99m⠈[38;2;40;50;103m⠉[38;2;40;50;104m⠉[39m                                         [38;2;88;46;5m▒[38;2;116;60;6m▓[38;2;144;75;8m▓[38;2;172;90;10m█[38;2;201;105;12m█[39m[48;2;20;22;28m                  
                  [38;2;201;105;12m[48;2;27;30;36m█[38;2;172;90;10m█[38;2;144;75;8m▓[38;2;116;60;6m▓[38;2;88;46;5m▒[39m                                                                                                                                                [38;2;88;46;5m▒[38;2;116;60;6m▓[38;2;144;75;8m▓[38;2;172;90;10m█[38;2;201;105;12m█[39m[48;2;20;22;28m                  
                  [38;2;201;105;12m[48;2;27;30;36m█[38;2;172;90;10m█[38;2;144;75;8m▓[38;2;116;60;6m▓[38;2;88;46;5m▒[39m                                                                                                                                                [38;2;88;46;5m▒[38;2;116;60;6m▓[38;2;144;75;8m▓[38;2;172;90;10m█[38;2;201;105;12m█[39m[48;2;20;22;28m                  
                  [38;2;201;105;12m[48;2;27;30;36m█[38;2;172;90;10m█[38;2;144;75;8m▓[38;2;116;60;6m▓[38;2;88;46;5m▒[39m                                                                                                                                                [38;2;88;46;5m▒[38;2;116;60;6m▓[38;2;144;75;8m▓[38;2;172;90;10m█[38;2;201;105;12m█[39m[48;2;20;22;28m                  
                  [38;2;201;105;12m[48;2;27;30;36m█[38;2;172;90;10m█[38;2;144;75;8m▓[38;2;116;60;6m▓[38;2;88;46;5m▒[39m                                                                                                                                                [38;2;88;46;5m▒[38;2;116;60;6m▓[38;2;144;75;8m▓[38;2;172;90;10m█[38;2;201;105;12m█[39m[48;2;20;22;28m                  
                  [38;2;201;105;12m[48;2;27;30;36m█[38;2;172;90;10m█[38;2;144;75;8m▓[38;2;116;60;6m▓[38;2;88;46;5m▒[39m                                                                                                                                                [38;2;88;46;5m▒[38;2;116;60;6m▓[38;2;144;75;8m▓[38;2;172;90;10m█[38;2;201;105;12m█[39m[48;2;20;22;28m                  
                  [38;2;201;105;12m[48;2;27;30;36m█[38;2;172;90;10m█[38;2;144;75;8m▓[38;2;116;60;6m▓[38;2;88;46;5m▒[39m                                                                                                                                                [38;2;88;46;5m▒[38;2;116;60;6m▓[38;2;144;75;8m▓[38;2;172;90;10m█[38;2;201;105;12m█[39m[48;2;20;22;28m                  
                  [38;2;201;105;12m[48;2;27;30;36m█[38;2;172;90;10m█[38;2;144;75;8m▓[38;2;116;60;6m▓[38;2;88;46;5m▒[39m                                                                                                                                                [38;2;88;46;5m▒[38;2;116;60;6m▓[38;2;144;75;8m▓[38;2;172;90;10m█[38;2;201;105;12m█[39m[48;2;20;22;28m                  
                  [38;2;201;105;12m[48;2;27;30;36m█[38;2;172;90;10m█[38;2;144;75;8m▓[38;2;116;60;6m▓[38;2;88;46;5m▒[39m                                                                                                                                                [38;2;88;46;5m▒[38;2;116;60;6m▓[38;2;144;75;8m▓[38;2;172;90;10m█[38;2;201;105;12m█[39m[48;2;20;22;28m                  
                  [38;2;201;105;12m[48;2;27;30;36m█[38;2;172;90;10m█[38;2;144;75;8m▓[38;2;116;60;6m▓[38;2;88;46;5m▒[39m                                                                                                                                                [38;2;88;46;5m▒[38;2;116;60;6m▓[38;2;144;75;8m▓[38;2;172;90;10m█[38;2;201;105;12m█[39m[48;2;20;22;28m                  
                  [38;2;201;105;12m[48;2;27;30;36m█[38;2;172;90;10m█[38;2;144;75;8m▓[38;2;116;60;6m▓[38;2;88;46;5m▒[39m                                                                                                                                                [38;2;88;46;5m▒[38;2;116;60;6m▓[38;2;144;75;8m▓[38;2;172;90;10m█[38;2;201;105;12m█[39m[48;2;20;22;28m                  
                  [38;2;201;105;12m[48;2;27;30;36m█[38;2;172;90;10m█[38;2;144;75;8m▓[38;2;116;60;6m▓[38;2;88;46;5m▒[39m                                                                                                                                                [38;2;88;46;5m▒[38;2;116;60;6m▓[38;2;144;75;8m▓[38;2;172;90;10m█[38;2;201;105;12m█[39m[48;2;20;22;28m                  
                  [38;2;201;105;12m[48;2;27;30;36m█[38;2;172;90;10m█[38;2;144;75;8m▓[38;2;116;60;6m▓[38;2;88;46;5m▒[39m                                                                                                                                                [38;2;88;46;5m▒[38;2;116;60;6m▓[38;2;144;75;8m▓[38;2;172;90;10m█[38;2;201;105;12m█[39m[48;2;20;22;28m                  
                  [38;2;201;105;12m[48;2;27;30;36m█[38;2;172;90;10m█[38;2;144;75;8m▓[38;2;116;60;6m▓[38;2;88;46;5m▒[39m                                                                                                                                                [38;2;88;46;5m▒[38;2;116;60;6m▓[38;2;144;75;8m▓[38;2;172;90;10m█[38;2;201;105;12m█[39m[48;2;20;22;28m                  
                  [38;2;201;105;12m[48;2;27;30;36m█[38;2;172;90;10m█[38;2;144;75;8m▓[38;2;116;60;6m▓[38;2;88;46;5m▒[39m                                                                                                                                                [38;2;88;46;5m▒[38;2;116;60;6m▓[38;2;144;75;8m▓[38;2;172;90;10m█[38;2;201;105;12m█[39m[48;2;20;22;28m                  
                  [38;2;201;105;12m[48;2;27;30;36m█[38;2;172;90;10m█[38;2;144;75;8m▓[38;2;116;60;6m▓[38;2;88;46;5m▒[39m                                                                                                                                                [38;2;88;46;5m▒[38;2;116;60;6m▓[38;2;144;75;8m▓[38;2;172;90;10m█[38;2;201;105;12m█[39m[48;2;20;22;28m                  
                  [38;2;201;105;12m[48;2;27;30;36m█[38;2;172;90;10m█[38;2;144;75;8m▓[38;2;116;60;6m▓[38;2;88;46;5m▒[39m                                                                                                                                                [38;2;88;46;5m▒[38;2;116;60;6m▓[38;2;144;75;8m▓[38;2;172;90;10m█[38;2;201;105;12m█[39m[48;2;20;22;28m                  
                  [38;2;201;105;12m[48;2;27;30;36m█[38;2;172;90;10m█[38;2;144;75;8m▓[38;2;116;60;6m▓[38;2;88;46;5m▒[39m                                                                                                                                                [38;2;88;46;5m▒[38;2;116;60;6m▓[38;2;144;75;8m▓[38;2;172;90;10m█[38;2;201;105;12m█[39m[48;2;20;22;28m                  
                  [38;2;201;105;12m[48;2;27;30;36m█[38;2;172;90;10m█[38;2;144;75;8m▓[38;2;116;60;6m▓[38;2;88;46;5m▒[39m             [38;2;37;41;81m⣴⣦[39m                                                                                                                                 [38;2;88;46;5m▒[38;2;116;60;6m▓[38;2;144;75;8m▓[38;2;172;90;10m█[38;2;201;105;12m█[39m[48;2;20;22;28m                  
                  [38;2;201;105;12m[48;2;27;30;36m█[38;2;172;90;10m█[38;2;144;75;8m▓[38;2;116;60;6m▓[38;2;88;46;5m▒[39m             [38;2;37;41;82m⢿⣿[39m                                                                                                                                 [38;2;88;46;5m▒[38;2;116;60;6m▓[38;2;144;75;8m▓[38;2;172;90;10m█[38;2;201;105;12m█[39m[48;2;20;22;28m                  
                  [38;2;201;105;12m[48;2;27;30;36m█[38;2;172;90;10m█[38;2;144;75;8m▓[38;2;116;60;6m▓[38;2;88;46;5m▒[39m                                                                                                                                                [38;2;88;46;5m▒[38;2;116;60;6m▓[38;2;144;75;8m▓[38;2;172;90;10m█[38;2;201;105;12m█[39m[48;2;20;22;28m                  
                  [38;2;201;105;12m[48;2;27;30;36m█[38;2;172;90;10m█[38;2;144;75;8m▓[38;2;116;60;6m▓[38;2;88;46;5m▒[39m                                                                                                                                                [38;2;88;46;5m▒[38;2;116;60;6m▓[38;2;144;75;8m▓[38;2;172;90;10m█[38;2;201;105;12m█[39m[48;2;20;22;28m                  
                  [38;2;201;105;12m[48;2;27;30;36m█[38;2;172;90;10m█[38;2;144;75;8m▓[38;2;116;60;6m▓[38;2;88;46;5m▒[39m                                                                                                                                                [38;2;88;46;5m▒[38;2;116;60;6m▓[38;2;144;75;8m▓[38;2;172;90;10m█[38;2;201;105;12m█[39m[48;2;20;22;28m                  
                  [38;2;201;105;12m[48;2;27;30;36m█[38;2;172;90;10m█[38;2;144;75;8m▓[38;2;116;60;6m▓[38;2;88;46;5m▒[39m                                                                                                                                                [38;2;88;46;5m▒[38;2;116;60;6m▓[38;2;144;75;8m▓[38;2;172;90;10m█[38;2;201;105;12m█[39m[48;2;20;22;28m                  
                  [38;2;201;105;12m[48;2;27;30;36m█[38;2;172;90;10m█[38;2;144;75;8m▓[38;2;116;60;6m▓[38;2;88;46;5m▒[39m                                                                                                                                                [38;2;88;46;5m▒[38;2;116;60;6m▓[38;2;144;75;8m▓[38;2;172;90;10m█[38;2;201;105;12m█[39m[48;2;20;22;28m                  
                  [38;2;201;105;12m[48;2;27;30;36m█[38;2;172;90;10m█[38;2;144;75;8m▓[38;2;130;68;7m▓▓▓▓▓▓▓▓▓▓▓▓▓▓▓▓▓▓▓▓▓▓▓▓▓▓▓▓▓▓▓▓▓▓▓▓▓▓▓▓▓▓▓▓▓▓▓▓▓▓▓▓▓▓▓▓▓▓▓▓▓▓▓▓▓▓▓▓▓▓▓▓▓▓▓▓▓▓▓▓▓▓▓▓▓▓▓▓▓▓▓▓▓▓▓▓▓▓▓▓▓▓▓▓▓▓▓▓▓▓▓▓▓▓▓▓▓▓▓▓▓▓▓▓▓▓▓▓▓▓▓▓▓▓▓▓▓▓▓▓▓▓▓▓▓▓▓▓[38;2;144;75;8m▓[38;2;172;90;10m█[38;2;201;105;12m█[39m[48;2;20;22;28m                  
                  [38;2;201;105;12m[48;2;27;30;36m██████████████████████████████████████████████████████████████████████████████████████████████████████████████████████████████████████████████████████████[39m[48;2;20;22;28m                  
                                                                                                                                                                                              
                                                                                                                                                                                              
