[48;2;20;22;28m                                                                                                                                                                                              
                                                                                                                                                                                              
                  [38;2;221;174;195m[48;2;30;32;40m██████████████████████████████████████████████████████████████████████████████████████████████████████████████████████████████████████████████████████████[39m[48;2;20;22;28m                  
                  [38;2;221;174;195m[48;2;30;32;40m█[38;2;190;149;167m█[38;2;159;125;140m▓[38;2;143;113;126m▓▓▓▓▓▓▓▓▓▓▓▓▓▓▓▓▓▓▓▓▓▓▓▓▓▓▓▓▓▓▓▓▓▓▓▓▓▓▓▓▓▓▓▓▓▓▓▓▓▓▓▓▓▓▓▓▓▓▓▓▓▓▓▓▓▓▓▓▓▓▓▓▓▓▓▓▓▓▓▓▓▓▓▓▓▓▓▓▓▓▓▓▓▓▓▓▓▓▓▓▓▓▓▓▓▓▓▓▓▓▓▓▓▓▓▓▓▓▓▓▓▓▓▓▓▓▓▓▓▓▓▓▓▓▓▓▓▓▓▓▓▓▓▓▓▓▓▓[38;2;159;125;140m▓[38;2;190;149;167m█[38;2;221;174;195m█[39m[48;2;20;22;28m                  
                  [38;2;221;174;195m[48;2;30;32;40m█[38;2;190;149;167m█[38;2;159;125;140m▓[38;2;128;100;113m▓[38;2;97;76;85m▒[38;2;127;153;115m⣿[38;2;53;141;133m⣿[38;2;35;98;143m⣷[39m                                                                                                                                             [38;2;97;76;85m▒[38;2;128;100;113m▓[38;2;159;125;140m▓[38;2;190;149;167m█[38;2;221;174;195m█[39m[48;2;20;22;28m                  
                  [38;2;221;174;195m[48;2;30;32;40m█[38;2;190;149;167m█[38;2;159;125;140m▓[38;2;128;100;113m▓[38;2;97;76;85m▒[38;2;112;153;119m⣿[38;2;60;144;132m⣿[38;2;30;111;148m⣿[38;2;48;55;102m⣷[39m                                                                                                                                            [38;2;97;76;85m▒[38;2;128;100;113m▓[38;2;159;125;140m▓[38;2;190;149;167m█[38;2;221;174;195m█[39m[48;2;20;22;28m                  
                  [38;2;221;174;195m[48;2;30;32;40m█[38;2;190;149;167m█[38;2;159;125;140m▓[38;2;128;100;113m▓[38;2;97;76;85m▒[38;2;43;138;136m⣿[38;2;42;138;136m⣿[38;2;27;132;141m⣿[38;2;33;101;145m⣿[38;2;48;62;109m⣷[39m                                                                                                                         [38;2;38;41;56m⣀⣠[38;2;37;40;53m⡄[39m               [38;2;97;76;85m▒[38;2;128;100;113m▓[38;2;159;125;140m▓[38;2;190;149;167m█[38;2;221;174;195m█[39m[48;2;20;22;28m                  
                  [38;2;221;174;195m[48;2;30;32;40m█[38;2;190;149;167m█[38;2;159;125;140m▓[38;2;128;100;113m▓[38;2;97;76;85m▒[38;2;30;106;149m⢸[38;2;42;138;136m⣿[38;2;135;153;113m⣿[38;2;183;153;102m⣿[38;2;114;153;118m⣿[38;2;28;123;144m⣷[38;2;47;64;111m⡆[39m                                                                                                                      [38;2;38;41;55m⣿[38;2;38;42;58m⣿[38;2;38;42;57m⣿[38;2;37;40;54m⡿[39m               [38;2;97;76;85m▒[38;2;128;100;113m▓[38;2;159;125;140m▓[38;2;190;149;167m█[38;2;221;174;195m█[39m[48;2;20;22;28m                  
                  [38;2;221;174;195m[48;2;30;32;40m█[38;2;190;149;167m█[38;2;159;125;140m▓[38;2;128;100;113m▓[38;2;97;76;85m▒[38;2;48;59;106m⣾[38;2;27;130;141m⣿[38;2;198;156;128m⣿[38;2;233;179;183m⣿[38;2;232;178;184m⣿[38;2;191;154;111m⣿[38;2;27;127;142m⣿[38;2;45;51;87m⣇[39m                                                                                                                                        [38;2;97;76;85m▒[38;2;128;100;113m▓[38;2;159;125;140m▓[38;2;190;149;167m█[38;2;221;174;195m█[39m[48;2;20;22;28m                  
                  [38;2;221;174;195m[48;2;30;32;40m█[38;2;190;149;167m█[38;2;159;125;140m▓[38;2;128;100;113m▓[38;2;97;76;85m▒[39m [38;2;30;111;148m⣿[38;2;192;155;114m⣿[38;2;241;193;178m⣿[38;2;241;213;190m⣿[38;2;234;180;183m⣿[38;2;125;153;116m⣿[38;2;47;69;116m⣿[39m                                                                                                                                        [38;2;97;76;85m▒[38;2;128;100;113m▓[38;2;159;125;140m▓[38;2;190;149;167m█[38;2;221;174;195m█[39m[48;2;20;22;28m                  
                  [38;2;221;174;195m[48;2;30;32;40m█[38;2;190;149;167m█[38;2;159;125;140m▓[38;2;128;100;113m▓[38;2;97;76;85m▒[39m [38;2;46;72;120m⢸[38;2;55;142;133m⣿[38;2;206;158;148m⣿[38;2;234;180;183m⣿[38;2;224;165;189m⣿[38;2;136;153;113m⣿[38;2;41;87;134m⣿[38;2;41;47;72m⡇[39m                                                                                                                                       [38;2;97;76;85m▒[38;2;128;100;113m▓[38;2;159;125;140m▓[38;2;190;149;167m█[38;2;221;174;195m█[39m[48;2;20;22;28m                  
                  [38;2;221;174;195m[48;2;30;32;40m█[38;2;190;149;167m█[38;2;159;125;140m▓[38;2;128;100;113m▓[38;2;97;76;85m▒[39m  [38;2;46;73;121m⢻[38;2;27;130;141m⣿[38;2;129;153;115m⣿[38;2;149;153;110m⣿[38;2;66;146;130m⣿[38;2;36;96;142m⣿[38;2;46;52;90m⣿[39m                                                                                                                                       [38;2;97;76;85m▒[38;2;128;100;113m▓[38;2;159;125;140m▓[38;2;190;149;167m█[38;2;221;174;195m█[39m[48;2;20;22;28m                  
                  [38;2;221;174;195m[48;2;30;32;40m█[38;2;190;149;167m█[38;2;159;125;140m▓[38;2;128;100;113m▓[38;2;97;76;85m▒[39m   [38;2;44;51;86m⠹[38;2;47;70;117m⣿[38;2;35;99;144m⣿[38;2;30;109;148m⣿[38;2;35;97;142m⣿[38;2;47;65;112m⣿[38;2;42;48;76m⡆[39m                                                                                                                                      [38;2;97;76;85m▒[38;2;128;100;113m▓[38;2;159;125;140m▓[38;2;190;149;167m█[38;2;221;174;195m█[39m[48;2;20;22;28m                  
                  [38;2;221;174;195m[48;2;30;32;40m█[38;2;190;149;167m█[38;2;159;125;140m▓[38;2;128;100;113m▓[38;2;97;76;85m▒[39m    [38;2;40;45;68m⠈[38;2;48;55;100m⢿[38;2;46;79;127m⣿[38;2;34;99;144m⣿[38;2;33;100;145m⣿[38;2;43;84;131m⣿[38;2;48;57;104m⣆[39m                                                                                                                                     [38;2;97;76;85m▒[38;2;128;100;113m▓[38;2;159;125;140m▓[38;2;190;149;167m█[38;2;221;174;195m█[39m[48;2;20;22;28m                  
                  [38;2;221;174;195m[48;2;30;32;40m█[38;2;190;149;167m█[38;2;159;125;140m▓[38;2;128;100;113m▓[38;2;97;76;85m▒[39m      [38;2;48;54;99m⢻[38;2;35;98;143m⣿[38;2;62;144;131m⣿[38;2;132;153;114m⣿[38;2;92;153;123m⣿[38;2;29;115;146m⣷[38;2;48;55;100m⡆[39m                                                                                                                                   [38;2;97;76;85m▒[38;2;128;100;113m▓[38;2;159;125;140m▓[38;2;190;149;167m█[38;2;221;174;195m█[39m[48;2;20;22;28m                  
                  [38;2;221;174;195m[48;2;30;32;40m█[38;2;190;149;167m█[38;2;159;125;140m▓[38;2;128;100;113m▓[38;2;97;76;85m▒[39m      [38;2;41;47;73m⠸[38;2;43;83;131m⣿[38;2;108;153;120m⣿[38;2;218;161;178m⣿[38;2;228;171;187m⣿[38;2;197;156;125m⣿[38;2;40;137;137m⣿[38;2;46;75;123m⣷[39m                                                                                                                                  [38;2;97;76;85m▒[38;2;128;100;113m▓[38;2;159;125;140m▓[38;2;190;149;167m█[38;2;221;174;195m█[39m[48;2;20;22;28m                  
                  [38;2;221;174;195m[48;2;30;32;40m█[38;2;190;149;167m█[38;2;159;125;140m▓[38;2;128;100;113m▓[38;2;97;76;85m▒[39m       [38;2;48;59;106m⢸[38;2;63;145;131m⣿[38;2;222;162;189m⣿[38;2;241;196;180m⣿[38;2;240;190;178m⣿[38;2;205;158;145m⣿[38;2;43;138;136m⣿[38;2;47;64;112m⣷[39m                                                                                                                                 [38;2;97;76;85m▒[38;2;128;100;113m▓[38;2;159;125;140m▓[38;2;190;149;167m█[38;2;221;174;195m█[39m[48;2;20;22;28m                  
                  [38;2;221;174;195m[48;2;30;32;40m█[38;2;190;149;167m█[38;2;159;125;140m▓[38;2;128;100;113m▓[38;2;97;76;85m▒[39m        [38;2;38;92;138m⢿[38;2;97;153;122m⣿[38;2;219;162;183m⣿[38;2;234;180;183m⣿[38;2;225;166;189m⣿[38;2;164;153;107m⣿[38;2;28;119;145m⣿[38;2;47;65;112m⣷[39m                                                                                                                                [38;2;97;76;85m▒[38;2;128;100;113m▓[38;2;159;125;140m▓[38;2;190;149;167m█[38;2;221;174;195m█[39m[48;2;20;22;28m                  
                  [38;2;221;174;195m[48;2;30;32;40m█[38;2;190;149;167m█[38;2;159;125;140m▓[38;2;128;100;113m▓[38;2;97;76;85m▒[39m        [38;2;42;48;77m⠈[38;2;40;90;136m⢿[38;2;50;140;134m⣿[38;2;168;153;106m⣿[38;2;190;154;108m⣿[38;2;152;153;110m⣿[38;2;51;141;134m⣿[38;2;32;102;147m⣿[38;2;48;59;106m⣷[38;2;41;47;71m⡄[39m                                                                                                                              [38;2;97;76;85m▒[38;2;128;100;113m▓[38;2;159;125;140m▓[38;2;190;149;167m█[38;2;221;174;195m█[39m[48;2;20;22;28m                  
                  [38;2;221;174;195m[48;2;30;32;40m█[38;2;190;149;167m█[38;2;159;125;140m▓[38;2;128;100;113m▓[38;2;97;76;85m▒[39m          [38;2;46;53;94m⠻[38;2;43;84;131m⣿[38;2;29;119;145m⣿[38;2;37;136;138m⣿[38;2;30;134;140m⣿[38;2;29;114;147m⣿[38;2;40;90;136m⣿[38;2;47;68;116m⣿[38;2;47;53;95m⣦[38;2;41;47;72m⡄[39m                                                                                                                            [38;2;97;76;85m▒[38;2;128;100;113m▓[38;2;159;125;140m▓[38;2;190;149;167m█[38;2;221;174;195m█[39m[48;2;20;22;28m                  
                  [38;2;221;174;195m[48;2;30;32;40m█[38;2;190;149;167m█[38;2;159;125;140m▓[38;2;128;100;113m▓[38;2;97;76;85m▒[39m            [38;2;45;52;89m⠹[38;2;47;68;116m⢿[38;2;42;86;133m⣿[38;2;37;94;140m⣿[38;2;38;92;138m⣿[38;2;41;86;133m⣿[38;2;46;78;126m⣿[38;2;47;66;114m⣿[38;2;47;54;97m⣷[38;2;43;49;80m⣆[39m                                                                                                                          [38;2;97;76;85m▒[38;2;128;100;113m▓[38;2;159;125;140m▓[38;2;190;149;167m█[38;2;221;174;195m█[39m[48;2;20;22;28m                  
                  [38;2;221;174;195m[48;2;30;32;40m█[38;2;190;149;167m█[38;2;159;125;140m▓[38;2;128;100;113m▓[38;2;97;76;85m▒[39m              [38;2;42;48;75m⠘[38;2;47;54;98m⢿[38;2;47;68;116m⣿[38;2;46;78;126m⣿⣿[38;2;46;73;120m⣿[38;2;47;68;115m⣿[38;2;47;65;112m⣿[38;2;48;61;108m⣿[38;2;48;55;100m⣷[38;2;45;52;90m⣦[38;2;44;51;84m⣄[39m                                                     [38;2;48;55;102m⣀[38;2;48;62;109m⣀[38;2;47;64;112m⣀[38;2;48;61;108m⣀[39m                                                             [38;2;97;76;85m▒[38;2;128;100;113m▓[38;2;159;125;140m▓[38;2;190;149;167m█[38;2;221;174;195m█[39m[48;2;20;22;28m                  
                  [38;2;221;174;195m[48;2;30;32;40m█[38;2;190;149;167m█[38;2;159;125;140m▓[38;2;128;100;113m▓[38;2;97;76;85m▒[39m                 [38;2;45;51;88m⠘[38;2;48;55;102m⠿[38;2;48;61;108m⣿[38;2;47;64;111m⣿[38;2;47;66;113m⣿[38;2;47;65;112m⣿[38;2;48;61;108m⣿⣿[38;2;47;67;115m⣿[38;2;46;72;120m⣿[38;2;47;70;117m⣿[38;2;48;60;107m⣷[38;2;46;53;92m⣶[38;2;43;49;80m⣤[38;2;41;47;72m⣀[39m                                           [38;2;41;46;69m⢰[38;2;48;55;102m⣿[38;2;43;83;130m⣿[38;2;30;111;148m⣿[38;2;35;135;138m⣿[38;2;85;152;125m⣿[38;2;137;153;113m⣿[38;2;138;153;113m⣿[38;2;101;153;121m⣿[38;2;64;145;131m⣿[38;2;51;141;134m⣿[38;2;68;146;130m⣿[38;2;98;153;122m⣿[38;2;130;153;115m⣿[38;2;136;153;113m⣿[38;2;132;153;114m⣿[38;2;127;153;115m⣿[38;2;109;153;119m⣿[38;2;85;152;125m⣿[38;2;59;143;132m⣿[38;2;27;133;140m⣿[38;2;29;114;147m⣷[38;2;36;96;142m⣶[38;2;45;81;129m⣶[38;2;47;70;117m⣶[38;2;48;60;108m⣶[38;2;48;54;99m⣦[38;2;45;51;87m⣄[39m                                         [38;2;97;76;85m▒[38;2;128;100;113m▓[38;2;159;125;140m▓[38;2;190;149;167m█[38;2;221;174;195m█[39m[48;2;20;22;28m                  
                  [38;2;221;174;195m[48;2;30;32;40m█[38;2;190;149;167m█[38;2;159;125;140m▓[38;2;128;100;113m▓[38;2;97;76;85m▒[39m                    [38;2;43;49;78m⠘[38;2;46;53;92m⠻[38;2;48;55;100m⠿[38;2;48;56;103m⣿[38;2;48;60;107m⣿[38;2;47;69;116m⣿[38;2;46;76;124m⣿⣿[38;2;47;70;117m⣿[38;2;48;62;109m⣿[38;2;48;58;105m⣿[38;2;48;56;103m⣿[38;2;48;55;100m⣿[38;2;45;52;89m⣷[38;2;42;48;74m⣦[39m                                        [38;2;41;47;71m⢸[38;2;48;59;106m⣿[38;2;39;90;136m⣿[38;2;28;122;144m⣿[38;2;67;146;130m⣿[38;2;150;153;110m⣿[38;2;197;156;127m⣿[38;2;203;157;140m⣿[38;2;195;155;121m⣿[38;2;175;153;104m⣿⣿[38;2;203;157;140m⣿[38;2;224;165;189m⣿[38;2;233;180;183m⣿[38;2;236;184;181m⣿[38;2;235;183;182m⣿[38;2;235;182;182m⣿[38;2;233;179;183m⣿[38;2;230;175;185m⣿[38;2;226;168;188m⣿[38;2;219;162;181m⣿[38;2;208;159;153m⣿[38;2;197;156;126m⣿[38;2;189;154;105m⣿[38;2;174;153;105m⣿[38;2;161;153;108m⣿[38;2;149;153;110m⣿[38;2;120;153;117m⣿[38;2;64;145;130m⣿[38;2;28;120;145m⣷[38;2;42;86;133m⣶[38;2;47;65;112m⣶[38;2;48;55;100m⣤[38;2;45;52;90m⣄[39m                                   [38;2;97;76;85m▒[38;2;128;100;113m▓[38;2;159;125;140m▓[38;2;190;149;167m█[38;2;221;174;195m█[39m[48;2;20;22;28m                  
                  [38;2;221;174;195m[48;2;30;32;40m█[38;2;190;149;167m█[38;2;159;125;140m▓[38;2;128;100;113m▓[38;2;97;76;85m▒[39m                        [38;2;42;48;75m⠘[38;2;46;53;92m⠻[38;2;48;59;106m⠿[38;2;47;64;111m⣿[38;2;48;63;110m⣿[38;2;48;59;106m⣿[38;2;48;57;105m⣿[38;2;48;59;106m⣿[38;2;48;61;108m⣿[38;2;48;57;104m⣿[38;2;46;53;92m⣿[38;2;41;47;72m⣿[39m                                       [38;2;40;44;65m⠈[38;2;46;53;94m⠿[38;2;46;75;122m⣿[38;2;31;104;148m⣿[38;2;29;133;140m⣿[38;2;90;153;124m⣿[38;2;164;153;107m⣿[38;2;187;153;102m⣿[38;2;174;153;105m⣿[38;2;148;153;110m⣿[38;2;156;153;109m⣿[38;2;199;156;130m⣿[38;2;224;164;190m⣿[38;2;234;180;183m⣿[38;2;238;187;180m⣿[38;2;239;189;179m⣿[38;2;241;192;178m⣿[38;2;241;193;178m⣿[38;2;241;192;178m⣿[38;2;240;190;179m⣿[38;2;237;186;180m⣿[38;2;234;180;183m⣿[38;2;231;175;185m⣿[38;2;230;174;186m⣿[38;2;231;176;185m⣿[38;2;234;181;183m⣿[38;2;236;184;181m⣿[38;2;234;181;183m⣿[38;2;223;164;190m⣿[38;2;191;154;110m⣿[38;2;77;149;127m⣿[38;2;27;131;141m⣿[38;2;29;118;145m⣿[38;2;30;110;148m⣿[38;2;37;95;141m⣿[38;2;47;69;116m⣿[38;2;43;49;80m⣆[39m                                [38;2;97;76;85m▒[38;2;128;100;113m▓[38;2;159;125;140m▓[38;2;190;149;167m█[38;2;221;174;195m█[39m[48;2;20;22;28m                  
                  [38;2;221;174;195m[48;2;30;32;40m█[38;2;190;149;167m█[38;2;159;125;140m▓[38;2;128;100;113m▓[38;2;97;76;85m▒[39m                              [38;2;43;49;81m⠙[38;2;45;52;89m⠿[38;2;48;54;98m⢿[38;2;48;55;102m⣿[38;2;47;53;95m⣿[38;2;42;49;77m⣿[39m                                          [38;2;42;49;78m⠈[38;2;47;53;95m⠛[38;2;47;65;113m⠿[38;2;45;81;128m⠿[38;2;39;91;137m⠿[38;2;36;97;142m⢿[38;2;33;101;145m⣿[38;2;30;110;148m⣿[38;2;27;131;141m⣿[38;2;75;149;128m⣿[38;2;127;153;115m⣿[38;2;156;153;109m⣿[38;2;169;153;106m⣿[38;2;185;153;102m⣿[38;2;192;155;114m⣿[38;2;198;156;129m⣿[38;2;204;158;142m⣿[38;2;208;159;153m⣿[38;2;211;159;160m⣿[38;2;214;160;168m⣿[38;2;218;161;180m⣿[38;2;225;166;189m⣿[38;2;230;175;185m⣿[38;2;234;181;183m⣿[38;2;234;180;183m⣿[38;2;224;165;189m⣿[38;2;194;155;119m⣿[38;2;88;153;124m⣿[38;2;37;136;138m⣿[38;2;28;125;143m⣿[38;2;29;119;145m⣿[38;2;31;104;148m⣿[38;2;46;76;124m⣿[38;2;44;51;86m⣿[39m                                [38;2;97;76;85m▒[38;2;128;100;113m▓[38;2;159;125;140m▓[38;2;190;149;167m█[38;2;221;174;195m█[39m[48;2;20;22;28m                  
                  [38;2;221;174;195m[48;2;30;32;40m█[38;2;190;149;167m█[38;2;159;125;140m▓[38;2;128;100;113m▓[38;2;97;76;85m▒[39m                                 [38;2;42;48;75m⢻[38;2;43;49;79m⣿[38;2;41;46;70m⣿[39m                                                   [38;2;44;50;82m⠙[38;2;46;53;94m⠛[38;2;48;57;104m⠛[38;2;47;66;113m⠻[38;2;46;76;124m⠿[38;2;41;88;134m⠿[38;2;35;98;143m⠿[38;2;30;107;149m⣿[38;2;29;115;146m⣿[38;2;28;119;145m⣿[38;2;28;124;143m⣿[38;2;27;132;141m⣿[38;2;55;142;133m⣿[38;2;85;152;125m⣿[38;2;120;153;117m⣿[38;2;133;153;114m⣿[38;2;103;153;121m⣿[38;2;63;145;131m⣿[38;2;27;127;142m⣿[38;2;30;112;147m⣿[38;2;31;105;149m⣿[38;2;33;102;147m⣿[38;2;39;91;137m⣿[38;2;47;67;115m⣿[38;2;43;49;80m⠟[39m                                [38;2;97;76;85m▒[38;2;128;100;113m▓[38;2;159;125;140m▓[38;2;190;149;167m█[38;2;221;174;195m█[39m[48;2;20;22;28m                  
                  [38;2;221;174;195m[48;2;30;32;40m█[38;2;190;149;167m█[38;2;159;125;140m▓[38;2;128;100;113m▓[38;2;97;76;85m▒[39m                                  [38;2;38;42;59m⠘[38;2;38;42;57m⠃[39m                                                                [38;2;42;49;77m⠈[38;2;43;50;81m⠉[38;2;44;50;83m⠉[39m                                         [38;2;97;76;85m▒[38;2;128;100;113m▓[38;2;159;125;140m▓[38;2;190;149;167m█[38;2;221;174;195m█[39m[48;2;20;22;28m                  
                  [38;2;221;174;195m[48;2;30;32;40m█[38;2;190;149;167m█[38;2;159;125;140m▓[38;2;128;100;113m▓[38;2;97;76;85m▒[39m                                                                                                                                                [38;2;97;76;85m▒[38;2;128;100;113m▓[38;2;159;125;140m▓[38;2;190;149;167m█[38;2;221;174;195m█[39m[48;2;20;22;28m                  
                  [38;2;221;174;195m[48;2;30;32;40m█[38;2;190;149;167m█[38;2;159;125;140m▓[38;2;128;100;113m▓[38;2;97;76;85m▒[39m                                                                                                                                                [38;2;97;76;85m▒[38;2;128;100;113m▓[38;2;159;125;140m▓[38;2;190;149;167m█[38;2;221;174;195m█[39m[48;2;20;22;28m                  
                  [38;2;221;174;195m[48;2;30;32;40m█[38;2;190;149;167m█[38;2;159;125;140m▓[38;2;128;100;113m▓[38;2;97;76;85m▒[39m                                                                                                                                                [38;2;97;76;85m▒[38;2;128;100;113m▓[38;2;159;125;140m▓[38;2;190;149;167m█[38;2;221;174;195m█[39m[48;2;20;22;28m                  
                  [38;2;221;174;195m[48;2;30;32;40m█[38;2;190;149;167m█[38;2;159;125;140m▓[38;2;128;100;113m▓[38;2;97;76;85m▒[39m                                                                                                                                                [38;2;97;76;85m▒[38;2;128;100;113m▓[38;2;159;125;140m▓[38;2;190;149;167m█[38;2;221;174;195m█[39m[48;2;20;22;28m                  
                  [38;2;221;174;195m[48;2;30;32;40m█[38;2;190;149;167m█[38;2;159;125;140m▓[38;2;128;100;113m▓[38;2;97;76;85m▒[39m                                                                                                                                                [38;2;97;76;85m▒[38;2;128;100;113m▓[38;2;159;125;140m▓[38;2;190;149;167m█[38;2;221;174;195m█[39m[48;2;20;22;28m                  
                  [38;2;221;174;195m[48;2;30;32;40m█[38;2;190;149;167m█[38;2;159;125;140m▓[38;2;128;100;113m▓[38;2;97;76;85m▒[39m                                                                                                                                                [38;2;97;76;85m▒[38;2;128;100;113m▓[38;2;159;125;140m▓[38;2;190;149;167m█[38;2;221;174;195m█[39m[48;2;20;22;28m                  
                  [38;2;221;174;195m[48;2;30;32;40m█[38;2;190;149;167m█[38;2;159;125;140m▓[38;2;128;100;113m▓[38;2;97;76;85m▒[39m                                                                                                                                                [38;2;97;76;85m▒[38;2;128;100;113m▓[38;2;159;125;140m▓[38;2;190;149;167m█[38;2;221;174;195m█[39m[48;2;20;22;28m                  
                  [38;2;221;174;195m[48;2;30;32;40m█[38;2;190;149;167m█[38;2;159;125;140m▓[38;2;128;100;113m▓[38;2;97;76;85m▒[39m                                                                                                                                                [38;2;97;76;85m▒[38;2;128;100;113m▓[38;2;159;125;140m▓[38;2;190;149;167m█[38;2;221;174;195m█[39m[48;2;20;22;28m                  
                  [38;2;221;174;195m[48;2;30;32;40m█[38;2;190;149;167m█[38;2;159;125;140m▓[38;2;128;100;113m▓[38;2;97;76;85m▒[39m                                                                                                                                                [38;2;97;76;85m▒[38;2;128;100;113m▓[38;2;159;125;140m▓[38;2;190;149;167m█[38;2;221;174;195m█[39m[48;2;20;22;28m                  
                  [38;2;221;174;195m[48;2;30;32;40m█[38;2;190;149;167m█[38;2;159;125;140m▓[38;2;128;100;113m▓[38;2;97;76;85m▒[39m                                                                                                                                                [38;2;97;76;85m▒[38;2;128;100;113m▓[38;2;159;125;140m▓[38;2;190;149;167m█[38;2;221;174;195m█[39m[48;2;20;22;28m                  
                  [38;2;221;174;195m[48;2;30;32;40m█[38;2;190;149;167m█[38;2;159;125;140m▓[38;2;128;100;113m▓[38;2;97;76;85m▒[39m                                                                                                                                                [38;2;97;76;85m▒[38;2;128;100;113m▓[38;2;159;125;140m▓[38;2;190;149;167m█[38;2;221;174;195m█[39m[48;2;20;22;28m                  
                  [38;2;221;174;195m[48;2;30;32;40m█[38;2;190;149;167m█[38;2;159;125;140m▓[38;2;128;100;113m▓[38;2;97;76;85m▒[39m                                                                                                                                                [38;2;97;76;85m▒[38;2;128;100;113m▓[38;2;159;125;140m▓[38;2;190;149;167m█[38;2;221;174;195m█[39m[48;2;20;22;28m                  
                  [38;2;221;174;195m[48;2;30;32;40m█[38;2;190;149;167m█[38;2;159;125;140m▓[38;2;128;100;113m▓[38;2;97;76;85m▒[39m                                                                                                                                                [38;2;97;76;85m▒[38;2;128;100;113m▓[38;2;159;125;140m▓[38;2;190;149;167m█[38;2;221;174;195m█[39m[48;2;20;22;28m                  
                  [38;2;221;174;195m[48;2;30;32;40m█[38;2;190;149;167m█[38;2;159;125;140m▓[38;2;128;100;113m▓[38;2;97;76;85m▒[39m                                                                                                                                                [38;2;97;76;85m▒[38;2;128;100;113m▓[38;2;159;125;140m▓[38;2;190;149;167m█[38;2;221;174;195m█[39m[48;2;20;22;28m                  
                  [38;2;221;174;195m[48;2;30;32;40m█[38;2;190;149;167m█[38;2;159;125;140m▓[38;2;128;100;113m▓[38;2;97;76;85m▒[39m                                                                                                                                                [38;2;97;76;85m▒[38;2;128;100;113m▓[38;2;159;125;140m▓[38;2;190;149;167m█[38;2;221;174;195m█[39m[48;2;20;22;28m                  
                  [38;2;221;174;195m[48;2;30;32;40m█[38;2;190;149;167m█[38;2;159;125;140m▓[38;2;128;100;113m▓[38;2;97;76;85m▒[39m                                                                                                                                                [38;2;97;76;85m▒[38;2;128;100;113m▓[38;2;159;125;140m▓[38;2;190;149;167m█[38;2;221;174;195m█[39m[48;2;20;22;28m                  
                  [38;2;221;174;195m[48;2;30;32;40m█[38;2;190;149;167m█[38;2;159;125;140m▓[38;2;128;100;113m▓[38;2;97;76;85m▒[39m                                                                                                                                                [38;2;97;76;85m▒[38;2;128;100;113m▓[38;2;159;125;140m▓[38;2;190;149;167m█[38;2;221;174;195m█[39m[48;2;20;22;28m                  
                  [38;2;221;174;195m[48;2;30;32;40m█[38;2;190;149;167m█[38;2;159;125;140m▓[38;2;128;100;113m▓[38;2;97;76;85m▒[39m             [38;2;38;42;58m⣴⣦[39m                                                                                                                                 [38;2;97;76;85m▒[38;2;128;100;113m▓[38;2;159;125;140m▓[38;2;190;149;167m█[38;2;221;174;195m█[39m[48;2;20;22;28m                  
                  [38;2;221;174;195m[48;2;30;32;40m█[38;2;190;149;167m█[38;2;159;125;140m▓[38;2;128;100;113m▓[38;2;97;76;85m▒[39m             [38;2;38;42;59m⢿⣿[39m                                                                                                                                 [38;2;97;76;85m▒[38;2;128;100;113m▓[38;2;159;125;140m▓[38;2;190;149;167m█[38;2;221;174;195m█[39m[48;2;20;22;28m                  
                  [38;2;221;174;195m[48;2;30;32;40m█[38;2;190;149;167m█[38;2;159;125;140m▓[38;2;128;100;113m▓[38;2;97;76;85m▒[39m                                                                                                                                                [38;2;97;76;85m▒[38;2;128;100;113m▓[38;2;159;125;140m▓[38;2;190;149;167m█[38;2;221;174;195m█[39m[48;2;20;22;28m                  
                  [38;2;221;174;195m[48;2;30;32;40m█[38;2;190;149;167m█[38;2;159;125;140m▓[38;2;128;100;113m▓[38;2;97;76;85m▒[39m                                                                                                                                                [38;2;97;76;85m▒[38;2;128;100;113m▓[38;2;159;125;140m▓[38;2;190;149;167m█[38;2;221;174;195m█[39m[48;2;20;22;28m                  
                  [38;2;221;174;195m[48;2;30;32;40m█[38;2;190;149;167m█[38;2;159;125;140m▓[38;2;128;100;113m▓[38;2;97;76;85m▒[39m                                                                                                                                                [38;2;97;76;85m▒[38;2;128;100;113m▓[38;2;159;125;140m▓[38;2;190;149;167m█[38;2;221;174;195m█[39m[48;2;20;22;28m                  
                  [38;2;221;174;195m[48;2;30;32;40m█[38;2;190;149;167m█[38;2;159;125;140m▓[38;2;128;100;113m▓[38;2;97;76;85m▒[39m                                                                                                                                                [38;2;97;76;85m▒[38;2;128;100;113m▓[38;2;159;125;140m▓[38;2;190;149;167m█[38;2;221;174;195m█[39m[48;2;20;22;28m                  
                  [38;2;221;174;195m[48;2;30;32;40m█[38;2;190;149;167m█[38;2;159;125;140m▓[38;2;128;100;113m▓[38;2;97;76;85m▒[39m                                                                                                                                                [38;2;97;76;85m▒[38;2;128;100;113m▓[38;2;159;125;140m▓[38;2;190;149;167m█[38;2;221;174;195m█[39m[48;2;20;22;28m                  
                  [38;2;221;174;195m[48;2;30;32;40m█[38;2;190;149;167m█[38;2;159;125;140m▓[38;2;143;113;126m▓▓▓▓▓▓▓▓▓▓▓▓▓▓▓▓▓▓▓▓▓▓▓▓▓▓▓▓▓▓▓▓▓▓▓▓▓▓▓▓▓▓▓▓▓▓▓▓▓▓▓▓▓▓▓▓▓▓▓▓▓▓▓▓▓▓▓▓▓▓▓▓▓▓▓▓▓▓▓▓▓▓▓▓▓▓▓▓▓▓▓▓▓▓▓▓▓▓▓▓▓▓▓▓▓▓▓▓▓▓▓▓▓▓▓▓▓▓▓▓▓▓▓▓▓▓▓▓▓▓▓▓▓▓▓▓▓▓▓▓▓▓▓▓▓▓▓▓[38;2;159;125;140m▓[38;2;190;149;167m█[38;2;221;174;195m█[39m[48;2;20;22;28m                  
                  [38;2;221;174;195m[48;2;30;32;40m██████████████████████████████████████████████████████████████████████████████████████████████████████████████████████████████████████████████████████████[39m[48;2;20;22;28m                  
                                                                                                                                                                                              
                                                                                                                                                                                              
