[48;2;22;21;26m                                                                                                                                                                                              
                                                                                                                                                                                              
                  [38;2;210;179;115m[48;2;32;31;39m██████████████████████████████████████████████████████████████████████████████████████████████████████████████████████████████████████████████████████████[39m[48;2;22;21;26m                  
                  [38;2;210;179;115m[48;2;32;31;39m█[38;2;180;153;98m█[38;2;151;128;82m▓[38;2;136;116;74m▓▓▓▓▓▓▓▓▓▓▓▓▓▓▓▓▓▓▓▓▓▓▓▓▓▓▓▓▓▓▓▓▓▓▓▓▓▓▓▓▓▓▓▓▓▓▓▓▓▓▓▓▓▓▓▓▓▓▓▓▓▓▓▓▓▓▓▓▓▓▓▓▓▓▓▓▓▓▓▓▓▓▓▓▓▓▓▓▓▓▓▓▓▓▓▓▓▓▓▓▓▓▓▓▓▓▓▓▓▓▓▓▓▓▓▓▓▓▓▓▓▓▓▓▓▓▓▓▓▓▓▓▓▓▓▓▓▓▓▓▓▓▓▓▓▓▓▓[38;2;151;128;82m▓[38;2;180;153;98m█[38;2;210;179;115m█[39m[48;2;22;21;26m                  
                  [38;2;210;179;115m[48;2;32;31;39m█[38;2;180;153;98m█[38;2;151;128;82m▓[38;2;121;103;66m▓[38;2;92;78;50m▒[38;2;208;162;126m⣿[38;2;186;138;117m⣿[38;2;139;95;102m⣷[39m                                                                                                                                             [38;2;92;78;50m▒[38;2;121;103;66m▓[38;2;151;128;82m▓[38;2;180;153;98m█[38;2;210;179;115m█[39m[48;2;22;21;26m                  
                  [38;2;210;179;115m[48;2;32;31;39m█[38;2;180;153;98m█[38;2;151;128;82m▓[38;2;121;103;66m▓[38;2;92;78;50m▒[38;2;205;158;124m⣿[38;2;189;141;118m⣿[38;2;154;107;104m⣿[38;2;76;63;98m⣷[39m                                                                                                                                            [38;2;92;78;50m▒[38;2;121;103;66m▓[38;2;151;128;82m▓[38;2;180;153;98m█[38;2;210;179;115m█[39m[48;2;22;21;26m                  
                  [38;2;210;179;115m[48;2;32;31;39m█[38;2;180;153;98m█[38;2;151;128;82m▓[38;2;121;103;66m▓[38;2;92;78;50m▒[38;2;182;133;115m⣿⣿[38;2;176;127;113m⣿[38;2;146;100;102m⣿[38;2;93;70;101m⣷[39m                                                                                                                         [38;2;45;42;55m⣀[38;2;44;42;55m⣠[38;2;42;40;52m⡄[39m               [38;2;92;78;50m▒[38;2;121;103;66m▓[38;2;151;128;82m▓[38;2;180;153;98m█[38;2;210;179;115m█[39m[48;2;22;21;26m                  
                  [38;2;210;179;115m[48;2;32;31;39m█[38;2;180;153;98m█[38;2;151;128;82m▓[38;2;121;103;66m▓[38;2;92;78;50m▒[38;2;149;102;102m⣼[38;2;186;137;117m⣿[38;2;213;167;127m⣿[38;2;223;179;131m⣿[38;2;207;160;125m⣿[38;2;167;119;109m⣷[38;2;92;70;100m⡆[39m                                                                                                                      [38;2;44;41;54m⣿[38;2;46;43;57m⣿[38;2;45;43;56m⣿[38;2;43;41;52m⣿[39m               [38;2;92;78;50m▒[38;2;121;103;66m▓[38;2;151;128;82m▓[38;2;180;153;98m█[38;2;210;179;115m█[39m[48;2;22;21;26m                  
                  [38;2;210;179;115m[48;2;32;31;39m█[38;2;180;153;98m█[38;2;151;128;82m▓[38;2;121;103;66m▓[38;2;92;78;50m▒[38;2;84;67;99m⣼[38;2;179;131;114m⣿[38;2;230;188;135m⣿[38;2;242;216;167m⣿[38;2;242;214;162m⣿[38;2;224;180;132m⣿[38;2;170;122;110m⣿[38;2;65;56;84m⣇[39m                                                                                                                                        [38;2;92;78;50m▒[38;2;121;103;66m▓[38;2;151;128;82m▓[38;2;180;153;98m█[38;2;210;179;115m█[39m[48;2;22;21;26m                  
                  [38;2;210;179;115m[48;2;32;31;39m█[38;2;180;153;98m█[38;2;151;128;82m▓[38;2;121;103;66m▓[38;2;92;78;50m▒[39m [38;2;160;113;106m⣿[38;2;226;183;133m⣿[38;2;244;224;183m⣿[38;2;247;232;201m⣿[38;2;242;213;161m⣿[38;2;206;159;125m⣿[38;2;95;71;101m⣿[39m                                                                                                                                        [38;2;92;78;50m▒[38;2;121;103;66m▓[38;2;151;128;82m▓[38;2;180;153;98m█[38;2;210;179;115m█[39m[48;2;22;21;26m                  
                  [38;2;210;179;115m[48;2;32;31;39m█[38;2;180;153;98m█[38;2;151;128;82m▓[38;2;121;103;66m▓[38;2;92;78;50m▒[39m [38;2;108;76;102m⢸[38;2;187;139;117m⣿[38;2;231;190;136m⣿[38;2;241;212;160m⣿[38;2;239;202;140m⣿[38;2;207;161;125m⣿[38;2;123;84;103m⣿[38;2;54;50;70m⡇[39m                                                                                                                                       [38;2;92;78;50m▒[38;2;121;103;66m▓[38;2;151;128;82m▓[38;2;180;153;98m█[38;2;210;179;115m█[39m[48;2;22;21;26m                  
                  [38;2;210;179;115m[48;2;32;31;39m█[38;2;180;153;98m█[38;2;151;128;82m▓[38;2;121;103;66m▓[38;2;92;78;50m▒[39m  [38;2;101;73;102m⢻[38;2;171;122;111m⣿[38;2;206;159;125m⣿[38;2;210;164;126m⣿[38;2;188;140;118m⣿[38;2;135;92;102m⣿[38;2;67;58;86m⣿[39m                                                                                                                                       [38;2;92;78;50m▒[38;2;121;103;66m▓[38;2;151;128;82m▓[38;2;180;153;98m█[38;2;210;179;115m█[39m[48;2;22;21;26m                  
                  [38;2;210;179;115m[48;2;32;31;39m█[38;2;180;153;98m█[38;2;151;128;82m▓[38;2;121;103;66m▓[38;2;92;78;50m▒[39m   [38;2;63;55;81m⠹[38;2;96;71;101m⣿[38;2;137;94;102m⣿[38;2;150;103;102m⣿[38;2;137;94;102m⣿[38;2;92;70;100m⣿[38;2;58;52;74m⡆[39m                                                                                                                                      [38;2;92;78;50m▒[38;2;121;103;66m▓[38;2;151;128;82m▓[38;2;180;153;98m█[38;2;210;179;115m█[39m[48;2;22;21;26m                  
                  [38;2;210;179;115m[48;2;32;31;39m█[38;2;180;153;98m█[38;2;151;128;82m▓[38;2;121;103;66m▓[38;2;92;78;50m▒[39m     [38;2;73;62;95m⢿[38;2;115;79;103m⣿[38;2;141;97;102m⣿[38;2;146;100;102m⣿[38;2;127;87;103m⣿[38;2;84;66;99m⣆[39m                                                                                                                                     [38;2;92;78;50m▒[38;2;121;103;66m▓[38;2;151;128;82m▓[38;2;180;153;98m█[38;2;210;179;115m█[39m[48;2;22;21;26m                  
                  [38;2;210;179;115m[48;2;32;31;39m█[38;2;180;153;98m█[38;2;151;128;82m▓[38;2;121;103;66m▓[38;2;92;78;50m▒[39m      [38;2;74;62;95m⢻[38;2;142;97;102m⣿[38;2;192;145;120m⣿[38;2;212;166;127m⣿[38;2;202;156;124m⣿[38;2;160;112;106m⣷[38;2;77;64;99m⡆[39m                                                                                                                                   [38;2;92;78;50m▒[38;2;121;103;66m▓[38;2;151;128;82m▓[38;2;180;153;98m█[38;2;210;179;115m█[39m[48;2;22;21;26m                  
                  [38;2;210;179;115m[48;2;32;31;39m█[38;2;180;153;98m█[38;2;151;128;82m▓[38;2;121;103;66m▓[38;2;92;78;50m▒[39m      [38;2;56;51;72m⠸[38;2;125;86;103m⣿[38;2;207;160;125m⣿[38;2;238;201;140m⣿[38;2;241;209;154m⣿[38;2;227;184;133m⣿[38;2;181;133;115m⣿[38;2;108;76;102m⣷[39m                                                                                                                                  [38;2;92;78;50m▒[38;2;121;103;66m▓[38;2;151;128;82m▓[38;2;180;153;98m█[38;2;210;179;115m█[39m[48;2;22;21;26m                  
                  [38;2;210;179;115m[48;2;32;31;39m█[38;2;180;153;98m█[38;2;151;128;82m▓[38;2;121;103;66m▓[38;2;92;78;50m▒[39m       [38;2;86;67;100m⢸[38;2;192;144;119m⣿[38;2;239;202;140m⣿[38;2;244;225;184m⣿[38;2;243;220;175m⣿[38;2;230;188;135m⣿[38;2;180;131;114m⣿[38;2;90;69;100m⣷[39m                                                                                                                                 [38;2;92;78;50m▒[38;2;121;103;66m▓[38;2;151;128;82m▓[38;2;180;153;98m█[38;2;210;179;115m█[39m[48;2;22;21;26m                  
                  [38;2;210;179;115m[48;2;32;31;39m█[38;2;180;153;98m█[38;2;151;128;82m▓[38;2;121;103;66m▓[38;2;92;78;50m▒[39m        [38;2;134;91;102m⢿[38;2;201;155;123m⣿[38;2;237;200;139m⣿[38;2;242;213;160m⣿[38;2;240;203;142m⣿[38;2;214;168;128m⣿[38;2;161;113;107m⣿[38;2;91;69;100m⣷[39m                                                                                                                                [38;2;92;78;50m▒[38;2;121;103;66m▓[38;2;151;128;82m▓[38;2;180;153;98m█[38;2;210;179;115m█[39m[48;2;22;21;26m                  
                  [38;2;210;179;115m[48;2;32;31;39m█[38;2;180;153;98m█[38;2;151;128;82m▓[38;2;121;103;66m▓[38;2;92;78;50m▒[39m        [38;2;58;52;75m⠈[38;2;126;86;103m⢿[38;2;183;135;116m⣿[38;2;215;169;128m⣿[38;2;221;176;130m⣿[38;2;211;165;127m⣿[38;2;184;135;116m⣿[38;2;142;97;102m⣿[38;2;82;66;99m⣷[38;2;54;49;69m⡄[39m                                                                                                                              [38;2;92;78;50m▒[38;2;121;103;66m▓[38;2;151;128;82m▓[38;2;180;153;98m█[38;2;210;179;115m█[39m[48;2;22;21;26m                  
                  [38;2;210;179;115m[48;2;32;31;39m█[38;2;180;153;98m█[38;2;151;128;82m▓[38;2;121;103;66m▓[38;2;92;78;50m▒[39m          [38;2;69;59;89m⠻[38;2;119;81;103m⢿[38;2;159;111;106m⣿[38;2;177;129;113m⣿[38;2;175;126;112m⣿[38;2;156;108;104m⣿[38;2;128;88;103m⣿[38;2;98;72;101m⣿[38;2;71;60;91m⣦[38;2;55;50;70m⡄[39m                                                                                                                            [38;2;92;78;50m▒[38;2;121;103;66m▓[38;2;151;128;82m▓[38;2;180;153;98m█[38;2;210;179;115m█[39m[48;2;22;21;26m                  
                  [38;2;210;179;115m[48;2;32;31;39m█[38;2;180;153;98m█[38;2;151;128;82m▓[38;2;121;103;66m▓[38;2;92;78;50m▒[39m            [38;2;65;56;84m⠹[38;2;94;71;101m⢿[38;2;122;84;103m⣿[38;2;132;90;103m⣿[38;2;131;89;103m⣿[38;2;124;85;103m⣿[38;2;114;78;103m⣿[38;2;93;70;101m⣿[38;2;72;61;93m⣷[38;2;60;53;78m⣄[39m                                                                                                                          [38;2;92;78;50m▒[38;2;121;103;66m▓[38;2;151;128;82m▓[38;2;180;153;98m█[38;2;210;179;115m█[39m[48;2;22;21;26m                  
                  [38;2;210;179;115m[48;2;32;31;39m█[38;2;180;153;98m█[38;2;151;128;82m▓[38;2;121;103;66m▓[38;2;92;78;50m▒[39m              [38;2;56;51;73m⠘[38;2;72;61;93m⢿[38;2;97;72;101m⣿[38;2;113;78;103m⣿⣿[38;2;103;74;102m⣿[38;2;95;71;101m⣿[38;2;91;69;100m⣿[38;2;86;67;100m⣿[38;2;75;63;96m⣷[38;2;68;58;87m⣦[38;2;63;55;81m⣄[39m                                                     [38;2;76;63;97m⣀[38;2;86;67;100m⣀[38;2;91;69;100m⣀[38;2;86;67;100m⣀[39m                                                             [38;2;92;78;50m▒[38;2;121;103;66m▓[38;2;151;128;82m▓[38;2;180;153;98m█[38;2;210;179;115m█[39m[48;2;22;21;26m                  
                  [38;2;210;179;115m[48;2;32;31;39m█[38;2;180;153;98m█[38;2;151;128;82m▓[38;2;121;103;66m▓[38;2;92;78;50m▒[39m                 [38;2;65;56;84m⠘[38;2;75;63;97m⠿[38;2;84;66;99m⣿[38;2;88;68;100m⣿[38;2;93;70;101m⣿[38;2;92;70;100m⣿[38;2;86;67;100m⣿[38;2;85;67;100m⣿[38;2;94;71;101m⣿[38;2;103;74;102m⣿[38;2;100;73;101m⣿[38;2;85;67;100m⣷[38;2;70;60;90m⣶[38;2;61;54;78m⣤[38;2;54;50;70m⣀[39m                                           [38;2;52;48;66m⢰[38;2;76;63;97m⣿[38;2;120;82;103m⣿[38;2;153;106;104m⣿[38;2;178;129;114m⣿[38;2;198;151;122m⣿[38;2;210;164;126m⣿[38;2;211;165;127m⣿[38;2;203;156;124m⣿[38;2;191;143;119m⣿[38;2;185;137;116m⣿[38;2;190;143;119m⣿[38;2;201;154;123m⣿[38;2;208;162;126m⣿[38;2;210;164;126m⣿[38;2;210;163;126m⣿[38;2;208;162;126m⣿[38;2;205;158;124m⣿[38;2;199;152;122m⣿[38;2;189;141;118m⣿[38;2;176;127;113m⣿[38;2;157;110;105m⣷[38;2;137;93;102m⣶[38;2;117;80;103m⣶[38;2;98;72;101m⣶[38;2;83;66;99m⣶[38;2;73;61;94m⣦[38;2;65;56;84m⣄[39m                                         [38;2;92;78;50m▒[38;2;121;103;66m▓[38;2;151;128;82m▓[38;2;180;153;98m█[38;2;210;179;115m█[39m[48;2;22;21;26m                  
                  [38;2;210;179;115m[48;2;32;31;39m█[38;2;180;153;98m█[38;2;151;128;82m▓[38;2;121;103;66m▓[38;2;92;78;50m▒[39m                    [38;2;58;52;75m⠘[38;2;69;59;89m⠻[38;2;75;63;97m⠿[38;2;77;64;99m⣿[38;2;83;66;99m⣿[38;2;97;72;101m⣿[38;2;110;77;103m⣿[38;2;112;78;103m⣿[38;2;103;74;102m⣿[38;2;89;69;100m⣿[38;2;81;65;99m⣿[38;2;76;63;98m⣿[38;2;74;62;95m⣿[38;2;66;57;85m⣷[38;2;55;50;71m⣦[39m                                        [38;2;54;49;69m⢸[38;2;82;66;99m⣿[38;2;129;88;103m⣿[38;2;164;116;108m⣿[38;2;191;143;119m⣿[38;2;213;167;127m⣿[38;2;226;184;133m⣿[38;2;229;188;135m⣿[38;2;226;182;133m⣿[38;2;219;174;130m⣿[38;2;218;173;129m⣿[38;2;228;185;134m⣿[38;2;240;203;142m⣿[38;2;242;213;161m⣿[38;2;242;217;168m⣿[38;2;242;216;167m⣿[38;2;242;216;166m⣿[38;2;242;214;162m⣿[38;2;241;211;157m⣿[38;2;240;206;148m⣿[38;2;238;200;139m⣿[38;2;232;191;136m⣿[38;2;226;184;133m⣿[38;2;222;177;131m⣿[38;2;218;173;129m⣿[38;2;215;170;128m⣿[38;2;213;167;127m⣿[38;2;208;161;125m⣿[38;2;193;145;120m⣿[38;2;166;117;109m⣷[38;2;127;87;103m⣶[38;2;93;70;101m⣶[38;2;75;62;96m⣤[38;2;68;58;87m⣄[39m                                   [38;2;92;78;50m▒[38;2;121;103;66m▓[38;2;151;128;82m▓[38;2;180;153;98m█[38;2;210;179;115m█[39m[48;2;22;21;26m                  
                  [38;2;210;179;115m[48;2;32;31;39m█[38;2;180;153;98m█[38;2;151;128;82m▓[38;2;121;103;66m▓[38;2;92;78;50m▒[39m                        [38;2;56;51;72m⠘[38;2;68;58;88m⠻[38;2;82;66;99m⠿[38;2;92;70;100m⣿[38;2;91;69;100m⣿[38;2;84;66;99m⣿[38;2;81;65;99m⣿⣿[38;2;85;67;100m⣿[38;2;79;64;99m⣿[38;2;68;58;88m⣿[38;2;54;49;69m⣿[39m                                       [38;2;50;46;63m⠈[38;2;70;59;90m⠻[38;2;108;76;102m⣿[38;2;146;100;102m⣿[38;2;176;127;113m⣿[38;2;200;153;123m⣿[38;2;216;171;129m⣿[38;2;221;176;130m⣿[38;2;219;173;129m⣿[38;2;213;167;127m⣿[38;2;214;168;128m⣿[38;2;226;182;133m⣿[38;2;239;202;140m⣿[38;2;242;213;162m⣿[38;2;243;219;172m⣿[38;2;243;220;175m⣿[38;2;243;222;179m⣿[38;2;244;223;180m⣿⣿[38;2;243;221;176m⣿[38;2;243;218;171m⣿[38;2;242;214;163m⣿[38;2;241;211;157m⣿[38;2;241;209;154m⣿[38;2;241;210;156m⣿[38;2;242;214;162m⣿[38;2;242;216;167m⣿[38;2;242;215;165m⣿[38;2;240;205;145m⣿[38;2;225;182;132m⣿[38;2;198;151;122m⣿[38;2;175;126;112m⣿[38;2;162;114;107m⣿[38;2;155;107;104m⣿[38;2;138;94;102m⣿[38;2;101;73;102m⣿[38;2;60;53;78m⣆[39m                                [38;2;92;78;50m▒[38;2;121;103;66m▓[38;2;151;128;82m▓[38;2;180;153;98m█[38;2;210;179;115m█[39m[48;2;22;21;26m                  
                  [38;2;210;179;115m[48;2;32;31;39m█[38;2;180;153;98m█[38;2;151;128;82m▓[38;2;121;103;66m▓[38;2;92;78;50m▒[39m                              [38;2;61;54;78m⠙[38;2;67;57;86m⠿[38;2;74;62;95m⢿[38;2;76;63;98m⣿[38;2;71;60;91m⣿[38;2;58;52;75m⣿[39m                                          [38;2;58;52;75m⠈[38;2;71;60;91m⠙[38;2;93;70;101m⠿[38;2;118;80;103m⠿[38;2;131;89;103m⠿[38;2;138;94;102m⢿[38;2;142;97;102m⣿[38;2;152;105;103m⣿[38;2;172;123;111m⣿[38;2;193;146;120m⣿[38;2;208;161;125m⣿[38;2;215;169;128m⣿[38;2;218;172;129m⣿[38;2;221;176;130m⣿[38;2;224;180;132m⣿[38;2;227;184;134m⣿[38;2;230;188;135m⣿[38;2;232;191;136m⣿[38;2;233;194;137m⣿[38;2;235;196;138m⣿[38;2;237;199;139m⣿[38;2;240;204;144m⣿[38;2;241;210;155m⣿[38;2;242;214;163m⣿[38;2;242;215;164m⣿[38;2;240;206;146m⣿[38;2;227;184;133m⣿[38;2;202;155;123m⣿[38;2;181;133;115m⣿[38;2;169;121;110m⣿[38;2;164;116;108m⣿[38;2;149;102;102m⣿[38;2;114;78;103m⣿[38;2;65;56;84m⣿[39m                                [38;2;92;78;50m▒[38;2;121;103;66m▓[38;2;151;128;82m▓[38;2;180;153;98m█[38;2;210;179;115m█[39m[48;2;22;21;26m                  
                  [38;2;210;179;115m[48;2;32;31;39m█[38;2;180;153;98m█[38;2;151;128;82m▓[38;2;121;103;66m▓[38;2;92;78;50m▒[39m                                 [38;2;57;52;74m⢻[38;2;60;53;77m⣿[38;2;54;49;69m⣿[39m                                                   [38;2;61;54;79m⠙[38;2;70;59;90m⠛[38;2;80;65;99m⠛[38;2;96;71;101m⠻[38;2;113;78;103m⠿[38;2;127;87;103m⠿[38;2;139;95;102m⠿[38;2;150;103;102m⣿[38;2;157;110;105m⣿[38;2;162;114;107m⣿[38;2;167;118;109m⣿[38;2;173;125;112m⣿[38;2;185;136;116m⣿[38;2;197;150;122m⣿[38;2;206;160;125m⣿[38;2;210;164;126m⣿[38;2;204;158;124m⣿[38;2;192;144;119m⣿[38;2;172;124;111m⣿[38;2;156;109;105m⣿[38;2;149;102;102m⣿[38;2;146;100;102m⣿[38;2;133;91;102m⣿[38;2;99;72;101m⣿[38;2;61;54;78m⠟[39m                                [38;2;92;78;50m▒[38;2;121;103;66m▓[38;2;151;128;82m▓[38;2;180;153;98m█[38;2;210;179;115m█[39m[48;2;22;21;26m                  
                  [38;2;210;179;115m[48;2;32;31;39m█[38;2;180;153;98m█[38;2;151;128;82m▓[38;2;121;103;66m▓[38;2;92;78;50m▒[39m                                  [38;2;46;43;58m⠘[38;2;45;42;56m⠃[39m                                                                [38;2;58;52;74m⠈[38;2;61;54;79m⠉[38;2;62;55;80m⠉[39m                                         [38;2;92;78;50m▒[38;2;121;103;66m▓[38;2;151;128;82m▓[38;2;180;153;98m█[38;2;210;179;115m█[39m[48;2;22;21;26m                  
                  [38;2;210;179;115m[48;2;32;31;39m█[38;2;180;153;98m█[38;2;151;128;82m▓[38;2;121;103;66m▓[38;2;92;78;50m▒[39m                                                                                                                                                [38;2;92;78;50m▒[38;2;121;103;66m▓[38;2;151;128;82m▓[38;2;180;153;98m█[38;2;210;179;115m█[39m[48;2;22;21;26m                  
                  [38;2;210;179;115m[48;2;32;31;39m█[38;2;180;153;98m█[38;2;151;128;82m▓[38;2;121;103;66m▓[38;2;92;78;50m▒[39m                                                                                                                                                [38;2;92;78;50m▒[38;2;121;103;66m▓[38;2;151;128;82m▓[38;2;180;153;98m█[38;2;210;179;115m█[39m[48;2;22;21;26m                  
                  [38;2;210;179;115m[48;2;32;31;39m█[38;2;180;153;98m█[38;2;151;128;82m▓[38;2;121;103;66m▓[38;2;92;78;50m▒[39m                                                                                                                                                [38;2;92;78;50m▒[38;2;121;103;66m▓[38;2;151;128;82m▓[38;2;180;153;98m█[38;2;210;179;115m█[39m[48;2;22;21;26m                  
                  [38;2;210;179;115m[48;2;32;31;39m█[38;2;180;153;98m█[38;2;151;128;82m▓[38;2;121;103;66m▓[38;2;92;78;50m▒[39m                                                                                                                                                [38;2;92;78;50m▒[38;2;121;103;66m▓[38;2;151;128;82m▓[38;2;180;153;98m█[38;2;210;179;115m█[39m[48;2;22;21;26m                  
                  [38;2;210;179;115m[48;2;32;31;39m█[38;2;180;153;98m█[38;2;151;128;82m▓[38;2;121;103;66m▓[38;2;92;78;50m▒[39m                                                                                                                                                [38;2;92;78;50m▒[38;2;121;103;66m▓[38;2;151;128;82m▓[38;2;180;153;98m█[38;2;210;179;115m█[39m[48;2;22;21;26m                  
                  [38;2;210;179;115m[48;2;32;31;39m█[38;2;180;153;98m█[38;2;151;128;82m▓[38;2;121;103;66m▓[38;2;92;78;50m▒[39m                                                                                                                                                [38;2;92;78;50m▒[38;2;121;103;66m▓[38;2;151;128;82m▓[38;2;180;153;98m█[38;2;210;179;115m█[39m[48;2;22;21;26m                  
                  [38;2;210;179;115m[48;2;32;31;39m█[38;2;180;153;98m█[38;2;151;128;82m▓[38;2;121;103;66m▓[38;2;92;78;50m▒[39m                                                                                                                                                [38;2;92;78;50m▒[38;2;121;103;66m▓[38;2;151;128;82m▓[38;2;180;153;98m█[38;2;210;179;115m█[39m[48;2;22;21;26m                  
                  [38;2;210;179;115m[48;2;32;31;39m█[38;2;180;153;98m█[38;2;151;128;82m▓[38;2;121;103;66m▓[38;2;92;78;50m▒[39m                                                                                                                                                [38;2;92;78;50m▒[38;2;121;103;66m▓[38;2;151;128;82m▓[38;2;180;153;98m█[38;2;210;179;115m█[39m[48;2;22;21;26m                  
                  [38;2;210;179;115m[48;2;32;31;39m█[38;2;180;153;98m█[38;2;151;128;82m▓[38;2;121;103;66m▓[38;2;92;78;50m▒[39m                                                                                                                                                [38;2;92;78;50m▒[38;2;121;103;66m▓[38;2;151;128;82m▓[38;2;180;153;98m█[38;2;210;179;115m█[39m[48;2;22;21;26m                  
                  [38;2;210;179;115m[48;2;32;31;39m█[38;2;180;153;98m█[38;2;151;128;82m▓[38;2;121;103;66m▓[38;2;92;78;50m▒[39m                                                                                                                                                [38;2;92;78;50m▒[38;2;121;103;66m▓[38;2;151;128;82m▓[38;2;180;153;98m█[38;2;210;179;115m█[39m[48;2;22;21;26m                  
                  [38;2;210;179;115m[48;2;32;31;39m█[38;2;180;153;98m█[38;2;151;128;82m▓[38;2;121;103;66m▓[38;2;92;78;50m▒[39m                                                                                                                                                [38;2;92;78;50m▒[38;2;121;103;66m▓[38;2;151;128;82m▓[38;2;180;153;98m█[38;2;210;179;115m█[39m[48;2;22;21;26m                  
                  [38;2;210;179;115m[48;2;32;31;39m█[38;2;180;153;98m█[38;2;151;128;82m▓[38;2;121;103;66m▓[38;2;92;78;50m▒[39m                                                                                                                                                [38;2;92;78;50m▒[38;2;121;103;66m▓[38;2;151;128;82m▓[38;2;180;153;98m█[38;2;210;179;115m█[39m[48;2;22;21;26m                  
                  [38;2;210;179;115m[48;2;32;31;39m█[38;2;180;153;98m█[38;2;151;128;82m▓[38;2;121;103;66m▓[38;2;92;78;50m▒[39m                                                                                                                                                [38;2;92;78;50m▒[38;2;121;103;66m▓[38;2;151;128;82m▓[38;2;180;153;98m█[38;2;210;179;115m█[39m[48;2;22;21;26m                  
                  [38;2;210;179;115m[48;2;32;31;39m█[38;2;180;153;98m█[38;2;151;128;82m▓[38;2;121;103;66m▓[38;2;92;78;50m▒[39m                                                                                                                                                [38;2;92;78;50m▒[38;2;121;103;66m▓[38;2;151;128;82m▓[38;2;180;153;98m█[38;2;210;179;115m█[39m[48;2;22;21;26m                  
                  [38;2;210;179;115m[48;2;32;31;39m█[38;2;180;153;98m█[38;2;151;128;82m▓[38;2;121;103;66m▓[38;2;92;78;50m▒[39m                                                                                                                                                [38;2;92;78;50m▒[38;2;121;103;66m▓[38;2;151;128;82m▓[38;2;180;153;98m█[38;2;210;179;115m█[39m[48;2;22;21;26m                  
                  [38;2;210;179;115m[48;2;32;31;39m█[38;2;180;153;98m█[38;2;151;128;82m▓[38;2;121;103;66m▓[38;2;92;78;50m▒[39m                                                                                                                                                [38;2;92;78;50m▒[38;2;121;103;66m▓[38;2;151;128;82m▓[38;2;180;153;98m█[38;2;210;179;115m█[39m[48;2;22;21;26m                  
                  [38;2;210;179;115m[48;2;32;31;39m█[38;2;180;153;98m█[38;2;151;128;82m▓[38;2;121;103;66m▓[38;2;92;78;50m▒[39m                                                                                                                                                [38;2;92;78;50m▒[38;2;121;103;66m▓[38;2;151;128;82m▓[38;2;180;153;98m█[38;2;210;179;115m█[39m[48;2;22;21;26m                  
                  [38;2;210;179;115m[48;2;32;31;39m█[38;2;180;153;98m█[38;2;151;128;82m▓[38;2;121;103;66m▓[38;2;92;78;50m▒[39m             [38;2;46;43;57m⣴⣦[39m                                                                                                                                 [38;2;92;78;50m▒[38;2;121;103;66m▓[38;2;151;128;82m▓[38;2;180;153;98m█[38;2;210;179;115m█[39m[48;2;22;21;26m                  
                  [38;2;210;179;115m[48;2;32;31;39m█[38;2;180;153;98m█[38;2;151;128;82m▓[38;2;121;103;66m▓[38;2;92;78;50m▒[39m             [38;2;46;43;57m⢿⣿[39m                                                                                                                                 [38;2;92;78;50m▒[38;2;121;103;66m▓[38;2;151;128;82m▓[38;2;180;153;98m█[38;2;210;179;115m█[39m[48;2;22;21;26m                  
                  [38;2;210;179;115m[48;2;32;31;39m█[38;2;180;153;98m█[38;2;151;128;82m▓[38;2;121;103;66m▓[38;2;92;78;50m▒[39m                                                                                                                                                [38;2;92;78;50m▒[38;2;121;103;66m▓[38;2;151;128;82m▓[38;2;180;153;98m█[38;2;210;179;115m█[39m[48;2;22;21;26m                  
                  [38;2;210;179;115m[48;2;32;31;39m█[38;2;180;153;98m█[38;2;151;128;82m▓[38;2;121;103;66m▓[38;2;92;78;50m▒[39m                                                                                                                                                [38;2;92;78;50m▒[38;2;121;103;66m▓[38;2;151;128;82m▓[38;2;180;153;98m█[38;2;210;179;115m█[39m[48;2;22;21;26m                  
                  [38;2;210;179;115m[48;2;32;31;39m█[38;2;180;153;98m█[38;2;151;128;82m▓[38;2;121;103;66m▓[38;2;92;78;50m▒[39m                                                                                                                                                [38;2;92;78;50m▒[38;2;121;103;66m▓[38;2;151;128;82m▓[38;2;180;153;98m█[38;2;210;179;115m█[39m[48;2;22;21;26m                  
                  [38;2;210;179;115m[48;2;32;31;39m█[38;2;180;153;98m█[38;2;151;128;82m▓[38;2;121;103;66m▓[38;2;92;78;50m▒[39m                                                                                                                                                [38;2;92;78;50m▒[38;2;121;103;66m▓[38;2;151;128;82m▓[38;2;180;153;98m█[38;2;210;179;115m█[39m[48;2;22;21;26m                  
                  [38;2;210;179;115m[48;2;32;31;39m█[38;2;180;153;98m█[38;2;151;128;82m▓[38;2;121;103;66m▓[38;2;92;78;50m▒[39m                                                                                                                                                [38;2;92;78;50m▒[38;2;121;103;66m▓[38;2;151;128;82m▓[38;2;180;153;98m█[38;2;210;179;115m█[39m[48;2;22;21;26m                  
                  [38;2;210;179;115m[48;2;32;31;39m█[38;2;180;153;98m█[38;2;151;128;82m▓[38;2;136;116;74m▓▓▓▓▓▓▓▓▓▓▓▓▓▓▓▓▓▓▓▓▓▓▓▓▓▓▓▓▓▓▓▓▓▓▓▓▓▓▓▓▓▓▓▓▓▓▓▓▓▓▓▓▓▓▓▓▓▓▓▓▓▓▓▓▓▓▓▓▓▓▓▓▓▓▓▓▓▓▓▓▓▓▓▓▓▓▓▓▓▓▓▓▓▓▓▓▓▓▓▓▓▓▓▓▓▓▓▓▓▓▓▓▓▓▓▓▓▓▓▓▓▓▓▓▓▓▓▓▓▓▓▓▓▓▓▓▓▓▓▓▓▓▓▓▓▓▓▓[38;2;151;128;82m▓[38;2;180;153;98m█[38;2;210;179;115m█[39m[48;2;22;21;26m                  
                  [38;2;210;179;115m[48;2;32;31;39m██████████████████████████████████████████████████████████████████████████████████████████████████████████████████████████████████████████████████████████[39m[48;2;22;21;26m                  
                                                                                                                                                                                              
                                                                                                                                                                                              
