[48;2;20;22;28m                                                                                                                                                                                              
                                                                                                                                                                                              
                  [38;2;117;109;134m[48;2;30;32;40m██████████████████████████████████████████████████████████████████████████████████████████████████████████████████████████████████████████████████████████[39m[48;2;20;22;28m                  
                  [38;2;117;109;134m[48;2;30;32;40m█[38;2;100;93;115m█[38;2;84;78;96m▓[38;2;76;70;87m▓▓▓▓▓▓▓▓▓▓▓▓▓▓▓▓▓▓▓▓▓▓▓▓▓▓▓▓▓▓▓▓▓▓▓▓▓▓▓▓▓▓▓▓▓▓▓▓▓▓▓▓▓▓▓▓▓▓▓▓▓▓▓▓▓▓▓▓▓▓▓▓▓▓▓▓▓▓▓▓▓▓▓▓▓▓▓▓▓▓▓▓▓▓▓▓▓▓▓▓▓▓▓▓▓▓▓▓▓▓▓▓▓▓▓▓▓▓▓▓▓▓▓▓▓▓▓▓▓▓▓▓▓▓▓▓▓▓▓▓▓▓▓▓▓▓▓▓[38;2;84;78;96m▓[38;2;100;93;115m█[38;2;117;109;134m█[39m[48;2;20;22;28m                  
                  [38;2;117;109;134m[48;2;30;32;40m█[38;2;100;93;115m█[38;2;84;78;96m▓[38;2;67;63;77m▓[38;2;51;47;58m▒[38;2;64;118;70m⣿[38;2;21;112;87m⣿[38;2;0;91;110m⣷[39m                                                                                                                                             [38;2;51;47;58m▒[38;2;67;63;77m▓[38;2;84;78;96m▓[38;2;100;93;115m█[38;2;117;109;134m█[39m[48;2;20;22;28m                  
                  [38;2;117;109;134m[48;2;30;32;40m█[38;2;100;93;115m█[38;2;84;78;96m▓[38;2;67;63;77m▓[38;2;51;47;58m▒[38;2;57;117;73m⣿[38;2;26;113;85m⣿[38;2;0;98;104m⣿[38;2;36;65;109m⣷[39m                                                                                                                                            [38;2;51;47;58m▒[38;2;67;63;77m▓[38;2;84;78;96m▓[38;2;100;93;115m█[38;2;117;109;134m█[39m[48;2;20;22;28m                  
                  [38;2;117;109;134m[48;2;30;32;40m█[38;2;100;93;115m█[38;2;84;78;96m▓[38;2;67;63;77m▓[38;2;51;47;58m▒[38;2;12;111;90m⣿⣿[38;2;0;109;94m⣿[38;2;0;94;107m⣿[38;2;21;72;113m⣷[39m                                                                                                                         [38;2;45;44;81m⣀⣠[38;2;45;43;79m⡄[39m               [38;2;51;47;58m▒[38;2;67;63;77m▓[38;2;84;78;96m▓[38;2;100;93;115m█[38;2;117;109;134m█[39m[48;2;20;22;28m                  
                  [38;2;117;109;134m[48;2;30;32;40m█[38;2;100;93;115m█[38;2;84;78;96m▓[38;2;67;63;77m▓[38;2;51;47;58m▒[38;2;0;96;106m⣼[38;2;20;112;87m⣿[38;2;72;119;66m⣿[38;2;91;121;57m⣿[38;2;61;118;71m⣿[38;2;0;104;98m⣷[38;2;22;72;113m⡆[39m                                                                                                                      [38;2;45;44;80m⣿[38;2;45;45;82m⣿⣿[38;2;45;43;79m⣿[39m               [38;2;51;47;58m▒[38;2;67;63;77m▓[38;2;84;78;96m▓[38;2;100;93;115m█[38;2;117;109;134m█[39m[48;2;20;22;28m                  
                  [38;2;117;109;134m[48;2;30;32;40m█[38;2;100;93;115m█[38;2;84;78;96m▓[38;2;67;63;77m▓[38;2;51;47;58m▒[38;2;29;69;111m⣼[38;2;7;110;92m⣿[38;2;104;121;51m⣿[38;2;143;120;45m⣿[38;2;140;120;44m⣿[38;2;92;121;56m⣿[38;2;0;106;97m⣿[38;2;40;58;100m⣇[39m                                                                                                                                        [38;2;51;47;58m▒[38;2;67;63;77m▓[38;2;84;78;96m▓[38;2;100;93;115m█[38;2;117;109;134m█[39m[48;2;20;22;28m                  
                  [38;2;117;109;134m[48;2;30;32;40m█[38;2;100;93;115m█[38;2;84;78;96m▓[38;2;67;63;77m▓[38;2;51;47;58m▒[39m [38;2;0;101;101m⣿[38;2;96;121;55m⣿[38;2;156;119;47m⣿[38;2;167;119;57m⣿[38;2;139;120;44m⣿[38;2;59;118;72m⣿[38;2;19;73;113m⣿[39m                                                                                                                                        [38;2;51;47;58m▒[38;2;67;63;77m▓[38;2;84;78;96m▓[38;2;100;93;115m█[38;2;117;109;134m█[39m[48;2;20;22;28m                  
                  [38;2;117;109;134m[48;2;30;32;40m█[38;2;100;93;115m█[38;2;84;78;96m▓[38;2;67;63;77m▓[38;2;51;47;58m▒[39m [38;2;7;78;116m⢸[38;2;23;112;86m⣿[38;2;105;121;50m⣿[38;2;138;121;44m⣿[38;2;122;121;43m⣿[38;2;62;118;71m⣿[38;2;0;84;115m⣿[38;2;45;51;91m⡇[39m                                                                                                                                       [38;2;51;47;58m▒[38;2;67;63;77m▓[38;2;84;78;96m▓[38;2;100;93;115m█[38;2;117;109;134m█[39m[48;2;20;22;28m                  
                  [38;2;117;109;134m[48;2;30;32;40m█[38;2;100;93;115m█[38;2;84;78;96m▓[38;2;67;63;77m▓[38;2;51;47;58m▒[39m  [38;2;13;75;114m⢻[38;2;0;106;96m⣿[38;2;59;118;72m⣿[38;2;67;118;68m⣿[38;2;24;113;86m⣿[38;2;0;89;111m⣿[38;2;40;59;102m⣿[39m                                                                                                                                       [38;2;51;47;58m▒[38;2;67;63;77m▓[38;2;84;78;96m▓[38;2;100;93;115m█[38;2;117;109;134m█[39m[48;2;20;22;28m                  
                  [38;2;117;109;134m[48;2;30;32;40m█[38;2;100;93;115m█[38;2;84;78;96m▓[38;2;67;63;77m▓[38;2;51;47;58m▒[39m   [38;2;41;56;98m⠹[38;2;18;73;113m⣿[38;2;0;90;110m⣿[38;2;0;96;106m⣿[38;2;0;91;110m⣿[38;2;22;72;113m⣿[38;2;44;53;94m⡆[39m                                                                                                                                      [38;2;51;47;58m▒[38;2;67;63;77m▓[38;2;84;78;96m▓[38;2;100;93;115m█[38;2;117;109;134m█[39m[48;2;20;22;28m                  
                  [38;2;117;109;134m[48;2;30;32;40m█[38;2;100;93;115m█[38;2;84;78;96m▓[38;2;67;63;77m▓[38;2;51;47;58m▒[39m     [38;2;37;63;107m⢿[38;2;1;81;117m⣿[38;2;0;92;109m⣿[38;2;0;94;107m⣿[38;2;0;86;114m⣿[38;2;29;68;111m⣆[39m                                                                                                                                     [38;2;51;47;58m▒[38;2;67;63;77m▓[38;2;84;78;96m▓[38;2;100;93;115m█[38;2;117;109;134m█[39m[48;2;20;22;28m                  
                  [38;2;117;109;134m[48;2;30;32;40m█[38;2;100;93;115m█[38;2;84;78;96m▓[38;2;67;63;77m▓[38;2;51;47;58m▒[39m      [38;2;37;64;108m⢻[38;2;0;93;109m⣿[38;2;33;114;83m⣿[38;2;69;119;67m⣿[38;2;53;117;75m⣿[38;2;0;101;101m⣷[38;2;35;66;110m⡆[39m                                                                                                                                   [38;2;51;47;58m▒[38;2;67;63;77m▓[38;2;84;78;96m▓[38;2;100;93;115m█[38;2;117;109;134m█[39m[48;2;20;22;28m                  
                  [38;2;117;109;134m[48;2;30;32;40m█[38;2;100;93;115m█[38;2;84;78;96m▓[38;2;67;63;77m▓[38;2;51;47;58m▒[39m      [38;2;44;52;93m⠸[38;2;0;85;114m⣿[38;2;61;118;71m⣿[38;2;120;121;43m⣿[38;2;133;121;44m⣿[38;2;97;121;54m⣿[38;2;11;110;90m⣿[38;2;7;78;116m⣷[39m                                                                                                                                  [38;2;51;47;58m▒[38;2;67;63;77m▓[38;2;84;78;96m▓[38;2;100;93;115m█[38;2;117;109;134m█[39m[48;2;20;22;28m                  
                  [38;2;117;109;134m[48;2;30;32;40m█[38;2;100;93;115m█[38;2;84;78;96m▓[38;2;67;63;77m▓[38;2;51;47;58m▒[39m       [38;2;27;69;111m⢸[38;2;32;114;83m⣿[38;2;122;121;43m⣿[38;2;156;119;48m⣿[38;2;150;120;45m⣿[38;2;103;121;51m⣿[38;2;8;110;92m⣿[38;2;23;71;112m⣷[39m                                                                                                                                 [38;2;51;47;58m▒[38;2;67;63;77m▓[38;2;84;78;96m▓[38;2;100;93;115m█[38;2;117;109;134m█[39m[48;2;20;22;28m                  
                  [38;2;117;109;134m[48;2;30;32;40m█[38;2;100;93;115m█[38;2;84;78;96m▓[38;2;67;63;77m▓[38;2;51;47;58m▒[39m        [38;2;0;89;112m⢿[38;2;51;117;76m⣿[38;2;119;121;44m⣿[38;2;138;120;44m⣿[38;2;123;121;43m⣿[38;2;74;119;65m⣿[38;2;0;101;101m⣿[38;2;22;71;112m⣷[39m                                                                                                                                [38;2;51;47;58m▒[38;2;67;63;77m▓[38;2;84;78;96m▓[38;2;100;93;115m█[38;2;117;109;134m█[39m[48;2;20;22;28m                  
                  [38;2;117;109;134m[48;2;30;32;40m█[38;2;100;93;115m█[38;2;84;78;96m▓[38;2;67;63;77m▓[38;2;51;47;58m▒[39m        [38;2;43;53;95m⠈[38;2;0;86;114m⢿[38;2;15;111;89m⣿[38;2;75;119;65m⣿[38;2;86;120;59m⣿[38;2;69;119;67m⣿[38;2;16;111;89m⣿[38;2;0;93;109m⣿[38;2;31;68;111m⣷[38;2;45;50;91m⡄[39m                                                                                                                              [38;2;51;47;58m▒[38;2;67;63;77m▓[38;2;84;78;96m▓[38;2;100;93;115m█[38;2;117;109;134m█[39m[48;2;20;22;28m                  
                  [38;2;117;109;134m[48;2;30;32;40m█[38;2;100;93;115m█[38;2;84;78;96m▓[38;2;67;63;77m▓[38;2;51;47;58m▒[39m          [38;2;39;60;103m⠻[38;2;0;82;117m⢿[38;2;0;101;102m⣿[38;2;3;109;93m⣿[38;2;0;108;95m⣿[38;2;0;99;103m⣿[38;2;0;87;113m⣿[38;2;17;74;114m⣿[38;2;38;62;105m⣦[38;2;45;51;92m⡄[39m                                                                                                                            [38;2;51;47;58m▒[38;2;67;63;77m▓[38;2;84;78;96m▓[38;2;100;93;115m█[38;2;117;109;134m█[39m[48;2;20;22;28m                  
                  [38;2;117;109;134m[48;2;30;32;40m█[38;2;100;93;115m█[38;2;84;78;96m▓[38;2;67;63;77m▓[38;2;51;47;58m▒[39m            [38;2;40;58;100m⠹[38;2;19;73;113m⢿[38;2;0;84;115m⣿[38;2;0;88;112m⣿[38;2;0;88;113m⣿[38;2;0;85;115m⣿[38;2;2;80;117m⣿[38;2;21;72;113m⣿[38;2;37;63;106m⣷[38;2;42;55;96m⣄[39m                                                                                                                          [38;2;51;47;58m▒[38;2;67;63;77m▓[38;2;84;78;96m▓[38;2;100;93;115m█[38;2;117;109;134m█[39m[48;2;20;22;28m                  
                  [38;2;117;109;134m[48;2;30;32;40m█[38;2;100;93;115m█[38;2;84;78;96m▓[38;2;67;63;77m▓[38;2;51;47;58m▒[39m              [38;2;44;52;93m⠘[38;2;37;63;106m⢿[38;2;17;74;114m⣿[38;2;3;80;117m⣿⣿[38;2;11;76;115m⣿[38;2;19;73;113m⣿[38;2;22;71;112m⣿[38;2;27;69;111m⣿[38;2;36;64;108m⣷[38;2;39;60;102m⣦[38;2;41;57;99m⣄[39m                                                     [38;2;36;65;109m⣀[38;2;27;69;111m⣀[38;2;22;71;112m⣀[38;2;27;69;111m⣀[39m                                                             [38;2;51;47;58m▒[38;2;67;63;77m▓[38;2;84;78;96m▓[38;2;100;93;115m█[38;2;117;109;134m█[39m[48;2;20;22;28m                  
                  [38;2;117;109;134m[48;2;30;32;40m█[38;2;100;93;115m█[38;2;84;78;96m▓[38;2;67;63;77m▓[38;2;51;47;58m▒[39m                 [38;2;40;58;100m⠘[38;2;36;64;108m⠿[38;2;29;68;111m⣿[38;2;25;70;112m⣿[38;2;21;72;113m⣿⣿[38;2;27;69;111m⣿[38;2;28;69;111m⣿[38;2;19;73;113m⣿[38;2;12;76;115m⣿[38;2;14;75;114m⣿[38;2;28;69;111m⣷[38;2;38;61;104m⣶[38;2;42;55;97m⣤[38;2;45;51;91m⣀[39m                                           [38;2;45;49;89m⢰[38;2;36;65;109m⣿[38;2;0;83;116m⣿[38;2;0;98;104m⣿[38;2;5;109;93m⣿[38;2;45;116;78m⣿[38;2;67;118;68m⣿[38;2;68;119;68m⣿[38;2;54;117;75m⣿[38;2;30;114;84m⣿[38;2;18;112;88m⣿[38;2;29;113;84m⣿[38;2;49;117;77m⣿[38;2;63;118;70m⣿[38;2;67;118;68m⣿[38;2;66;118;69m⣿[38;2;64;118;70m⣿[38;2;57;117;73m⣿[38;2;47;116;78m⣿[38;2;26;113;85m⣿[38;2;0;109;94m⣿[38;2;0;100;103m⣷[38;2;0;90;111m⣶[38;2;0;82;117m⣶[38;2;16;74;114m⣶[38;2;30;68;111m⣶[38;2;37;63;107m⣦[38;2;40;58;100m⣄[39m                                         [38;2;51;47;58m▒[38;2;67;63;77m▓[38;2;84;78;96m▓[38;2;100;93;115m█[38;2;117;109;134m█[39m[48;2;20;22;28m                  
                  [38;2;117;109;134m[48;2;30;32;40m█[38;2;100;93;115m█[38;2;84;78;96m▓[38;2;67;63;77m▓[38;2;51;47;58m▒[39m                    [38;2;43;53;95m⠘[38;2;39;61;103m⠻[38;2;36;65;108m⠿[38;2;35;66;110m⣿[38;2;30;68;111m⣿[38;2;17;74;114m⣿[38;2;5;79;116m⣿[38;2;4;80;117m⣿[38;2;12;76;115m⣿[38;2;24;71;112m⣿[38;2;31;67;110m⣿[38;2;36;65;109m⣿[38;2;37;64;107m⣿[38;2;40;59;101m⣷[38;2;45;51;92m⣦[39m                                        [38;2;45;50;91m⢸[38;2;31;68;111m⣿[38;2;0;87;113m⣿[38;2;0;103;100m⣿[38;2;30;114;84m⣿[38;2;71;119;66m⣿[38;2;97;121;54m⣿[38;2;103;121;51m⣿[38;2;95;121;55m⣿[38;2;83;120;61m⣿[38;2;81;120;61m⣿[38;2;99;121;53m⣿[38;2;123;121;43m⣿[38;2;139;120;44m⣿[38;2;144;120;45m⣿⣿[38;2;143;120;44m⣿[38;2;140;120;44m⣿[38;2;136;121;44m⣿[38;2;128;121;43m⣿[38;2;119;121;44m⣿[38;2;108;121;49m⣿[38;2;97;121;54m⣿[38;2;88;121;58m⣿[38;2;81;120;61m⣿[38;2;76;119;64m⣿[38;2;72;119;66m⣿[38;2;62;118;70m⣿[38;2;34;114;82m⣿[38;2;0;104;99m⣷[38;2;0;86;114m⣶[38;2;20;72;113m⣶[38;2;36;64;108m⣤[38;2;39;60;103m⣄[39m                                   [38;2;51;47;58m▒[38;2;67;63;77m▓[38;2;84;78;96m▓[38;2;100;93;115m█[38;2;117;109;134m█[39m[48;2;20;22;28m                  
                  [38;2;117;109;134m[48;2;30;32;40m█[38;2;100;93;115m█[38;2;84;78;96m▓[38;2;67;63;77m▓[38;2;51;47;58m▒[39m                        [38;2;44;52;93m⠘[38;2;39;60;103m⠻[38;2;31;68;111m⠿[38;2;22;72;113m⣿[38;2;23;71;112m⣿[38;2;29;68;111m⣿[38;2;32;67;110m⣿[38;2;31;67;110m⣿[38;2;28;69;111m⣿[38;2;33;66;110m⣿[38;2;39;60;103m⣿[38;2;45;50;91m⣿[39m                                       [38;2;45;48;86m⠈[38;2;38;61;104m⠻[38;2;7;78;116m⣿[38;2;0;94;107m⣿[38;2;0;109;94m⣿[38;2;48;117;77m⣿[38;2;78;120;63m⣿[38;2;87;120;59m⣿[38;2;82;120;61m⣿[38;2;72;119;66m⣿[38;2;74;119;65m⣿[38;2;96;121;55m⣿[38;2;122;121;43m⣿[38;2;139;120;44m⣿[38;2;148;120;45m⣿[38;2;150;120;45m⣿[38;2;153;120;45m⣿[38;2;154;119;46m⣿⣿[38;2;151;120;45m⣿[38;2;146;120;45m⣿[38;2;141;120;44m⣿[38;2;135;121;44m⣿[38;2;133;121;44m⣿[38;2;135;121;44m⣿[38;2;140;120;44m⣿[38;2;143;120;45m⣿[38;2;142;120;44m⣿[38;2;126;121;43m⣿[38;2;94;121;55m⣿[38;2;45;116;78m⣿[38;2;0;108;95m⣿[38;2;0;102;101m⣿[38;2;0;99;104m⣿[38;2;0;91;110m⣿[38;2;14;75;114m⣿[38;2;42;55;96m⣆[39m                                [38;2;51;47;58m▒[38;2;67;63;77m▓[38;2;84;78;96m▓[38;2;100;93;115m█[38;2;117;109;134m█[39m[48;2;20;22;28m                  
                  [38;2;117;109;134m[48;2;30;32;40m█[38;2;100;93;115m█[38;2;84;78;96m▓[38;2;67;63;77m▓[38;2;51;47;58m▒[39m                              [38;2;42;55;97m⠙[38;2;40;59;101m⠿[38;2;37;64;107m⢿[38;2;36;65;109m⣿[38;2;38;62;105m⣿[38;2;43;53;95m⣿[39m                                          [38;2;43;53;95m⠈[38;2;38;62;105m⠙[38;2;21;72;113m⠿[38;2;0;82;117m⠿[38;2;0;88;113m⠿[38;2;0;91;110m⢿[38;2;0;93;109m⣿[38;2;0;97;105m⣿[38;2;0;107;96m⣿[38;2;35;114;82m⣿[38;2;62;118;71m⣿[38;2;75;119;64m⣿[38;2;81;120;62m⣿[38;2;87;120;59m⣿[38;2;93;121;56m⣿[38;2;98;121;54m⣿[38;2;103;121;51m⣿[38;2;108;121;49m⣿[38;2;111;121;48m⣿[38;2;113;121;47m⣿[38;2;117;121;45m⣿[38;2;125;121;43m⣿[38;2;134;121;44m⣿[38;2;141;120;44m⣿⣿[38;2;127;121;43m⣿[38;2;98;121;54m⣿[38;2;52;117;75m⣿[38;2;11;110;91m⣿[38;2;0;106;97m⣿[38;2;0;103;100m⣿[38;2;0;96;106m⣿[38;2;2;80;117m⣿[38;2;40;58;100m⣿[39m                                [38;2;51;47;58m▒[38;2;67;63;77m▓[38;2;84;78;96m▓[38;2;100;93;115m█[38;2;117;109;134m█[39m[48;2;20;22;28m                  
                  [38;2;117;109;134m[48;2;30;32;40m█[38;2;100;93;115m█[38;2;84;78;96m▓[38;2;67;63;77m▓[38;2;51;47;58m▒[39m                                 [38;2;44;53;94m⢻[38;2;43;54;96m⣿[38;2;45;50;90m⣿[39m                                                   [38;2;42;55;97m⠙[38;2;38;61;104m⠛[38;2;33;67;110m⠛[38;2;18;73;113m⠻[38;2;3;80;117m⠿[38;2;0;86;114m⠿[38;2;0;91;110m⠿[38;2;0;96;106m⣿[38;2;0;100;103m⣿[38;2;0;102;100m⣿[38;2;0;104;98m⣿[38;2;0;108;95m⣿[38;2;18;112;88m⣿[38;2;43;116;79m⣿[38;2;59;118;72m⣿[38;2;66;118;69m⣿[38;2;56;117;74m⣿[38;2;32;114;83m⣿[38;2;0;107;96m⣿[38;2;0;99;103m⣿[38;2;0;96;106m⣿[38;2;0;94;107m⣿[38;2;0;89;112m⣿[38;2;15;74;114m⣿[38;2;42;55;97m⠟[39m                                [38;2;51;47;58m▒[38;2;67;63;77m▓[38;2;84;78;96m▓[38;2;100;93;115m█[38;2;117;109;134m█[39m[48;2;20;22;28m                  
                  [38;2;117;109;134m[48;2;30;32;40m█[38;2;100;93;115m█[38;2;84;78;96m▓[38;2;67;63;77m▓[38;2;51;47;58m▒[39m                                  [38;2;45;45;83m⠘[38;2;45;45;81m⠃[39m                                                                [38;2;44;53;94m⠈[38;2;42;55;97m⠉[38;2;42;56;98m⠉[39m                                         [38;2;51;47;58m▒[38;2;67;63;77m▓[38;2;84;78;96m▓[38;2;100;93;115m█[38;2;117;109;134m█[39m[48;2;20;22;28m                  
                  [38;2;117;109;134m[48;2;30;32;40m█[38;2;100;93;115m█[38;2;84;78;96m▓[38;2;67;63;77m▓[38;2;51;47;58m▒[39m                                                                                                                                                [38;2;51;47;58m▒[38;2;67;63;77m▓[38;2;84;78;96m▓[38;2;100;93;115m█[38;2;117;109;134m█[39m[48;2;20;22;28m                  
                  [38;2;117;109;134m[48;2;30;32;40m█[38;2;100;93;115m█[38;2;84;78;96m▓[38;2;67;63;77m▓[38;2;51;47;58m▒[39m                                                                                                                                                [38;2;51;47;58m▒[38;2;67;63;77m▓[38;2;84;78;96m▓[38;2;100;93;115m█[38;2;117;109;134m█[39m[48;2;20;22;28m                  
                  [38;2;117;109;134m[48;2;30;32;40m█[38;2;100;93;115m█[38;2;84;78;96m▓[38;2;67;63;77m▓[38;2;51;47;58m▒[39m                                                                                                                                                [38;2;51;47;58m▒[38;2;67;63;77m▓[38;2;84;78;96m▓[38;2;100;93;115m█[38;2;117;109;134m█[39m[48;2;20;22;28m                  
                  [38;2;117;109;134m[48;2;30;32;40m█[38;2;100;93;115m█[38;2;84;78;96m▓[38;2;67;63;77m▓[38;2;51;47;58m▒[39m                                                                                                                                                [38;2;51;47;58m▒[38;2;67;63;77m▓[38;2;84;78;96m▓[38;2;100;93;115m█[38;2;117;109;134m█[39m[48;2;20;22;28m                  
                  [38;2;117;109;134m[48;2;30;32;40m█[38;2;100;93;115m█[38;2;84;78;96m▓[38;2;67;63;77m▓[38;2;51;47;58m▒[39m                                                                                                                                                [38;2;51;47;58m▒[38;2;67;63;77m▓[38;2;84;78;96m▓[38;2;100;93;115m█[38;2;117;109;134m█[39m[48;2;20;22;28m                  
                  [38;2;117;109;134m[48;2;30;32;40m█[38;2;100;93;115m█[38;2;84;78;96m▓[38;2;67;63;77m▓[38;2;51;47;58m▒[39m                                                                                                                                                [38;2;51;47;58m▒[38;2;67;63;77m▓[38;2;84;78;96m▓[38;2;100;93;115m█[38;2;117;109;134m█[39m[48;2;20;22;28m                  
                  [38;2;117;109;134m[48;2;30;32;40m█[38;2;100;93;115m█[38;2;84;78;96m▓[38;2;67;63;77m▓[38;2;51;47;58m▒[39m                                                                                                                                                [38;2;51;47;58m▒[38;2;67;63;77m▓[38;2;84;78;96m▓[38;2;100;93;115m█[38;2;117;109;134m█[39m[48;2;20;22;28m                  
                  [38;2;117;109;134m[48;2;30;32;40m█[38;2;100;93;115m█[38;2;84;78;96m▓[38;2;67;63;77m▓[38;2;51;47;58m▒[39m                                                                                                                                                [38;2;51;47;58m▒[38;2;67;63;77m▓[38;2;84;78;96m▓[38;2;100;93;115m█[38;2;117;109;134m█[39m[48;2;20;22;28m                  
                  [38;2;117;109;134m[48;2;30;32;40m█[38;2;100;93;115m█[38;2;84;78;96m▓[38;2;67;63;77m▓[38;2;51;47;58m▒[39m                                                                                                                                                [38;2;51;47;58m▒[38;2;67;63;77m▓[38;2;84;78;96m▓[38;2;100;93;115m█[38;2;117;109;134m█[39m[48;2;20;22;28m                  
                  [38;2;117;109;134m[48;2;30;32;40m█[38;2;100;93;115m█[38;2;84;78;96m▓[38;2;67;63;77m▓[38;2;51;47;58m▒[39m                                                                                                                                                [38;2;51;47;58m▒[38;2;67;63;77m▓[38;2;84;78;96m▓[38;2;100;93;115m█[38;2;117;109;134m█[39m[48;2;20;22;28m                  
                  [38;2;117;109;134m[48;2;30;32;40m█[38;2;100;93;115m█[38;2;84;78;96m▓[38;2;67;63;77m▓[38;2;51;47;58m▒[39m                                                                                                                                                [38;2;51;47;58m▒[38;2;67;63;77m▓[38;2;84;78;96m▓[38;2;100;93;115m█[38;2;117;109;134m█[39m[48;2;20;22;28m                  
                  [38;2;117;109;134m[48;2;30;32;40m█[38;2;100;93;115m█[38;2;84;78;96m▓[38;2;67;63;77m▓[38;2;51;47;58m▒[39m                                                                                                                                                [38;2;51;47;58m▒[38;2;67;63;77m▓[38;2;84;78;96m▓[38;2;100;93;115m█[38;2;117;109;134m█[39m[48;2;20;22;28m                  
                  [38;2;117;109;134m[48;2;30;32;40m█[38;2;100;93;115m█[38;2;84;78;96m▓[38;2;67;63;77m▓[38;2;51;47;58m▒[39m                                                                                                                                                [38;2;51;47;58m▒[38;2;67;63;77m▓[38;2;84;78;96m▓[38;2;100;93;115m█[38;2;117;109;134m█[39m[48;2;20;22;28m                  
                  [38;2;117;109;134m[48;2;30;32;40m█[38;2;100;93;115m█[38;2;84;78;96m▓[38;2;67;63;77m▓[38;2;51;47;58m▒[39m                                                                                                                                                [38;2;51;47;58m▒[38;2;67;63;77m▓[38;2;84;78;96m▓[38;2;100;93;115m█[38;2;117;109;134m█[39m[48;2;20;22;28m                  
                  [38;2;117;109;134m[48;2;30;32;40m█[38;2;100;93;115m█[38;2;84;78;96m▓[38;2;67;63;77m▓[38;2;51;47;58m▒[39m                                                                                                                                                [38;2;51;47;58m▒[38;2;67;63;77m▓[38;2;84;78;96m▓[38;2;100;93;115m█[38;2;117;109;134m█[39m[48;2;20;22;28m                  
                  [38;2;117;109;134m[48;2;30;32;40m█[38;2;100;93;115m█[38;2;84;78;96m▓[38;2;67;63;77m▓[38;2;51;47;58m▒[39m                                                                                                                                                [38;2;51;47;58m▒[38;2;67;63;77m▓[38;2;84;78;96m▓[38;2;100;93;115m█[38;2;117;109;134m█[39m[48;2;20;22;28m                  
                  [38;2;117;109;134m[48;2;30;32;40m█[38;2;100;93;115m█[38;2;84;78;96m▓[38;2;67;63;77m▓[38;2;51;47;58m▒[39m                                                                                                                                                [38;2;51;47;58m▒[38;2;67;63;77m▓[38;2;84;78;96m▓[38;2;100;93;115m█[38;2;117;109;134m█[39m[48;2;20;22;28m                  
                  [38;2;117;109;134m[48;2;30;32;40m█[38;2;100;93;115m█[38;2;84;78;96m▓[38;2;67;63;77m▓[38;2;51;47;58m▒[39m             [38;2;45;45;82m⣴⣦[39m                                                                                                                                 [38;2;51;47;58m▒[38;2;67;63;77m▓[38;2;84;78;96m▓[38;2;100;93;115m█[38;2;117;109;134m█[39m[48;2;20;22;28m                  
                  [38;2;117;109;134m[48;2;30;32;40m█[38;2;100;93;115m█[38;2;84;78;96m▓[38;2;67;63;77m▓[38;2;51;47;58m▒[39m             [38;2;45;45;82m⢿⣿[39m                                                                                                                                 [38;2;51;47;58m▒[38;2;67;63;77m▓[38;2;84;78;96m▓[38;2;100;93;115m█[38;2;117;109;134m█[39m[48;2;20;22;28m                  
                  [38;2;117;109;134m[48;2;30;32;40m█[38;2;100;93;115m█[38;2;84;78;96m▓[38;2;67;63;77m▓[38;2;51;47;58m▒[39m                                                                                                                                                [38;2;51;47;58m▒[38;2;67;63;77m▓[38;2;84;78;96m▓[38;2;100;93;115m█[38;2;117;109;134m█[39m[48;2;20;22;28m                  
                  [38;2;117;109;134m[48;2;30;32;40m█[38;2;100;93;115m█[38;2;84;78;96m▓[38;2;67;63;77m▓[38;2;51;47;58m▒[39m                                                                                                                                                [38;2;51;47;58m▒[38;2;67;63;77m▓[38;2;84;78;96m▓[38;2;100;93;115m█[38;2;117;109;134m█[39m[48;2;20;22;28m                  
                  [38;2;117;109;134m[48;2;30;32;40m█[38;2;100;93;115m█[38;2;84;78;96m▓[38;2;67;63;77m▓[38;2;51;47;58m▒[39m                                                                                                                                                [38;2;51;47;58m▒[38;2;67;63;77m▓[38;2;84;78;96m▓[38;2;100;93;115m█[38;2;117;109;134m█[39m[48;2;20;22;28m                  
                  [38;2;117;109;134m[48;2;30;32;40m█[38;2;100;93;115m█[38;2;84;78;96m▓[38;2;67;63;77m▓[38;2;51;47;58m▒[39m                                                                                                                                                [38;2;51;47;58m▒[38;2;67;63;77m▓[38;2;84;78;96m▓[38;2;100;93;115m█[38;2;117;109;134m█[39m[48;2;20;22;28m                  
                  [38;2;117;109;134m[48;2;30;32;40m█[38;2;100;93;115m█[38;2;84;78;96m▓[38;2;67;63;77m▓[38;2;51;47;58m▒[39m                                                                                                                                                [38;2;51;47;58m▒[38;2;67;63;77m▓[38;2;84;78;96m▓[38;2;100;93;115m█[38;2;117;109;134m█[39m[48;2;20;22;28m                  
                  [38;2;117;109;134m[48;2;30;32;40m█[38;2;100;93;115m█[38;2;84;78;96m▓[38;2;76;70;87m▓▓▓▓▓▓▓▓▓▓▓▓▓▓▓▓▓▓▓▓▓▓▓▓▓▓▓▓▓▓▓▓▓▓▓▓▓▓▓▓▓▓▓▓▓▓▓▓▓▓▓▓▓▓▓▓▓▓▓▓▓▓▓▓▓▓▓▓▓▓▓▓▓▓▓▓▓▓▓▓▓▓▓▓▓▓▓▓▓▓▓▓▓▓▓▓▓▓▓▓▓▓▓▓▓▓▓▓▓▓▓▓▓▓▓▓▓▓▓▓▓▓▓▓▓▓▓▓▓▓▓▓▓▓▓▓▓▓▓▓▓▓▓▓▓▓▓▓[38;2;84;78;96m▓[38;2;100;93;115m█[38;2;117;109;134m█[39m[48;2;20;22;28m                  
                  [38;2;117;109;134m[48;2;30;32;40m██████████████████████████████████████████████████████████████████████████████████████████████████████████████████████████████████████████████████████████[39m[48;2;20;22;28m                  
                                                                                                                                                                                              
                                                                                                                                                                                              
