[48;2;62;58;52m                                                                                                                                                                                              
                                                                                                                                                                                              
                  [38;2;221;174;195m[48;2;52;48;41m██████████████████████████████████████████████████████████████████████████████████████████████████████████████████████████████████████████████████████████[39m[48;2;62;58;52m                  
                  [38;2;221;174;195m[48;2;52;48;41m█[38;2;190;149;167m█[38;2;159;125;140m▓[38;2;143;113;126m▓▓▓▓▓▓▓▓▓▓▓▓▓▓▓▓▓▓▓▓▓▓▓▓▓▓▓▓▓▓▓▓▓▓▓▓▓▓▓▓▓▓▓▓▓▓▓▓▓▓▓▓▓▓▓▓▓▓▓▓▓▓▓▓▓▓▓▓▓▓▓▓▓▓▓▓▓▓▓▓▓▓▓▓▓▓▓▓▓▓▓▓▓▓▓▓▓▓▓▓▓▓▓▓▓▓▓▓▓▓▓▓▓▓▓▓▓▓▓▓▓▓▓▓▓▓▓▓▓▓▓▓▓▓▓▓▓▓▓▓▓▓▓▓▓▓▓▓[38;2;159;125;140m▓[38;2;190;149;167m█[38;2;221;174;195m█[39m[48;2;62;58;52m                  
                  [38;2;221;174;195m[48;2;52;48;41m█[38;2;190;149;167m█[38;2;159;125;140m▓[38;2;128;100;113m▓[38;2;97;76;85m▒[38;2;142;168;130m⣿[38;2;73;157;150m⣿[38;2;56;117;163m⣷[39m                                                                                                                                             [38;2;97;76;85m▒[38;2;128;100;113m▓[38;2;159;125;140m▓[38;2;190;149;167m█[38;2;221;174;195m█[39m[48;2;62;58;52m                  
                  [38;2;221;174;195m[48;2;52;48;41m█[38;2;190;149;167m█[38;2;159;125;140m▓[38;2;128;100;113m▓[38;2;97;76;85m▒[38;2;126;168;134m⣿[38;2;79;159;148m⣿[38;2;51;129;166m⣿[38;2;71;80;128m⣷[39m                                                                                                                                            [38;2;97;76;85m▒[38;2;128;100;113m▓[38;2;159;125;140m▓[38;2;190;149;167m█[38;2;221;174;195m█[39m[48;2;62;58;52m                  
                  [38;2;221;174;195m[48;2;52;48;41m█[38;2;190;149;167m█[38;2;159;125;140m▓[38;2;128;100;113m▓[38;2;97;76;85m▒[38;2;64;154;153m⣿⣿[38;2;52;150;157m⣿[38;2;53;122;167m⣿[38;2;69;89;138m⣷[39m                                                                                                                         [38;2;62;66;85m⣀⣠[38;2;61;65;82m⡄[39m               [38;2;97;76;85m▒[38;2;128;100;113m▓[38;2;159;125;140m▓[38;2;190;149;167m█[38;2;221;174;195m█[39m[48;2;62;58;52m                  
                  [38;2;221;174;195m[48;2;52;48;41m█[38;2;190;149;167m█[38;2;159;125;140m▓[38;2;128;100;113m▓[38;2;97;76;85m▒[38;2;51;124;168m⣼[38;2;72;157;150m⣿[38;2;164;168;125m⣿[38;2;205;168;124m⣿[38;2;134;168;132m⣿[38;2;51;141;161m⣷[38;2;70;88;137m⡆[39m                                                                                                                      [38;2;62;66;84m⣿[38;2;62;67;87m⣿[38;2;62;66;86m⣿[38;2;61;65;82m⣿[39m               [38;2;97;76;85m▒[38;2;128;100;113m▓[38;2;159;125;140m▓[38;2;190;149;167m█[38;2;221;174;195m█[39m[48;2;62;58;52m                  
                  [38;2;221;174;195m[48;2;52;48;41m█[38;2;190;149;167m█[38;2;159;125;140m▓[38;2;128;100;113m▓[38;2;97;76;85m▒[38;2;71;84;133m⣼[38;2;58;152;155m⣿[38;2;218;171;156m⣿[38;2;247;193;192m⣿[38;2;245;190;194m⣿[38;2;206;168;126m⣿[38;2;51;145;160m⣿[38;2;68;76;114m⣇[39m                                                                                                                                        [38;2;97;76;85m▒[38;2;128;100;113m▓[38;2;159;125;140m▓[38;2;190;149;167m█[38;2;221;174;195m█[39m[48;2;62;58;52m                  
                  [38;2;221;174;195m[48;2;52;48;41m█[38;2;190;149;167m█[38;2;159;125;140m▓[38;2;128;100;113m▓[38;2;97;76;85m▒[39m [38;2;51;135;164m⣿[38;2;210;169;137m⣿[38;2;251;205;189m⣿[38;2;249;219;197m⣿[38;2;244;189;195m⣿[38;2;130;168;133m⣿[38;2;69;90;139m⣿[39m                                                                                                                                        [38;2;97;76;85m▒[38;2;128;100;113m▓[38;2;159;125;140m▓[38;2;190;149;167m█[38;2;221;174;195m█[39m[48;2;62;58;52m                  
                  [38;2;221;174;195m[48;2;52;48;41m█[38;2;190;149;167m█[38;2;159;125;140m▓[38;2;128;100;113m▓[38;2;97;76;85m▒[39m [38;2;68;96;147m⢸[38;2;75;158;149m⣿[38;2;219;171;160m⣿[38;2;244;188;195m⣿[38;2;236;174;202m⣿[38;2;137;168;131m⣿[38;2;63;105;155m⣿[38;2;65;71;100m⡇[39m                                                                                                                                       [38;2;97;76;85m▒[38;2;128;100;113m▓[38;2;159;125;140m▓[38;2;190;149;167m█[38;2;221;174;195m█[39m[48;2;62;58;52m                  
                  [38;2;221;174;195m[48;2;52;48;41m█[38;2;190;149;167m█[38;2;159;125;140m▓[38;2;128;100;113m▓[38;2;97;76;85m▒[39m  [38;2;68;93;143m⢻[38;2;51;145;159m⣿[38;2;129;168;133m⣿[38;2;150;168;128m⣿[38;2;76;159;148m⣿[38;2;58;113;161m⣿[38;2;69;76;116m⣿[39m                                                                                                                                       [38;2;97;76;85m▒[38;2;128;100;113m▓[38;2;159;125;140m▓[38;2;190;149;167m█[38;2;221;174;195m█[39m[48;2;62;58;52m                  
                  [38;2;221;174;195m[48;2;52;48;41m█[38;2;190;149;167m█[38;2;159;125;140m▓[38;2;128;100;113m▓[38;2;97;76;85m▒[39m   [38;2;68;75;111m⠹[38;2;69;90;140m⣿[38;2;57;115;162m⣿[38;2;51;125;168m⣿[38;2;57;115;162m⣿[38;2;70;88;137m⣿[38;2;66;72;104m⡆[39m                                                                                                                                      [38;2;97;76;85m▒[38;2;128;100;113m▓[38;2;159;125;140m▓[38;2;190;149;167m█[38;2;221;174;195m█[39m[48;2;62;58;52m                  
                  [38;2;221;174;195m[48;2;52;48;41m█[38;2;190;149;167m█[38;2;159;125;140m▓[38;2;128;100;113m▓[38;2;97;76;85m▒[39m     [38;2;71;79;125m⢿[38;2;67;100;151m⣿[38;2;55;118;165m⣿[38;2;53;122;167m⣿[38;2;62;108;157m⣿[38;2;71;84;133m⣆[39m                                                                                                                                     [38;2;97;76;85m▒[38;2;128;100;113m▓[38;2;159;125;140m▓[38;2;190;149;167m█[38;2;221;174;195m█[39m[48;2;62;58;52m                  
                  [38;2;221;174;195m[48;2;52;48;41m█[38;2;190;149;167m█[38;2;159;125;140m▓[38;2;128;100;113m▓[38;2;97;76;85m▒[39m      [38;2;71;79;125m⢻[38;2;54;119;165m⣿[38;2;86;162;145m⣿[38;2;156;168;126m⣿[38;2;115;168;136m⣿[38;2;51;135;164m⣷[38;2;71;81;129m⡆[39m                                                                                                                                   [38;2;97;76;85m▒[38;2;128;100;113m▓[38;2;159;125;140m▓[38;2;190;149;167m█[38;2;221;174;195m█[39m[48;2;62;58;52m                  
                  [38;2;221;174;195m[48;2;52;48;41m█[38;2;190;149;167m█[38;2;159;125;140m▓[38;2;128;100;113m▓[38;2;97;76;85m▒[39m      [38;2;66;72;102m⠸[38;2;62;107;156m⣿[38;2;135;168;132m⣿[38;2;234;174;197m⣿[38;2;242;184;197m⣿[38;2;211;169;140m⣿[38;2;63;154;153m⣿[38;2;68;96;146m⣷[39m                                                                                                                                  [38;2;97;76;85m▒[38;2;128;100;113m▓[38;2;159;125;140m▓[38;2;190;149;167m█[38;2;221;174;195m█[39m[48;2;62;58;52m                  
                  [38;2;221;174;195m[48;2;52;48;41m█[38;2;190;149;167m█[38;2;159;125;140m▓[38;2;128;100;113m▓[38;2;97;76;85m▒[39m       [38;2;70;85;134m⢸[38;2;85;162;145m⣿[38;2;236;174;202m⣿[38;2;251;206;190m⣿[38;2;250;199;189m⣿[38;2;217;171;155m⣿[38;2;59;153;154m⣿[38;2;70;87;136m⣷[39m                                                                                                                                 [38;2;97;76;85m▒[38;2;128;100;113m▓[38;2;159;125;140m▓[38;2;190;149;167m█[38;2;221;174;195m█[39m[48;2;62;58;52m                  
                  [38;2;221;174;195m[48;2;52;48;41m█[38;2;190;149;167m█[38;2;159;125;140m▓[38;2;128;100;113m▓[38;2;97;76;85m▒[39m        [38;2;58;113;161m⢿[38;2;110;168;137m⣿[38;2;233;174;193m⣿[38;2;244;189;195m⣿[38;2;237;175;202m⣿[38;2;167;168;124m⣿[38;2;51;135;163m⣿[38;2;70;88;137m⣷[39m                                                                                                                                [38;2;97;76;85m▒[38;2;128;100;113m▓[38;2;159;125;140m▓[38;2;190;149;167m█[38;2;221;174;195m█[39m[48;2;62;58;52m                  
                  [38;2;221;174;195m[48;2;52;48;41m█[38;2;190;149;167m█[38;2;159;125;140m▓[38;2;128;100;113m▓[38;2;97;76;85m▒[39m        [38;2;66;73;105m⠈[38;2;62;108;157m⢿[38;2;67;155;152m⣿[38;2;170;168;123m⣿[38;2;199;168;116m⣿[38;2;155;168;127m⣿[38;2;68;156;151m⣿[38;2;54;119;165m⣿[38;2;71;83;132m⣷[38;2;65;71;99m⡄[39m                                                                                                                              [38;2;97;76;85m▒[38;2;128;100;113m▓[38;2;159;125;140m▓[38;2;190;149;167m█[38;2;221;174;195m█[39m[48;2;62;58;52m                  
                  [38;2;221;174;195m[48;2;52;48;41m█[38;2;190;149;167m█[38;2;159;125;140m▓[38;2;128;100;113m▓[38;2;97;76;85m▒[39m          [38;2;69;77;119m⠻[38;2;65;102;153m⢿[38;2;51;134;164m⣿[38;2;55;151;156m⣿[38;2;51;149;158m⣿[38;2;51;131;166m⣿[38;2;61;109;158m⣿[38;2;69;91;141m⣿[38;2;70;78;121m⣦[38;2;65;71;100m⡄[39m                                                                                                                            [38;2;97;76;85m▒[38;2;128;100;113m▓[38;2;159;125;140m▓[38;2;190;149;167m█[38;2;221;174;195m█[39m[48;2;62;58;52m                  
                  [38;2;221;174;195m[48;2;52;48;41m█[38;2;190;149;167m█[38;2;159;125;140m▓[38;2;128;100;113m▓[38;2;97;76;85m▒[39m            [38;2;68;76;114m⠹[38;2;69;89;139m⢿[38;2;64;105;155m⣿[38;2;59;112;160m⣿[38;2;60;111;159m⣿[38;2;63;106;156m⣿[38;2;67;99;150m⣿[38;2;69;89;138m⣿[38;2;70;79;123m⣷[38;2;67;74;108m⣄[39m                                                                                                                          [38;2;97;76;85m▒[38;2;128;100;113m▓[38;2;159;125;140m▓[38;2;190;149;167m█[38;2;221;174;195m█[39m[48;2;62;58;52m                  
                  [38;2;221;174;195m[48;2;52;48;41m█[38;2;190;149;167m█[38;2;159;125;140m▓[38;2;128;100;113m▓[38;2;97;76;85m▒[39m              [38;2;66;72;103m⠘[38;2;70;79;123m⢿[38;2;69;91;140m⣿[38;2;67;99;149m⣿⣿[38;2;68;94;144m⣿[38;2;69;90;139m⣿[38;2;70;88;137m⣿[38;2;70;85;134m⣿[38;2;71;80;126m⣷[38;2;69;77;117m⣦[38;2;68;75;111m⣄[39m                                                     [38;2;71;80;127m⣀[38;2;70;85;134m⣀[38;2;70;88;137m⣀[38;2;70;85;134m⣀[39m                                                             [38;2;97;76;85m▒[38;2;128;100;113m▓[38;2;159;125;140m▓[38;2;190;149;167m█[38;2;221;174;195m█[39m[48;2;62;58;52m                  
                  [38;2;221;174;195m[48;2;52;48;41m█[38;2;190;149;167m█[38;2;159;125;140m▓[38;2;128;100;113m▓[38;2;97;76;85m▒[39m                 [38;2;68;76;114m⠘[38;2;71;80;127m⠿[38;2;71;84;133m⣿[38;2;70;86;135m⣿[38;2;69;89;138m⣿[38;2;70;88;138m⣿[38;2;70;85;134m⣿[38;2;70;85;133m⣿[38;2;69;89;139m⣿[38;2;68;94;144m⣿[38;2;69;92;142m⣿[38;2;70;85;134m⣷[38;2;70;78;120m⣶[38;2;67;74;108m⣤[38;2;65;71;100m⣀[39m                                           [38;2;64;70;96m⢰[38;2;71;80;127m⣿[38;2;65;103;154m⣿[38;2;51;128;166m⣿[38;2;56;151;156m⣿[38;2;99;167;140m⣿[38;2;151;168;128m⣿[38;2;154;168;127m⣿[38;2;117;168;136m⣿[38;2;83;161;146m⣿[38;2;70;156;151m⣿[38;2;82;161;146m⣿[38;2;106;168;138m⣿[38;2;140;168;130m⣿[38;2;151;168;128m⣿[38;2;147;168;129m⣿[38;2;142;168;130m⣿[38;2;126;168;134m⣿[38;2;101;167;140m⣿[38;2;79;159;148m⣿[38;2;51;150;157m⣿[38;2;51;132;165m⣷[38;2;57;115;162m⣶[38;2;66;101;152m⣶[38;2;69;91;141m⣶[38;2;71;84;132m⣶[38;2;70;79;124m⣦[38;2;68;76;114m⣄[39m                                         [38;2;97;76;85m▒[38;2;128;100;113m▓[38;2;159;125;140m▓[38;2;190;149;167m█[38;2;221;174;195m█[39m[48;2;62;58;52m                  
                  [38;2;221;174;195m[48;2;52;48;41m█[38;2;190;149;167m█[38;2;159;125;140m▓[38;2;128;100;113m▓[38;2;97;76;85m▒[39m                    [38;2;66;73;105m⠘[38;2;69;77;119m⠻[38;2;71;80;127m⠿[38;2;71;81;129m⣿[38;2;71;84;132m⣿[38;2;69;91;140m⣿[38;2;67;97;148m⣿[38;2;67;98;149m⣿[38;2;68;94;144m⣿[38;2;70;87;136m⣿[38;2;71;83;131m⣿[38;2;71;80;128m⣿[38;2;71;79;125m⣿[38;2;69;76;115m⣷[38;2;65;71;101m⣦[39m                                        [38;2;65;71;99m⢸[38;2;71;83;132m⣿[38;2;61;109;158m⣿[38;2;51;138;162m⣿[38;2;83;161;146m⣿[38;2;161;168;125m⣿[38;2;211;169;139m⣿[38;2;217;171;154m⣿[38;2;209;169;135m⣿[38;2;189;168;118m⣿[38;2;186;168;119m⣿[38;2;213;170;145m⣿[38;2;237;175;202m⣿[38;2;244;189;195m⣿[38;2;247;194;192m⣿⣿[38;2;246;193;193m⣿[38;2;245;190;194m⣿[38;2;243;186;196m⣿[38;2;239;180;200m⣿[38;2;233;174;194m⣿[38;2;222;172;165m⣿[38;2;211;169;139m⣿[38;2;202;168;118m⣿[38;2;186;168;119m⣿[38;2;173;168;122m⣿[38;2;163;168;125m⣿[38;2;138;168;131m⣿[38;2;87;162;145m⣿[38;2;51;140;161m⣷[38;2;62;108;157m⣶[38;2;69;89;138m⣶[38;2;71;80;126m⣤[38;2;69;77;117m⣄[39m                                   [38;2;97;76;85m▒[38;2;128;100;113m▓[38;2;159;125;140m▓[38;2;190;149;167m█[38;2;221;174;195m█[39m[48;2;62;58;52m                  
                  [38;2;221;174;195m[48;2;52;48;41m█[38;2;190;149;167m█[38;2;159;125;140m▓[38;2;128;100;113m▓[38;2;97;76;85m▒[39m                        [38;2;66;72;102m⠘[38;2;69;77;118m⠻[38;2;71;83;132m⠿[38;2;70;88;137m⣿⣿[38;2;71;84;133m⣿[38;2;71;83;131m⣿⣿[38;2;70;85;133m⣿[38;2;71;82;130m⣿[38;2;69;77;118m⣿[38;2;65;71;99m⣿[39m                                       [38;2;64;69;93m⠈[38;2;70;78;120m⠻[38;2;68;96;146m⣿[38;2;53;122;167m⣿[38;2;51;150;157m⣿[38;2;103;168;139m⣿[38;2;177;168;121m⣿[38;2;201;168;116m⣿[38;2;189;168;119m⣿[38;2;163;168;125m⣿[38;2;168;168;124m⣿[38;2;210;169;136m⣿[38;2;236;174;201m⣿[38;2;245;190;194m⣿[38;2;249;197;190m⣿[38;2;250;199;189m⣿[38;2;251;202;188m⣿[38;2;251;203;188m⣿⣿[38;2;250;200;189m⣿[38;2;248;196;191m⣿[38;2;245;191;194m⣿[38;2;243;186;196m⣿[38;2;242;184;197m⣿[38;2;242;186;197m⣿[38;2;245;190;194m⣿[38;2;247;193;192m⣿[38;2;246;192;193m⣿[38;2;238;178;201m⣿[38;2;208;169;132m⣿[38;2;99;166;141m⣿[38;2;51;149;158m⣿[38;2;51;136;163m⣿[38;2;51;130;166m⣿[38;2;57;116;163m⣿[38;2;68;93;142m⣿[38;2;67;74;108m⣆[39m                                [38;2;97;76;85m▒[38;2;128;100;113m▓[38;2;159;125;140m▓[38;2;190;149;167m█[38;2;221;174;195m█[39m[48;2;62;58;52m                  
                  [38;2;221;174;195m[48;2;52;48;41m█[38;2;190;149;167m█[38;2;159;125;140m▓[38;2;128;100;113m▓[38;2;97;76;85m▒[39m                              [38;2;67;74;108m⠙[38;2;69;76;116m⠿[38;2;71;79;125m⢿[38;2;71;80;128m⣿[38;2;70;78;121m⣿[38;2;66;73;105m⣿[39m                                          [38;2;66;73;105m⠈[38;2;70;78;121m⠙[38;2;69;89;138m⠿[38;2;66;102;152m⠿[38;2;60;111;159m⠿[38;2;57;116;163m⢿[38;2;54;119;165m⣿[38;2;51;127;167m⣿[38;2;51;146;159m⣿[38;2;88;163;144m⣿[38;2;138;168;131m⣿[38;2;171;168;123m⣿[38;2;184;168;120m⣿[38;2;200;168;116m⣿[38;2;207;169;129m⣿[38;2;212;170;142m⣿[38;2;217;171;155m⣿[38;2;222;172;165m⣿[38;2;225;172;173m⣿[38;2;228;173;180m⣿[38;2;232;174;192m⣿[38;2;238;178;201m⣿[38;2;243;186;196m⣿[38;2;246;191;193m⣿[38;2;245;191;194m⣿[38;2;238;177;201m⣿[38;2;208;169;132m⣿[38;2;103;168;139m⣿[38;2;60;153;154m⣿[38;2;51;143;160m⣿[38;2;51;136;163m⣿[38;2;52;122;167m⣿[38;2;67;98;148m⣿[38;2;68;75;113m⣿[39m                                [38;2;97;76;85m▒[38;2;128;100;113m▓[38;2;159;125;140m▓[38;2;190;149;167m█[38;2;221;174;195m█[39m[48;2;62;58;52m                  
                  [38;2;221;174;195m[48;2;52;48;41m█[38;2;190;149;167m█[38;2;159;125;140m▓[38;2;128;100;113m▓[38;2;97;76;85m▒[39m                                 [38;2;66;72;103m⢻[38;2;67;73;106m⣿[38;2;65;70;98m⣿[39m                                                   [38;2;67;74;109m⠙[38;2;70;78;120m⠛[38;2;71;82;130m⠛[38;2;69;89;139m⠻[38;2;67;98;149m⠿[38;2;62;108;157m⠿[38;2;56;117;164m⠿[38;2;51;125;168m⣿[38;2;51;132;165m⣿[38;2;51;137;163m⣿[38;2;51;142;161m⣿[38;2;51;149;158m⣿[38;2;75;158;149m⣿[38;2;101;167;140m⣿[38;2;134;168;132m⣿[38;2;147;168;129m⣿[38;2;118;168;136m⣿[38;2;81;160;147m⣿[38;2;51;144;160m⣿[38;2;51;130;166m⣿[38;2;52;123;168m⣿[38;2;54;120;166m⣿[38;2;60;110;159m⣿[38;2;69;90;140m⣿[38;2;67;74;108m⠟[39m                                [38;2;97;76;85m▒[38;2;128;100;113m▓[38;2;159;125;140m▓[38;2;190;149;167m█[38;2;221;174;195m█[39m[48;2;62;58;52m                  
                  [38;2;221;174;195m[48;2;52;48;41m█[38;2;190;149;167m█[38;2;159;125;140m▓[38;2;128;100;113m▓[38;2;97;76;85m▒[39m                                  [38;2;62;67;87m⠘[38;2;62;66;86m⠃[39m                                                                [38;2;66;73;105m⠈[38;2;67;74;109m⠉[38;2;67;74;110m⠉[39m                                         [38;2;97;76;85m▒[38;2;128;100;113m▓[38;2;159;125;140m▓[38;2;190;149;167m█[38;2;221;174;195m█[39m[48;2;62;58;52m                  
                  [38;2;221;174;195m[48;2;52;48;41m█[38;2;190;149;167m█[38;2;159;125;140m▓[38;2;128;100;113m▓[38;2;97;76;85m▒[39m                                                                                                                                                [38;2;97;76;85m▒[38;2;128;100;113m▓[38;2;159;125;140m▓[38;2;190;149;167m█[38;2;221;174;195m█[39m[48;2;62;58;52m                  
                  [38;2;221;174;195m[48;2;52;48;41m█[38;2;190;149;167m█[38;2;159;125;140m▓[38;2;128;100;113m▓[38;2;97;76;85m▒[39m                                                                                                                                                [38;2;97;76;85m▒[38;2;128;100;113m▓[38;2;159;125;140m▓[38;2;190;149;167m█[38;2;221;174;195m█[39m[48;2;62;58;52m                  
                  [38;2;221;174;195m[48;2;52;48;41m█[38;2;190;149;167m█[38;2;159;125;140m▓[38;2;128;100;113m▓[38;2;97;76;85m▒[39m                                                                                                                                                [38;2;97;76;85m▒[38;2;128;100;113m▓[38;2;159;125;140m▓[38;2;190;149;167m█[38;2;221;174;195m█[39m[48;2;62;58;52m                  
                  [38;2;221;174;195m[48;2;52;48;41m█[38;2;190;149;167m█[38;2;159;125;140m▓[38;2;128;100;113m▓[38;2;97;76;85m▒[39m                                                                                                                                                [38;2;97;76;85m▒[38;2;128;100;113m▓[38;2;159;125;140m▓[38;2;190;149;167m█[38;2;221;174;195m█[39m[48;2;62;58;52m                  
                  [38;2;221;174;195m[48;2;52;48;41m█[38;2;190;149;167m█[38;2;159;125;140m▓[38;2;128;100;113m▓[38;2;97;76;85m▒[39m                                                                                                                                                [38;2;97;76;85m▒[38;2;128;100;113m▓[38;2;159;125;140m▓[38;2;190;149;167m█[38;2;221;174;195m█[39m[48;2;62;58;52m                  
                  [38;2;221;174;195m[48;2;52;48;41m█[38;2;190;149;167m█[38;2;159;125;140m▓[38;2;128;100;113m▓[38;2;97;76;85m▒[39m                                                                                                                                                [38;2;97;76;85m▒[38;2;128;100;113m▓[38;2;159;125;140m▓[38;2;190;149;167m█[38;2;221;174;195m█[39m[48;2;62;58;52m                  
                  [38;2;221;174;195m[48;2;52;48;41m█[38;2;190;149;167m█[38;2;159;125;140m▓[38;2;128;100;113m▓[38;2;97;76;85m▒[39m                                                                                                                                                [38;2;97;76;85m▒[38;2;128;100;113m▓[38;2;159;125;140m▓[38;2;190;149;167m█[38;2;221;174;195m█[39m[48;2;62;58;52m                  
                  [38;2;221;174;195m[48;2;52;48;41m█[38;2;190;149;167m█[38;2;159;125;140m▓[38;2;128;100;113m▓[38;2;97;76;85m▒[39m                                                                                                                                                [38;2;97;76;85m▒[38;2;128;100;113m▓[38;2;159;125;140m▓[38;2;190;149;167m█[38;2;221;174;195m█[39m[48;2;62;58;52m                  
                  [38;2;221;174;195m[48;2;52;48;41m█[38;2;190;149;167m█[38;2;159;125;140m▓[38;2;128;100;113m▓[38;2;97;76;85m▒[39m                                                                                                                                                [38;2;97;76;85m▒[38;2;128;100;113m▓[38;2;159;125;140m▓[38;2;190;149;167m█[38;2;221;174;195m█[39m[48;2;62;58;52m                  
                  [38;2;221;174;195m[48;2;52;48;41m█[38;2;190;149;167m█[38;2;159;125;140m▓[38;2;128;100;113m▓[38;2;97;76;85m▒[39m                                                                                                                                                [38;2;97;76;85m▒[38;2;128;100;113m▓[38;2;159;125;140m▓[38;2;190;149;167m█[38;2;221;174;195m█[39m[48;2;62;58;52m                  
                  [38;2;221;174;195m[48;2;52;48;41m█[38;2;190;149;167m█[38;2;159;125;140m▓[38;2;128;100;113m▓[38;2;97;76;85m▒[39m                                                                                                                                                [38;2;97;76;85m▒[38;2;128;100;113m▓[38;2;159;125;140m▓[38;2;190;149;167m█[38;2;221;174;195m█[39m[48;2;62;58;52m                  
                  [38;2;221;174;195m[48;2;52;48;41m█[38;2;190;149;167m█[38;2;159;125;140m▓[38;2;128;100;113m▓[38;2;97;76;85m▒[39m                                                                                                                                                [38;2;97;76;85m▒[38;2;128;100;113m▓[38;2;159;125;140m▓[38;2;190;149;167m█[38;2;221;174;195m█[39m[48;2;62;58;52m                  
                  [38;2;221;174;195m[48;2;52;48;41m█[38;2;190;149;167m█[38;2;159;125;140m▓[38;2;128;100;113m▓[38;2;97;76;85m▒[39m                                                                                                                                                [38;2;97;76;85m▒[38;2;128;100;113m▓[38;2;159;125;140m▓[38;2;190;149;167m█[38;2;221;174;195m█[39m[48;2;62;58;52m                  
                  [38;2;221;174;195m[48;2;52;48;41m█[38;2;190;149;167m█[38;2;159;125;140m▓[38;2;128;100;113m▓[38;2;97;76;85m▒[39m                                                                                                                                                [38;2;97;76;85m▒[38;2;128;100;113m▓[38;2;159;125;140m▓[38;2;190;149;167m█[38;2;221;174;195m█[39m[48;2;62;58;52m                  
                  [38;2;221;174;195m[48;2;52;48;41m█[38;2;190;149;167m█[38;2;159;125;140m▓[38;2;128;100;113m▓[38;2;97;76;85m▒[39m                                                                                                                                                [38;2;97;76;85m▒[38;2;128;100;113m▓[38;2;159;125;140m▓[38;2;190;149;167m█[38;2;221;174;195m█[39m[48;2;62;58;52m                  
                  [38;2;221;174;195m[48;2;52;48;41m█[38;2;190;149;167m█[38;2;159;125;140m▓[38;2;128;100;113m▓[38;2;97;76;85m▒[39m                                                                                                                                                [38;2;97;76;85m▒[38;2;128;100;113m▓[38;2;159;125;140m▓[38;2;190;149;167m█[38;2;221;174;195m█[39m[48;2;62;58;52m                  
                  [38;2;221;174;195m[48;2;52;48;41m█[38;2;190;149;167m█[38;2;159;125;140m▓[38;2;128;100;113m▓[38;2;97;76;85m▒[39m                                                                                                                                                [38;2;97;76;85m▒[38;2;128;100;113m▓[38;2;159;125;140m▓[38;2;190;149;167m█[38;2;221;174;195m█[39m[48;2;62;58;52m                  
                  [38;2;221;174;195m[48;2;52;48;41m█[38;2;190;149;167m█[38;2;159;125;140m▓[38;2;128;100;113m▓[38;2;97;76;85m▒[39m             [38;2;62;67;87m⣴⣦[39m                                                                                                                                 [38;2;97;76;85m▒[38;2;128;100;113m▓[38;2;159;125;140m▓[38;2;190;149;167m█[38;2;221;174;195m█[39m[48;2;62;58;52m                  
                  [38;2;221;174;195m[48;2;52;48;41m█[38;2;190;149;167m█[38;2;159;125;140m▓[38;2;128;100;113m▓[38;2;97;76;85m▒[39m             [38;2;62;67;87m⢿⣿[39m                                                                                                                                 [38;2;97;76;85m▒[38;2;128;100;113m▓[38;2;159;125;140m▓[38;2;190;149;167m█[38;2;221;174;195m█[39m[48;2;62;58;52m                  
                  [38;2;221;174;195m[48;2;52;48;41m█[38;2;190;149;167m█[38;2;159;125;140m▓[38;2;128;100;113m▓[38;2;97;76;85m▒[39m                                                                                                                                                [38;2;97;76;85m▒[38;2;128;100;113m▓[38;2;159;125;140m▓[38;2;190;149;167m█[38;2;221;174;195m█[39m[48;2;62;58;52m                  
                  [38;2;221;174;195m[48;2;52;48;41m█[38;2;190;149;167m█[38;2;159;125;140m▓[38;2;128;100;113m▓[38;2;97;76;85m▒[39m                                                                                                                                                [38;2;97;76;85m▒[38;2;128;100;113m▓[38;2;159;125;140m▓[38;2;190;149;167m█[38;2;221;174;195m█[39m[48;2;62;58;52m                  
                  [38;2;221;174;195m[48;2;52;48;41m█[38;2;190;149;167m█[38;2;159;125;140m▓[38;2;128;100;113m▓[38;2;97;76;85m▒[39m                                                                                                                                                [38;2;97;76;85m▒[38;2;128;100;113m▓[38;2;159;125;140m▓[38;2;190;149;167m█[38;2;221;174;195m█[39m[48;2;62;58;52m                  
                  [38;2;221;174;195m[48;2;52;48;41m█[38;2;190;149;167m█[38;2;159;125;140m▓[38;2;128;100;113m▓[38;2;97;76;85m▒[39m                                                                                                                                                [38;2;97;76;85m▒[38;2;128;100;113m▓[38;2;159;125;140m▓[38;2;190;149;167m█[38;2;221;174;195m█[39m[48;2;62;58;52m                  
                  [38;2;221;174;195m[48;2;52;48;41m█[38;2;190;149;167m█[38;2;159;125;140m▓[38;2;128;100;113m▓[38;2;97;76;85m▒[39m                                                                                                                                                [38;2;97;76;85m▒[38;2;128;100;113m▓[38;2;159;125;140m▓[38;2;190;149;167m█[38;2;221;174;195m█[39m[48;2;62;58;52m                  
                  [38;2;221;174;195m[48;2;52;48;41m█[38;2;190;149;167m█[38;2;159;125;140m▓[38;2;143;113;126m▓▓▓▓▓▓▓▓▓▓▓▓▓▓▓▓▓▓▓▓▓▓▓▓▓▓▓▓▓▓▓▓▓▓▓▓▓▓▓▓▓▓▓▓▓▓▓▓▓▓▓▓▓▓▓▓▓▓▓▓▓▓▓▓▓▓▓▓▓▓▓▓▓▓▓▓▓▓▓▓▓▓▓▓▓▓▓▓▓▓▓▓▓▓▓▓▓▓▓▓▓▓▓▓▓▓▓▓▓▓▓▓▓▓▓▓▓▓▓▓▓▓▓▓▓▓▓▓▓▓▓▓▓▓▓▓▓▓▓▓▓▓▓▓▓▓▓▓[38;2;159;125;140m▓[38;2;190;149;167m█[38;2;221;174;195m█[39m[48;2;62;58;52m                  
                  [38;2;221;174;195m[48;2;52;48;41m██████████████████████████████████████████████████████████████████████████████████████████████████████████████████████████████████████████████████████████[39m[48;2;62;58;52m                  
                                                                                                                                                                                              
                                                                                                                                                                                              
