[48;2;20;20;20m                                                                                                                                                                                              
                                                                                                                                                                                              
                  [38;2;107;32;148m[48;2;30;30;30m██████████████████████████████████████████████████████████████████████████████████████████████████████████████████████████████████████████████████████████[39m[48;2;20;20;20m                  
                  [38;2;107;32;148m[48;2;30;30;30m█[38;2;92;27;127m█[38;2;77;23;106m▓[38;2;69;20;96m▓▓▓▓▓▓▓▓▓▓▓▓▓▓▓▓▓▓▓▓▓▓▓▓▓▓▓▓▓▓▓▓▓▓▓▓▓▓▓▓▓▓▓▓▓▓▓▓▓▓▓▓▓▓▓▓▓▓▓▓▓▓▓▓▓▓▓▓▓▓▓▓▓▓▓▓▓▓▓▓▓▓▓▓▓▓▓▓▓▓▓▓▓▓▓▓▓▓▓▓▓▓▓▓▓▓▓▓▓▓▓▓▓▓▓▓▓▓▓▓▓▓▓▓▓▓▓▓▓▓▓▓▓▓▓▓▓▓▓▓▓▓▓▓▓▓▓▓[38;2;77;23;106m▓[38;2;92;27;127m█[38;2;107;32;148m█[39m[48;2;20;20;20m                  
                  [38;2;107;32;148m[48;2;30;30;30m█[38;2;92;27;127m█[38;2;77;23;106m▓[38;2;62;18;85m▓[38;2;47;14;65m▒[38;2;18;170;194m⣿[38;2;0;145;183m⣿[38;2;11;100;170m⣷[39m                                                                                                                                             [38;2;47;14;65m▒[38;2;62;18;85m▓[38;2;77;23;106m▓[38;2;92;27;127m█[38;2;107;32;148m█[39m[48;2;20;20;20m                  
                  [38;2;107;32;148m[48;2;30;30;30m█[38;2;92;27;127m█[38;2;77;23;106m▓[38;2;62;18;85m▓[38;2;47;14;65m▒[38;2;11;166;193m⣿[38;2;0;148;184m⣿[38;2;0;113;175m⣿[38;2;50;59;135m⣷[39m                                                                                                                                            [38;2;47;14;65m▒[38;2;62;18;85m▓[38;2;77;23;106m▓[38;2;92;27;127m█[38;2;107;32;148m█[39m[48;2;20;20;20m                  
                  [38;2;107;32;148m[48;2;30;30;30m█[38;2;92;27;127m█[38;2;77;23;106m▓[38;2;62;18;85m▓[38;2;47;14;65m▒[38;2;0;141;180m⣿[38;2;0;140;180m⣿[38;2;0;133;176m⣿[38;2;7;102;172m⣿[38;2;47;65;142m⣷[39m                                                                                                                         [38;2;43;38;84m⣀[38;2;43;37;84m⣠[38;2;42;36;80m⡄[39m               [38;2;47;14;65m▒[38;2;62;18;85m▓[38;2;77;23;106m▓[38;2;92;27;127m█[38;2;107;32;148m█[39m[48;2;20;20;20m                  
                  [38;2;107;32;148m[48;2;30;30;30m█[38;2;92;27;127m█[38;2;77;23;106m▓[38;2;62;18;85m▓[38;2;47;14;65m▒[38;2;0;108;175m⢸[38;2;0;140;180m⣿[38;2;22;172;195m⣿[38;2;44;184;200m⣿[38;2;12;166;193m⣿[38;2;0;124;176m⣷[38;2;47;67;144m⡆[39m                                                                                                                      [38;2;43;37;83m⣿[38;2;44;38;86m⣿[38;2;43;38;85m⣿[38;2;43;36;81m⡿[39m               [38;2;47;14;65m▒[38;2;62;18;85m▓[38;2;77;23;106m▓[38;2;92;27;127m█[38;2;107;32;148m█[39m[48;2;20;20;20m                  
                  [38;2;107;32;148m[48;2;30;30;30m█[38;2;92;27;127m█[38;2;77;23;106m▓[38;2;62;18;85m▓[38;2;47;14;65m▒[38;2;49;62;139m⣾[38;2;0;131;176m⣿[38;2;63;192;203m⣿[38;2;130;219;215m⣿[38;2;129;218;214m⣿[38;2;52;188;201m⣿[38;2;0;128;176m⣿[38;2;49;52;118m⣇[39m                                                                                                                                        [38;2;47;14;65m▒[38;2;62;18;85m▓[38;2;77;23;106m▓[38;2;92;27;127m█[38;2;107;32;148m█[39m[48;2;20;20;20m                  
                  [38;2;107;32;148m[48;2;30;30;30m█[38;2;92;27;127m█[38;2;77;23;106m▓[38;2;62;18;85m▓[38;2;47;14;65m▒[39m [38;2;0;112;175m⣿[38;2;54;189;202m⣿[38;2;155;228;220m⣿[38;2;181;239;229m⣿[38;2;132;219;215m⣿[38;2;17;169;194m⣿[38;2;44;71;149m⣿[39m                                                                                                                                        [38;2;47;14;65m▒[38;2;62;18;85m▓[38;2;77;23;106m▓[38;2;92;27;127m█[38;2;107;32;148m█[39m[48;2;20;20;20m                  
                  [38;2;107;32;148m[48;2;30;30;30m█[38;2;92;27;127m█[38;2;77;23;106m▓[38;2;62;18;85m▓[38;2;47;14;65m▒[39m [38;2;43;74;153m⢸[38;2;0;146;183m⣿[38;2;75;197;205m⣿[38;2;132;219;215m⣿[38;2;106;209;209m⣿[38;2;22;172;195m⣿[38;2;28;88;165m⣿[38;2;47;45;101m⡇[39m                                                                                                                                       [38;2;47;14;65m▒[38;2;62;18;85m▓[38;2;77;23;106m▓[38;2;92;27;127m█[38;2;107;32;148m█[39m[48;2;20;20;20m                  
                  [38;2;107;32;148m[48;2;30;30;30m█[38;2;92;27;127m█[38;2;77;23;106m▓[38;2;62;18;85m▓[38;2;47;14;65m▒[39m  [38;2;43;75;154m⢻[38;2;0;131;176m⣿[38;2;19;170;195m⣿[38;2;29;176;197m⣿[38;2;0;151;186m⣿[38;2;14;98;170m⣿[38;2;49;54;122m⣿[39m                                                                                                                                       [38;2;47;14;65m▒[38;2;62;18;85m▓[38;2;77;23;106m▓[38;2;92;27;127m█[38;2;107;32;148m█[39m[48;2;20;20;20m                  
                  [38;2;107;32;148m[48;2;30;30;30m█[38;2;92;27;127m█[38;2;77;23;106m▓[38;2;62;18;85m▓[38;2;47;14;65m▒[39m   [38;2;49;51;116m⠹[38;2;44;72;150m⣿[38;2;10;100;171m⣿[38;2;0;111;175m⣿[38;2;13;99;170m⣿[38;2;46;67;145m⣿[38;2;48;47;105m⡆[39m                                                                                                                                      [38;2;47;14;65m▒[38;2;62;18;85m▓[38;2;77;23;106m▓[38;2;92;27;127m█[38;2;107;32;148m█[39m[48;2;20;20;20m                  
                  [38;2;107;32;148m[48;2;30;30;30m█[38;2;92;27;127m█[38;2;77;23;106m▓[38;2;62;18;85m▓[38;2;47;14;65m▒[39m    [38;2;46;43;96m⠈[38;2;50;58;132m⢿[38;2;40;80;160m⣿[38;2;10;100;171m⣿[38;2;7;102;172m⣿[38;2;32;85;163m⣿[38;2;50;60;137m⣆[39m                                                                                                                                     [38;2;47;14;65m▒[38;2;62;18;85m▓[38;2;77;23;106m▓[38;2;92;27;127m█[38;2;107;32;148m█[39m[48;2;20;20;20m                  
                  [38;2;107;32;148m[48;2;30;30;30m█[38;2;92;27;127m█[38;2;77;23;106m▓[38;2;62;18;85m▓[38;2;47;14;65m▒[39m      [38;2;50;58;131m⢻[38;2;12;99;170m⣿[38;2;0;149;185m⣿[38;2;21;171;195m⣿[38;2;2;161;191m⣿[38;2;0;117;175m⣷[38;2;50;59;133m⡆[39m                                                                                                                                   [38;2;47;14;65m▒[38;2;62;18;85m▓[38;2;77;23;106m▓[38;2;92;27;127m█[38;2;107;32;148m█[39m[48;2;20;20;20m                  
                  [38;2;107;32;148m[48;2;30;30;30m█[38;2;92;27;127m█[38;2;77;23;106m▓[38;2;62;18;85m▓[38;2;47;14;65m▒[39m      [38;2;47;45;102m⠸[38;2;33;85;163m⣿[38;2;10;165;193m⣿[38;2;94;204;207m⣿[38;2;116;213;212m⣿[38;2;61;191;203m⣿[38;2;0;139;180m⣿[38;2;41;77;156m⣷[39m                                                                                                                                  [38;2;47;14;65m▒[38;2;62;18;85m▓[38;2;77;23;106m▓[38;2;92;27;127m█[38;2;107;32;148m█[39m[48;2;20;20;20m                  
                  [38;2;107;32;148m[48;2;30;30;30m█[38;2;92;27;127m█[38;2;77;23;106m▓[38;2;62;18;85m▓[38;2;47;14;65m▒[39m       [38;2;49;63;139m⢸[38;2;0;149;185m⣿[38;2;101;207;208m⣿[38;2;159;230;221m⣿[38;2;150;226;219m⣿[38;2;73;196;204m⣿[38;2;0;141;180m⣿[38;2;46;67;145m⣷[39m                                                                                                                                 [38;2;47;14;65m▒[38;2;62;18;85m▓[38;2;77;23;106m▓[38;2;92;27;127m█[38;2;107;32;148m█[39m[48;2;20;20;20m                  
                  [38;2;107;32;148m[48;2;30;30;30m█[38;2;92;27;127m█[38;2;77;23;106m▓[38;2;62;18;85m▓[38;2;47;14;65m▒[39m        [38;2;20;94;167m⢿[38;2;4;162;192m⣿[38;2;97;206;208m⣿[38;2;132;219;215m⣿[38;2;107;210;210m⣿[38;2;35;179;198m⣿[38;2;0;121;176m⣿[38;2;46;68;145m⣷[39m                                                                                                                                [38;2;47;14;65m▒[38;2;62;18;85m▓[38;2;77;23;106m▓[38;2;92;27;127m█[38;2;107;32;148m█[39m[48;2;20;20;20m                  
                  [38;2;107;32;148m[48;2;30;30;30m█[38;2;92;27;127m█[38;2;77;23;106m▓[38;2;62;18;85m▓[38;2;47;14;65m▒[39m        [38;2;48;47;107m⠈[38;2;24;91;166m⢿[38;2;0;144;182m⣿[38;2;37;180;199m⣿[38;2;50;187;201m⣿[38;2;30;176;197m⣿[38;2;0;144;182m⣿[38;2;5;104;173m⣿[38;2;49;63;139m⣷[38;2;47;44;100m⡄[39m                                                                                                                              [38;2;47;14;65m▒[38;2;62;18;85m▓[38;2;77;23;106m▓[38;2;92;27;127m█[38;2;107;32;148m█[39m[48;2;20;20;20m                  
                  [38;2;107;32;148m[48;2;30;30;30m█[38;2;92;27;127m█[38;2;77;23;106m▓[38;2;62;18;85m▓[38;2;47;14;65m▒[39m          [38;2;50;55;126m⠻[38;2;33;85;163m⣿[38;2;0;120;175m⣿[38;2;0;138;179m⣿[38;2;0;135;177m⣿[38;2;0;116;175m⣿[38;2;24;91;166m⣿[38;2;45;71;149m⣿[38;2;50;56;127m⣦[38;2;47;45;101m⡄[39m                                                                                                                            [38;2;47;14;65m▒[38;2;62;18;85m▓[38;2;77;23;106m▓[38;2;92;27;127m█[38;2;107;32;148m█[39m[48;2;20;20;20m                  
                  [38;2;107;32;148m[48;2;30;30;30m█[38;2;92;27;127m█[38;2;77;23;106m▓[38;2;62;18;85m▓[38;2;47;14;65m▒[39m            [38;2;49;53;120m⠹[38;2;45;71;149m⢿[38;2;29;88;164m⣿[38;2;18;95;168m⣿[38;2;20;93;167m⣿[38;2;29;88;164m⣿[38;2;40;80;159m⣿[38;2;46;69;147m⣿[38;2;50;57;129m⣷[38;2;48;49;110m⣆[39m                                                                                                                          [38;2;47;14;65m▒[38;2;62;18;85m▓[38;2;77;23;106m▓[38;2;92;27;127m█[38;2;107;32;148m█[39m[48;2;20;20;20m                  
                  [38;2;107;32;148m[48;2;30;30;30m█[38;2;92;27;127m█[38;2;77;23;106m▓[38;2;62;18;85m▓[38;2;47;14;65m▒[39m              [38;2;48;46;105m⠘[38;2;50;57;130m⢿[38;2;45;71;149m⣿[38;2;40;79;159m⣿⣿[38;2;43;75;153m⣿[38;2;45;70;148m⣿[38;2;46;68;145m⣿[38;2;48;64;141m⣿[38;2;50;58;132m⣷[38;2;49;53;121m⣦[38;2;49;51;115m⣄[39m                                                     [38;2;50;59;135m⣀[38;2;48;65;142m⣀[38;2;46;67;145m⣀[38;2;48;64;141m⣀[39m                                                             [38;2;47;14;65m▒[38;2;62;18;85m▓[38;2;77;23;106m▓[38;2;92;27;127m█[38;2;107;32;148m█[39m[48;2;20;20;20m                  
                  [38;2;107;32;148m[48;2;30;30;30m█[38;2;92;27;127m█[38;2;77;23;106m▓[38;2;62;18;85m▓[38;2;47;14;65m▒[39m                 [38;2;49;52;119m⠘[38;2;50;59;134m⠿[38;2;48;64;141m⣿[38;2;47;67;144m⣿[38;2;46;68;146m⣿[38;2;46;67;145m⣿[38;2;48;64;141m⣿⣿[38;2;45;70;148m⣿[38;2;43;74;153m⣿[38;2;44;72;150m⣿[38;2;49;63;140m⣷[38;2;49;55;124m⣶[38;2;48;49;110m⣤[38;2;47;45;101m⣀[39m                                           [38;2;46;43;98m⢰[38;2;50;59;135m⣿[38;2;34;84;162m⣿[38;2;0;113;175m⣿[38;2;0;137;179m⣿[38;2;0;159;190m⣿[38;2;23;173;196m⣿[38;2;24;173;196m⣿[38;2;6;163;192m⣿[38;2;0;150;185m⣿[38;2;0;144;182m⣿[38;2;0;151;186m⣿[38;2;5;162;192m⣿[38;2;20;171;195m⣿[38;2;23;172;195m⣿[38;2;21;171;195m⣿[38;2;18;170;194m⣿[38;2;10;165;193m⣿[38;2;0;159;190m⣿[38;2;0;148;184m⣿[38;2;0;134;177m⣿[38;2;0;116;175m⣷[38;2;14;98;169m⣶[38;2;37;82;161m⣶[38;2;44;72;150m⣶[38;2;48;64;141m⣶[38;2;50;58;131m⣦[38;2;49;52;118m⣄[39m                                         [38;2;47;14;65m▒[38;2;62;18;85m▓[38;2;77;23;106m▓[38;2;92;27;127m█[38;2;107;32;148m█[39m[48;2;20;20;20m                  
                  [38;2;107;32;148m[48;2;30;30;30m█[38;2;92;27;127m█[38;2;77;23;106m▓[38;2;62;18;85m▓[38;2;47;14;65m▒[39m                    [38;2;48;48;108m⠘[38;2;49;55;124m⠻[38;2;50;59;133m⠿[38;2;50;60;136m⣿[38;2;49;63;140m⣿[38;2;44;71;149m⣿[38;2;41;77;157m⣿[38;2;41;78;157m⣿[38;2;44;72;150m⣿[38;2;48;65;142m⣿[38;2;50;61;138m⣿[38;2;50;60;136m⣿[38;2;50;58;132m⣿[38;2;49;53;120m⣷[38;2;48;46;103m⣦[39m                                        [38;2;47;45;100m⢸[38;2;49;63;139m⣿[38;2;23;91;166m⣿[38;2;0;123;176m⣿[38;2;0;151;186m⣿[38;2;29;176;197m⣿[38;2;62;192;203m⣿[38;2;70;195;204m⣿[38;2;59;190;202m⣿[38;2;41;182;199m⣿[38;2;40;182;199m⣿[38;2;70;195;204m⣿[38;2;107;209;210m⣿[38;2;131;219;215m⣿[38;2;138;222;216m⣿[38;2;137;221;216m⣿[38;2;135;221;216m⣿[38;2;130;219;215m⣿[38;2;123;216;213m⣿[38;2;111;211;210m⣿[38;2;96;205;208m⣿[38;2;78;198;205m⣿[38;2;62;192;203m⣿[38;2;49;186;201m⣿[38;2;40;182;199m⣿[38;2;34;179;198m⣿[38;2;29;176;197m⣿[38;2;15;168;194m⣿[38;2;0;150;185m⣿[38;2;0;121;176m⣷[38;2;30;87;164m⣶[38;2;46;68;145m⣶[38;2;50;58;132m⣤[38;2;49;53;121m⣄[39m                                   [38;2;47;14;65m▒[38;2;62;18;85m▓[38;2;77;23;106m▓[38;2;92;27;127m█[38;2;107;32;148m█[39m[48;2;20;20;20m                  
                  [38;2;107;32;148m[48;2;30;30;30m█[38;2;92;27;127m█[38;2;77;23;106m▓[38;2;62;18;85m▓[38;2;47;14;65m▒[39m                        [38;2;48;46;104m⠘[38;2;49;55;124m⠻[38;2;49;63;139m⠿[38;2;47;67;144m⣿[38;2;47;66;143m⣿[38;2;49;62;139m⣿[38;2;50;61;138m⣿[38;2;49;62;139m⣿[38;2;48;64;141m⣿[38;2;50;61;137m⣿[38;2;49;54;123m⣿[38;2;47;45;101m⣿[39m                                       [38;2;45;41;93m⠈[38;2;50;55;125m⠿[38;2;42;76;155m⣿[38;2;2;106;174m⣿[38;2;0;135;177m⣿[38;2;1;161;191m⣿[38;2;35;179;198m⣿[38;2;46;185;200m⣿[38;2;40;182;199m⣿[38;2;28;175;197m⣿[38;2;32;177;197m⣿[38;2;64;193;203m⣿[38;2;104;209;209m⣿[38;2;132;219;215m⣿[38;2;144;224;217m⣿[38;2;147;225;218m⣿[38;2;152;227;219m⣿[38;2;154;228;220m⣿[38;2;153;227;219m⣿[38;2;149;226;219m⣿[38;2;142;223;217m⣿[38;2;132;219;215m⣿[38;2;124;216;213m⣿[38;2;121;215;213m⣿[38;2;125;217;213m⣿[38;2;133;220;215m⣿[38;2;138;222;216m⣿[38;2;133;220;215m⣿[38;2;104;208;209m⣿[38;2;52;188;201m⣿[38;2;0;155;188m⣿[38;2;0;132;176m⣿[38;2;0;119;175m⣿[38;2;0;112;175m⣿[38;2;16;96;169m⣿[38;2;44;71;149m⣿[38;2;48;48;109m⣆[39m                                [38;2;47;14;65m▒[38;2;62;18;85m▓[38;2;77;23;106m▓[38;2;92;27;127m█[38;2;107;32;148m█[39m[48;2;20;20;20m                  
                  [38;2;107;32;148m[48;2;30;30;30m█[38;2;92;27;127m█[38;2;77;23;106m▓[38;2;62;18;85m▓[38;2;47;14;65m▒[39m                              [38;2;48;49;111m⠙[38;2;49;53;120m⠿[38;2;50;58;131m⢿[38;2;50;59;135m⣿[38;2;50;56;127m⣿[38;2;48;47;107m⣿[39m                                          [38;2;48;47;107m⠈[38;2;50;56;127m⠛[38;2;46;68;146m⠿[38;2;38;82;161m⠿[38;2;22;93;167m⠿[38;2;13;98;170m⢿[38;2;7;102;172m⣿[38;2;0;112;175m⣿[38;2;0;133;176m⣿[38;2;0;154;188m⣿[38;2;19;170;195m⣿[38;2;32;177;197m⣿[38;2;38;181;199m⣿[38;2;45;185;200m⣿[38;2;54;189;202m⣿[38;2;63;192;203m⣿[38;2;72;196;204m⣿[38;2;78;198;205m⣿[38;2;83;200;206m⣿[38;2;87;202;206m⣿[38;2;95;205;208m⣿[38;2;108;210;210m⣿[38;2;123;216;213m⣿[38;2;133;220;215m⣿[38;2;132;219;215m⣿[38;2;106;209;209m⣿[38;2;57;190;202m⣿[38;2;0;160;191m⣿[38;2;0;138;179m⣿[38;2;0;127;176m⣿[38;2;0;120;175m⣿[38;2;2;106;174m⣿[38;2;41;78;157m⣿[38;2;49;51;117m⣿[39m                                [38;2;47;14;65m▒[38;2;62;18;85m▓[38;2;77;23;106m▓[38;2;92;27;127m█[38;2;107;32;148m█[39m[48;2;20;20;20m                  
                  [38;2;107;32;148m[48;2;30;30;30m█[38;2;92;27;127m█[38;2;77;23;106m▓[38;2;62;18;85m▓[38;2;47;14;65m▒[39m                                 [38;2;48;46;104m⢻[38;2;48;48;108m⣿[38;2;47;44;99m⣿[39m                                                   [38;2;48;50;112m⠙[38;2;50;55;125m⠛[38;2;50;61;137m⠛[38;2;46;69;146m⠻[38;2;41;78;157m⠿[38;2;27;89;165m⠿[38;2;11;100;171m⠿[38;2;0;109;175m⣿[38;2;0;116;175m⣿[38;2;0;121;176m⣿[38;2;0;126;176m⣿[38;2;0;133;176m⣿[38;2;0;146;183m⣿[38;2;0;159;190m⣿[38;2;15;168;194m⣿[38;2;21;171;195m⣿[38;2;7;164;192m⣿[38;2;0;149;185m⣿[38;2;0;128;176m⣿[38;2;0;114;175m⣿[38;2;1;107;174m⣿[38;2;5;104;173m⣿[38;2;22;92;167m⣿[38;2;45;70;148m⣿[38;2;48;49;110m⠟[39m                                [38;2;47;14;65m▒[38;2;62;18;85m▓[38;2;77;23;106m▓[38;2;92;27;127m█[38;2;107;32;148m█[39m[48;2;20;20;20m                  
                  [38;2;107;32;148m[48;2;30;30;30m█[38;2;92;27;127m█[38;2;77;23;106m▓[38;2;62;18;85m▓[38;2;47;14;65m▒[39m                                  [38;2;44;39;87m⠘[38;2;43;38;85m⠃[39m                                                                [38;2;48;47;107m⠈[38;2;48;49;112m⠉[38;2;48;50;113m⠉[39m                                         [38;2;47;14;65m▒[38;2;62;18;85m▓[38;2;77;23;106m▓[38;2;92;27;127m█[38;2;107;32;148m█[39m[48;2;20;20;20m                  
                  [38;2;107;32;148m[48;2;30;30;30m█[38;2;92;27;127m█[38;2;77;23;106m▓[38;2;62;18;85m▓[38;2;47;14;65m▒[39m                                                                                                                                                [38;2;47;14;65m▒[38;2;62;18;85m▓[38;2;77;23;106m▓[38;2;92;27;127m█[38;2;107;32;148m█[39m[48;2;20;20;20m                  
                  [38;2;107;32;148m[48;2;30;30;30m█[38;2;92;27;127m█[38;2;77;23;106m▓[38;2;62;18;85m▓[38;2;47;14;65m▒[39m                                                                                                                                                [38;2;47;14;65m▒[38;2;62;18;85m▓[38;2;77;23;106m▓[38;2;92;27;127m█[38;2;107;32;148m█[39m[48;2;20;20;20m                  
                  [38;2;107;32;148m[48;2;30;30;30m█[38;2;92;27;127m█[38;2;77;23;106m▓[38;2;62;18;85m▓[38;2;47;14;65m▒[39m                                                                                                                                                [38;2;47;14;65m▒[38;2;62;18;85m▓[38;2;77;23;106m▓[38;2;92;27;127m█[38;2;107;32;148m█[39m[48;2;20;20;20m                  
                  [38;2;107;32;148m[48;2;30;30;30m█[38;2;92;27;127m█[38;2;77;23;106m▓[38;2;62;18;85m▓[38;2;47;14;65m▒[39m                                                                                                                                                [38;2;47;14;65m▒[38;2;62;18;85m▓[38;2;77;23;106m▓[38;2;92;27;127m█[38;2;107;32;148m█[39m[48;2;20;20;20m                  
                  [38;2;107;32;148m[48;2;30;30;30m█[38;2;92;27;127m█[38;2;77;23;106m▓[38;2;62;18;85m▓[38;2;47;14;65m▒[39m                                                                                                                                                [38;2;47;14;65m▒[38;2;62;18;85m▓[38;2;77;23;106m▓[38;2;92;27;127m█[38;2;107;32;148m█[39m[48;2;20;20;20m                  
                  [38;2;107;32;148m[48;2;30;30;30m█[38;2;92;27;127m█[38;2;77;23;106m▓[38;2;62;18;85m▓[38;2;47;14;65m▒[39m                                                                                                                                                [38;2;47;14;65m▒[38;2;62;18;85m▓[38;2;77;23;106m▓[38;2;92;27;127m█[38;2;107;32;148m█[39m[48;2;20;20;20m                  
                  [38;2;107;32;148m[48;2;30;30;30m█[38;2;92;27;127m█[38;2;77;23;106m▓[38;2;62;18;85m▓[38;2;47;14;65m▒[39m                                                                                                                                                [38;2;47;14;65m▒[38;2;62;18;85m▓[38;2;77;23;106m▓[38;2;92;27;127m█[38;2;107;32;148m█[39m[48;2;20;20;20m                  
                  [38;2;107;32;148m[48;2;30;30;30m█[38;2;92;27;127m█[38;2;77;23;106m▓[38;2;62;18;85m▓[38;2;47;14;65m▒[39m                                                                                                                                                [38;2;47;14;65m▒[38;2;62;18;85m▓[38;2;77;23;106m▓[38;2;92;27;127m█[38;2;107;32;148m█[39m[48;2;20;20;20m                  
                  [38;2;107;32;148m[48;2;30;30;30m█[38;2;92;27;127m█[38;2;77;23;106m▓[38;2;62;18;85m▓[38;2;47;14;65m▒[39m                                                                                                                                                [38;2;47;14;65m▒[38;2;62;18;85m▓[38;2;77;23;106m▓[38;2;92;27;127m█[38;2;107;32;148m█[39m[48;2;20;20;20m                  
                  [38;2;107;32;148m[48;2;30;30;30m█[38;2;92;27;127m█[38;2;77;23;106m▓[38;2;62;18;85m▓[38;2;47;14;65m▒[39m                                                                                                                                                [38;2;47;14;65m▒[38;2;62;18;85m▓[38;2;77;23;106m▓[38;2;92;27;127m█[38;2;107;32;148m█[39m[48;2;20;20;20m                  
                  [38;2;107;32;148m[48;2;30;30;30m█[38;2;92;27;127m█[38;2;77;23;106m▓[38;2;62;18;85m▓[38;2;47;14;65m▒[39m                                                                                                                                                [38;2;47;14;65m▒[38;2;62;18;85m▓[38;2;77;23;106m▓[38;2;92;27;127m█[38;2;107;32;148m█[39m[48;2;20;20;20m                  
                  [38;2;107;32;148m[48;2;30;30;30m█[38;2;92;27;127m█[38;2;77;23;106m▓[38;2;62;18;85m▓[38;2;47;14;65m▒[39m                                                                                                                                                [38;2;47;14;65m▒[38;2;62;18;85m▓[38;2;77;23;106m▓[38;2;92;27;127m█[38;2;107;32;148m█[39m[48;2;20;20;20m                  
                  [38;2;107;32;148m[48;2;30;30;30m█[38;2;92;27;127m█[38;2;77;23;106m▓[38;2;62;18;85m▓[38;2;47;14;65m▒[39m                                                                                                                                                [38;2;47;14;65m▒[38;2;62;18;85m▓[38;2;77;23;106m▓[38;2;92;27;127m█[38;2;107;32;148m█[39m[48;2;20;20;20m                  
                  [38;2;107;32;148m[48;2;30;30;30m█[38;2;92;27;127m█[38;2;77;23;106m▓[38;2;62;18;85m▓[38;2;47;14;65m▒[39m                                                                                                                                                [38;2;47;14;65m▒[38;2;62;18;85m▓[38;2;77;23;106m▓[38;2;92;27;127m█[38;2;107;32;148m█[39m[48;2;20;20;20m                  
                  [38;2;107;32;148m[48;2;30;30;30m█[38;2;92;27;127m█[38;2;77;23;106m▓[38;2;62;18;85m▓[38;2;47;14;65m▒[39m                                                                                                                                                [38;2;47;14;65m▒[38;2;62;18;85m▓[38;2;77;23;106m▓[38;2;92;27;127m█[38;2;107;32;148m█[39m[48;2;20;20;20m                  
                  [38;2;107;32;148m[48;2;30;30;30m█[38;2;92;27;127m█[38;2;77;23;106m▓[38;2;62;18;85m▓[38;2;47;14;65m▒[39m                                                                                                                                                [38;2;47;14;65m▒[38;2;62;18;85m▓[38;2;77;23;106m▓[38;2;92;27;127m█[38;2;107;32;148m█[39m[48;2;20;20;20m                  
                  [38;2;107;32;148m[48;2;30;30;30m█[38;2;92;27;127m█[38;2;77;23;106m▓[38;2;62;18;85m▓[38;2;47;14;65m▒[39m                                                                                                                                                [38;2;47;14;65m▒[38;2;62;18;85m▓[38;2;77;23;106m▓[38;2;92;27;127m█[38;2;107;32;148m█[39m[48;2;20;20;20m                  
                  [38;2;107;32;148m[48;2;30;30;30m█[38;2;92;27;127m█[38;2;77;23;106m▓[38;2;62;18;85m▓[38;2;47;14;65m▒[39m             [38;2;44;38;86m⣴⣦[39m                                                                                                                                 [38;2;47;14;65m▒[38;2;62;18;85m▓[38;2;77;23;106m▓[38;2;92;27;127m█[38;2;107;32;148m█[39m[48;2;20;20;20m                  
                  [38;2;107;32;148m[48;2;30;30;30m█[38;2;92;27;127m█[38;2;77;23;106m▓[38;2;62;18;85m▓[38;2;47;14;65m▒[39m             [38;2;44;39;87m⢿⣿[39m                                                                                                                                 [38;2;47;14;65m▒[38;2;62;18;85m▓[38;2;77;23;106m▓[38;2;92;27;127m█[38;2;107;32;148m█[39m[48;2;20;20;20m                  
                  [38;2;107;32;148m[48;2;30;30;30m█[38;2;92;27;127m█[38;2;77;23;106m▓[38;2;62;18;85m▓[38;2;47;14;65m▒[39m                                                                                                                                                [38;2;47;14;65m▒[38;2;62;18;85m▓[38;2;77;23;106m▓[38;2;92;27;127m█[38;2;107;32;148m█[39m[48;2;20;20;20m                  
                  [38;2;107;32;148m[48;2;30;30;30m█[38;2;92;27;127m█[38;2;77;23;106m▓[38;2;62;18;85m▓[38;2;47;14;65m▒[39m                                                                                                                                                [38;2;47;14;65m▒[38;2;62;18;85m▓[38;2;77;23;106m▓[38;2;92;27;127m█[38;2;107;32;148m█[39m[48;2;20;20;20m                  
                  [38;2;107;32;148m[48;2;30;30;30m█[38;2;92;27;127m█[38;2;77;23;106m▓[38;2;62;18;85m▓[38;2;47;14;65m▒[39m                                                                                                                                                [38;2;47;14;65m▒[38;2;62;18;85m▓[38;2;77;23;106m▓[38;2;92;27;127m█[38;2;107;32;148m█[39m[48;2;20;20;20m                  
                  [38;2;107;32;148m[48;2;30;30;30m█[38;2;92;27;127m█[38;2;77;23;106m▓[38;2;62;18;85m▓[38;2;47;14;65m▒[39m                                                                                                                                                [38;2;47;14;65m▒[38;2;62;18;85m▓[38;2;77;23;106m▓[38;2;92;27;127m█[38;2;107;32;148m█[39m[48;2;20;20;20m                  
                  [38;2;107;32;148m[48;2;30;30;30m█[38;2;92;27;127m█[38;2;77;23;106m▓[38;2;62;18;85m▓[38;2;47;14;65m▒[39m                                                                                                                                                [38;2;47;14;65m▒[38;2;62;18;85m▓[38;2;77;23;106m▓[38;2;92;27;127m█[38;2;107;32;148m█[39m[48;2;20;20;20m                  
                  [38;2;107;32;148m[48;2;30;30;30m█[38;2;92;27;127m█[38;2;77;23;106m▓[38;2;69;20;96m▓▓▓▓▓▓▓▓▓▓▓▓▓▓▓▓▓▓▓▓▓▓▓▓▓▓▓▓▓▓▓▓▓▓▓▓▓▓▓▓▓▓▓▓▓▓▓▓▓▓▓▓▓▓▓▓▓▓▓▓▓▓▓▓▓▓▓▓▓▓▓▓▓▓▓▓▓▓▓▓▓▓▓▓▓▓▓▓▓▓▓▓▓▓▓▓▓▓▓▓▓▓▓▓▓▓▓▓▓▓▓▓▓▓▓▓▓▓▓▓▓▓▓▓▓▓▓▓▓▓▓▓▓▓▓▓▓▓▓▓▓▓▓▓▓▓▓▓[38;2;77;23;106m▓[38;2;92;27;127m█[38;2;107;32;148m█[39m[48;2;20;20;20m                  
                  [38;2;107;32;148m[48;2;30;30;30m██████████████████████████████████████████████████████████████████████████████████████████████████████████████████████████████████████████████████████████[39m[48;2;20;20;20m                  
                                                                                                                                                                                              
                                                                                                                                                                                              
