[48;2;20;22;28m                                                                                                                                                                                              
                                                                                                                                                                                              
                  [38;2;107;32;148m[48;2;27;30;36m██████████████████████████████████████████████████████████████████████████████████████████████████████████████████████████████████████████████████████████[39m[48;2;20;22;28m                  
                  [38;2;107;32;148m[48;2;27;30;36m█[38;2;92;27;127m█[38;2;77;23;106m▓[38;2;69;20;96m▓▓▓▓▓▓▓▓▓▓▓▓▓▓▓▓▓▓▓▓▓▓▓▓▓▓▓▓▓▓▓▓▓▓▓▓▓▓▓▓▓▓▓▓▓▓▓▓▓▓▓▓▓▓▓▓▓▓▓▓▓▓▓▓▓▓▓▓▓▓▓▓▓▓▓▓▓▓▓▓▓▓▓▓▓▓▓▓▓▓▓▓▓▓▓▓▓▓▓▓▓▓▓▓▓▓▓▓▓▓▓▓▓▓▓▓▓▓▓▓▓▓▓▓▓▓▓▓▓▓▓▓▓▓▓▓▓▓▓▓▓▓▓▓▓▓▓▓[38;2;77;23;106m▓[38;2;92;27;127m█[38;2;107;32;148m█[39m[48;2;20;22;28m                  
                  [38;2;107;32;148m[48;2;27;30;36m█[38;2;92;27;127m█[38;2;77;23;106m▓[38;2;62;18;85m▓[38;2;47;14;65m▒[38;2;65;191;216m⣿[38;2;27;170;212m⣿[38;2;42;124;200m⣷[39m                                                                                                                                             [38;2;47;14;65m▒[38;2;62;18;85m▓[38;2;77;23;106m▓[38;2;92;27;127m█[38;2;107;32;148m█[39m[48;2;20;22;28m                  
                  [38;2;107;32;148m[48;2;27;30;36m█[38;2;92;27;127m█[38;2;77;23;106m▓[38;2;62;18;85m▓[38;2;47;14;65m▒[38;2;59;188;215m⣿[38;2;31;172;212m⣿[38;2;30;138;205m⣿[38;2;66;78;163m⣷[39m                                                                                                                                            [38;2;47;14;65m▒[38;2;62;18;85m▓[38;2;77;23;106m▓[38;2;92;27;127m█[38;2;107;32;148m█[39m[48;2;20;22;28m                  
                  [38;2;107;32;148m[48;2;27;30;36m█[38;2;92;27;127m█[38;2;77;23;106m▓[38;2;62;18;85m▓[38;2;47;14;65m▒[38;2;19;166;211m⣿⣿[38;2;9;160;210m⣿[38;2;37;130;203m⣿[38;2;63;89;175m⣷[39m                                                                                                                         [38;2;55;48;102m⣀⣠[38;2;53;46;97m⡄[39m               [38;2;47;14;65m▒[38;2;62;18;85m▓[38;2;77;23;106m▓[38;2;92;27;127m█[38;2;107;32;148m█[39m[48;2;20;22;28m                  
                  [38;2;107;32;148m[48;2;27;30;36m█[38;2;92;27;127m█[38;2;77;23;106m▓[38;2;62;18;85m▓[38;2;47;14;65m▒[38;2;35;133;204m⣼[38;2;26;169;212m⣿[38;2;73;196;217m⣿[38;2;92;206;219m⣿[38;2;62;190;216m⣿[38;2;17;151;208m⣷[38;2;63;88;174m⡆[39m                                                                                                                      [38;2;54;47;100m⣿[38;2;55;49;104m⣿[38;2;55;49;103m⣿[38;2;54;47;98m⣿[39m               [38;2;47;14;65m▒[38;2;62;18;85m▓[38;2;77;23;106m▓[38;2;92;27;127m█[38;2;107;32;148m█[39m[48;2;20;22;28m                  
                  [38;2;107;32;148m[48;2;27;30;36m█[38;2;92;27;127m█[38;2;77;23;106m▓[38;2;62;18;85m▓[38;2;47;14;65m▒[38;2;65;83;169m⣼[38;2;15;163;210m⣿[38;2;108;213;221m⣿[38;2;162;234;230m⣿[38;2;157;232;229m⣿[38;2;93;207;219m⣿[38;2;14;154;208m⣿[38;2;64;68;142m⣇[39m                                                                                                                                        [38;2;47;14;65m▒[38;2;62;18;85m▓[38;2;77;23;106m▓[38;2;92;27;127m█[38;2;107;32;148m█[39m[48;2;20;22;28m                  
                  [38;2;107;32;148m[48;2;27;30;36m█[38;2;92;27;127m█[38;2;77;23;106m▓[38;2;62;18;85m▓[38;2;47;14;65m▒[39m [38;2;24;144;206m⣿[38;2;98;209;220m⣿[38;2;180;241;234m⣿[38;2;198;248;240m⣿[38;2;155;232;228m⣿[38;2;60;189;216m⣿[38;2;63;90;177m⣿[39m                                                                                                                                        [38;2;47;14;65m▒[38;2;62;18;85m▓[38;2;77;23;106m▓[38;2;92;27;127m█[38;2;107;32;148m█[39m[48;2;20;22;28m                  
                  [38;2;107;32;148m[48;2;27;30;36m█[38;2;92;27;127m█[38;2;77;23;106m▓[38;2;62;18;85m▓[38;2;47;14;65m▒[39m [38;2;60;98;186m⢸[38;2;28;171;212m⣿[38;2;110;214;221m⣿[38;2;154;231;228m⣿[38;2;131;223;223m⣿[38;2;63;190;216m⣿[38;2;54;109;194m⣿[38;2;61;57;122m⡇[39m                                                                                                                                       [38;2;47;14;65m▒[38;2;62;18;85m▓[38;2;77;23;106m▓[38;2;92;27;127m█[38;2;107;32;148m█[39m[48;2;20;22;28m                  
                  [38;2;107;32;148m[48;2;27;30;36m█[38;2;92;27;127m█[38;2;77;23;106m▓[38;2;62;18;85m▓[38;2;47;14;65m▒[39m  [38;2;62;94;181m⢻[38;2;13;155;209m⣿[38;2;60;189;216m⣿[38;2;68;193;216m⣿[38;2;29;171;212m⣿[38;2;46;120;198m⣿[38;2;64;70;146m⣿[39m                                                                                                                                       [38;2;47;14;65m▒[38;2;62;18;85m▓[38;2;77;23;106m▓[38;2;92;27;127m█[38;2;107;32;148m█[39m[48;2;20;22;28m                  
                  [38;2;107;32;148m[48;2;27;30;36m█[38;2;92;27;127m█[38;2;77;23;106m▓[38;2;62;18;85m▓[38;2;47;14;65m▒[39m   [38;2;63;65;138m⠹[38;2;63;91;177m⣿[38;2;44;122;199m⣿[38;2;34;134;204m⣿[38;2;44;122;199m⣿[38;2;63;88;174m⣿[38;2;62;61;128m⡆[39m                                                                                                                                      [38;2;47;14;65m▒[38;2;62;18;85m▓[38;2;77;23;106m▓[38;2;92;27;127m█[38;2;107;32;148m█[39m[48;2;20;22;28m                  
                  [38;2;107;32;148m[48;2;27;30;36m█[38;2;92;27;127m█[38;2;77;23;106m▓[38;2;62;18;85m▓[38;2;47;14;65m▒[39m     [38;2;66;76;158m⢿[38;2;59;102;190m⣿[38;2;41;126;201m⣿[38;2;37;130;203m⣿[38;2;51;113;195m⣿[38;2;65;83;169m⣆[39m                                                                                                                                     [38;2;47;14;65m▒[38;2;62;18;85m▓[38;2;77;23;106m▓[38;2;92;27;127m█[38;2;107;32;148m█[39m[48;2;20;22;28m                  
                  [38;2;107;32;148m[48;2;27;30;36m█[38;2;92;27;127m█[38;2;77;23;106m▓[38;2;62;18;85m▓[38;2;47;14;65m▒[39m      [38;2;66;76;159m⢻[38;2;40;127;201m⣿[38;2;37;176;213m⣿[38;2;70;195;217m⣿[38;2;55;185;215m⣿[38;2;24;144;206m⣷[38;2;66;79;164m⡆[39m                                                                                                                                   [38;2;47;14;65m▒[38;2;62;18;85m▓[38;2;77;23;106m▓[38;2;92;27;127m█[38;2;107;32;148m█[39m[48;2;20;22;28m                  
                  [38;2;107;32;148m[48;2;27;30;36m█[38;2;92;27;127m█[38;2;77;23;106m▓[38;2;62;18;85m▓[38;2;47;14;65m▒[39m      [38;2;62;59;126m⠸[38;2;52;112;195m⣿[38;2;62;190;216m⣿[38;2;129;222;223m⣿[38;2;147;229;227m⣿[38;2;100;210;220m⣿[38;2;18;165;211m⣿[38;2;60;98;185m⣷[39m                                                                                                                                  [38;2;47;14;65m▒[38;2;62;18;85m▓[38;2;77;23;106m▓[38;2;92;27;127m█[38;2;107;32;148m█[39m[48;2;20;22;28m                  
                  [38;2;107;32;148m[48;2;27;30;36m█[38;2;92;27;127m█[38;2;77;23;106m▓[38;2;62;18;85m▓[38;2;47;14;65m▒[39m       [38;2;65;84;170m⢸[38;2;36;175;213m⣿[38;2;131;223;223m⣿[38;2;181;241;234m⣿[38;2;171;238;231m⣿[38;2;107;213;221m⣿[38;2;15;163;210m⣿[38;2;64;87;173m⣷[39m                                                                                                                                 [38;2;47;14;65m▒[38;2;62;18;85m▓[38;2;77;23;106m▓[38;2;92;27;127m█[38;2;107;32;148m█[39m[48;2;20;22;28m                  
                  [38;2;107;32;148m[48;2;27;30;36m█[38;2;92;27;127m█[38;2;77;23;106m▓[38;2;62;18;85m▓[38;2;47;14;65m▒[39m        [38;2;46;119;198m⢿[38;2;53;184;215m⣿[38;2;127;221;223m⣿[38;2;154;232;228m⣿[38;2;133;224;224m⣿[38;2;75;197;217m⣿[38;2;23;145;206m⣿[38;2;64;88;174m⣷[39m                                                                                                                                [38;2;47;14;65m▒[38;2;62;18;85m▓[38;2;77;23;106m▓[38;2;92;27;127m█[38;2;107;32;148m█[39m[48;2;20;22;28m                  
                  [38;2;107;32;148m[48;2;27;30;36m█[38;2;92;27;127m█[38;2;77;23;106m▓[38;2;62;18;85m▓[38;2;47;14;65m▒[39m        [38;2;62;61;129m⠈[38;2;51;112;195m⢿[38;2;22;167;211m⣿[38;2;75;198;217m⣿[38;2;86;204;218m⣿[38;2;70;194;217m⣿[38;2;22;167;211m⣿[38;2;40;127;201m⣿[38;2;65;82;167m⣷[38;2;61;57;121m⡄[39m                                                                                                                              [38;2;47;14;65m▒[38;2;62;18;85m▓[38;2;77;23;106m▓[38;2;92;27;127m█[38;2;107;32;148m█[39m[48;2;20;22;28m                  
                  [38;2;107;32;148m[48;2;27;30;36m█[38;2;92;27;127m█[38;2;77;23;106m▓[38;2;62;18;85m▓[38;2;47;14;65m▒[39m          [38;2;65;71;149m⠻[38;2;57;106;192m⢿[38;2;25;143;206m⣿[38;2;12;161;210m⣿[38;2;9;159;209m⣿[38;2;28;140;205m⣿[38;2;50;114;196m⣿[38;2;62;92;178m⣿[38;2;65;73;153m⣦[38;2;61;58;123m⡄[39m                                                                                                                            [38;2;47;14;65m▒[38;2;62;18;85m▓[38;2;77;23;106m▓[38;2;92;27;127m█[38;2;107;32;148m█[39m[48;2;20;22;28m                  
                  [38;2;107;32;148m[48;2;27;30;36m█[38;2;92;27;127m█[38;2;77;23;106m▓[38;2;62;18;85m▓[38;2;47;14;65m▒[39m            [38;2;64;68;142m⠹[38;2;63;90;176m⢿[38;2;54;109;194m⣿[38;2;47;118;197m⣿[38;2;48;117;197m⣿[38;2;53;111;194m⣿[38;2;59;102;190m⣿[38;2;63;89;175m⣿[38;2;65;74;155m⣷[38;2;63;63;133m⣄[39m                                                                                                                          [38;2;47;14;65m▒[38;2;62;18;85m▓[38;2;77;23;106m▓[38;2;92;27;127m█[38;2;107;32;148m█[39m[48;2;20;22;28m                  
                  [38;2;107;32;148m[48;2;27;30;36m█[38;2;92;27;127m█[38;2;77;23;106m▓[38;2;62;18;85m▓[38;2;47;14;65m▒[39m              [38;2;62;59;126m⠘[38;2;66;75;156m⢿[38;2;62;91;178m⣿[38;2;59;101;189m⣿⣿[38;2;61;95;182m⣿[38;2;63;90;176m⣿[38;2;64;88;174m⣿[38;2;65;84;170m⣿[38;2;66;77;161m⣷[38;2;64;70;147m⣦[38;2;63;66;139m⣄[39m                                                     [38;2;66;78;162m⣀[38;2;65;84;170m⣀[38;2;64;88;174m⣀[38;2;65;84;170m⣀[39m                                                             [38;2;47;14;65m▒[38;2;62;18;85m▓[38;2;77;23;106m▓[38;2;92;27;127m█[38;2;107;32;148m█[39m[48;2;20;22;28m                  
                  [38;2;107;32;148m[48;2;27;30;36m█[38;2;92;27;127m█[38;2;77;23;106m▓[38;2;62;18;85m▓[38;2;47;14;65m▒[39m                 [38;2;64;68;142m⠘[38;2;66;77;161m⠿[38;2;65;83;168m⣿[38;2;64;86;172m⣿[38;2;63;89;175m⣿[38;2;63;88;174m⣿[38;2;65;85;170m⣿[38;2;65;84;169m⣿[38;2;63;90;176m⣿[38;2;61;95;182m⣿[38;2;62;93;180m⣿[38;2;65;84;170m⣷[38;2;65;72;152m⣶[38;2;63;64;134m⣤[38;2;61;57;122m⣀[39m                                           [38;2;59;55;118m⢰[38;2;66;78;162m⣿[38;2;56;107;193m⣿[38;2;31;137;205m⣿[38;2;13;162;210m⣿[38;2;47;181;214m⣿[38;2;68;193;216m⣿[38;2;69;194;217m⣿[38;2;55;186;215m⣿[38;2;34;174;213m⣿[38;2;24;168;211m⣿[38;2;34;174;213m⣿[38;2;51;184;215m⣿[38;2;64;191;216m⣿[38;2;68;193;216m⣿[38;2;67;193;216m⣿[38;2;65;191;216m⣿[38;2;59;188;215m⣿[38;2;49;182;214m⣿[38;2;31;172;212m⣿[38;2;9;160;210m⣿[38;2;27;141;205m⣷[38;2;44;122;199m⣶[38;2;58;104;192m⣶[38;2;62;92;178m⣶[38;2;65;82;168m⣶[38;2;66;75;157m⣦[38;2;64;68;142m⣄[39m                                         [38;2;47;14;65m▒[38;2;62;18;85m▓[38;2;77;23;106m▓[38;2;92;27;127m█[38;2;107;32;148m█[39m[48;2;20;22;28m                  
                  [38;2;107;32;148m[48;2;27;30;36m█[38;2;92;27;127m█[38;2;77;23;106m▓[38;2;62;18;85m▓[38;2;47;14;65m▒[39m                    [38;2;62;61;130m⠘[38;2;65;71;150m⠻[38;2;66;77;161m⠿[38;2;66;79;164m⣿[38;2;65;82;168m⣿[38;2;62;92;178m⣿[38;2;60;99;187m⣿[38;2;59;101;188m⣿[38;2;61;95;182m⣿[38;2;64;86;172m⣿[38;2;66;81;167m⣿[38;2;66;78;163m⣿[38;2;66;76;159m⣿[38;2;64;69;144m⣷[38;2;61;58;123m⣦[39m                                        [38;2;60;57;121m⢸[38;2;65;82;167m⣿[38;2;50;115;196m⣿[38;2;20;148;207m⣿[38;2;34;174;213m⣿[38;2;72;196;217m⣿[38;2;100;210;220m⣿[38;2;107;213;221m⣿[38;2;98;209;220m⣿[38;2;83;202;218m⣿[38;2;82;201;218m⣿[38;2;103;211;220m⣿[38;2;133;224;224m⣿[38;2;155;232;228m⣿[38;2;163;235;230m⣿[38;2;162;234;230m⣿[38;2;161;234;229m⣿[38;2;157;233;229m⣿[38;2;150;230;227m⣿[38;2;140;226;225m⣿[38;2;127;222;223m⣿[38;2;113;215;221m⣿[38;2;99;210;220m⣿[38;2;89;205;219m⣿[38;2;82;201;218m⣿[38;2;77;198;217m⣿[38;2;73;196;217m⣿[38;2;64;191;216m⣿[38;2;38;176;213m⣿[38;2;18;150;207m⣷[38;2;51;113;195m⣶[38;2;63;89;175m⣶[38;2;66;77;160m⣤[38;2;64;70;148m⣄[39m                                   [38;2;47;14;65m▒[38;2;62;18;85m▓[38;2;77;23;106m▓[38;2;92;27;127m█[38;2;107;32;148m█[39m[48;2;20;22;28m                  
                  [38;2;107;32;148m[48;2;27;30;36m█[38;2;92;27;127m█[38;2;77;23;106m▓[38;2;62;18;85m▓[38;2;47;14;65m▒[39m                        [38;2;62;59;125m⠘[38;2;65;71;148m⠻[38;2;65;82;167m⠿[38;2;63;88;174m⣿[38;2;64;87;173m⣿[38;2;65;83;169m⣿[38;2;66;81;167m⣿⣿[38;2;65;84;170m⣿[38;2;66;80;165m⣿[38;2;65;71;148m⣿[38;2;61;57;121m⣿[39m                                       [38;2;58;53;112m⠈[38;2;65;72;151m⠻[38;2;60;98;185m⣿[38;2;37;130;203m⣿[38;2;9;160;210m⣿[38;2;50;183;215m⣿[38;2;78;199;218m⣿[38;2;87;204;218m⣿[38;2;83;202;218m⣿[38;2;73;196;217m⣿[38;2;75;197;217m⣿[38;2;98;209;220m⣿[38;2;131;223;223m⣿[38;2;156;232;228m⣿[38;2;168;236;231m⣿[38;2;172;238;232m⣿[38;2;176;239;232m⣿[38;2;177;240;233m⣿⣿[38;2;172;238;232m⣿[38;2;166;236;230m⣿[38;2;158;233;229m⣿[38;2;150;230;227m⣿[38;2;147;229;227m⣿[38;2;149;230;227m⣿[38;2;156;232;228m⣿[38;2;162;234;230m⣿[38;2;160;234;229m⣿[38;2;136;225;224m⣿[38;2;96;208;219m⣿[38;2;47;181;214m⣿[38;2;9;159;209m⣿[38;2;22;146;206m⣿[38;2;29;139;205m⣿[38;2;43;123;199m⣿[38;2;62;94;180m⣿[38;2;63;63;133m⣆[39m                                [38;2;47;14;65m▒[38;2;62;18;85m▓[38;2;77;23;106m▓[38;2;92;27;127m█[38;2;107;32;148m█[39m[48;2;20;22;28m                  
                  [38;2;107;32;148m[48;2;27;30;36m█[38;2;92;27;127m█[38;2;77;23;106m▓[38;2;62;18;85m▓[38;2;47;14;65m▒[39m                              [38;2;63;64;134m⠙[38;2;64;69;145m⠿[38;2;66;76;158m⢿[38;2;66;78;162m⣿[38;2;65;73;153m⣿[38;2;62;61;129m⣿[39m                                          [38;2;62;61;129m⠈[38;2;65;73;153m⠙[38;2;63;89;175m⠿[38;2;57;105;192m⠿[38;2;48;117;197m⠿[38;2;43;123;199m⢿[38;2;40;127;201m⣿[38;2;32;136;204m⣿[38;2;12;156;209m⣿[38;2;39;177;213m⣿[38;2;63;191;216m⣿[38;2;76;198;217m⣿[38;2;81;201;218m⣿[38;2;87;204;218m⣿[38;2;94;207;219m⣿[38;2;101;210;220m⣿[38;2;107;213;221m⣿[38;2;113;215;221m⣿[38;2;116;217;222m⣿[38;2;120;218;222m⣿[38;2;125;221;223m⣿[38;2;135;225;224m⣿[38;2;148;229;227m⣿[38;2;158;233;229m⣿[38;2;159;233;229m⣿[38;2;138;226;225m⣿[38;2;100;210;220m⣿[38;2;54;185;215m⣿[38;2;18;165;211m⣿[38;2;15;153;208m⣿[38;2;20;148;207m⣿[38;2;35;133;204m⣿[38;2;59;102;190m⣿[38;2;64;68;142m⣿[39m                                [38;2;47;14;65m▒[38;2;62;18;85m▓[38;2;77;23;106m▓[38;2;92;27;127m█[38;2;107;32;148m█[39m[48;2;20;22;28m                  
                  [38;2;107;32;148m[48;2;27;30;36m█[38;2;92;27;127m█[38;2;77;23;106m▓[38;2;62;18;85m▓[38;2;47;14;65m▒[39m                                 [38;2;62;60;128m⢻[38;2;63;63;132m⣿[38;2;60;57;121m⣿[39m                                                   [38;2;63;64;135m⠙[38;2;65;72;151m⠛[38;2;66;81;166m⠛[38;2;63;90;177m⠻[38;2;59;101;189m⠿[38;2;51;113;196m⠿[38;2;42;124;200m⠿[38;2;34;134;204m⣿[38;2;27;141;205m⣿[38;2;22;146;207m⣿[38;2;17;151;208m⣿[38;2;11;157;209m⣿[38;2;24;168;211m⣿[38;2;46;180;214m⣿[38;2;61;189;216m⣿[38;2;67;193;216m⣿[38;2;57;187;215m⣿[38;2;36;175;213m⣿[38;2;12;156;209m⣿[38;2;28;140;205m⣿[38;2;35;133;204m⣿[38;2;37;130;203m⣿[38;2;47;118;198m⣿[38;2;62;92;179m⣿[38;2;63;63;134m⠟[39m                                [38;2;47;14;65m▒[38;2;62;18;85m▓[38;2;77;23;106m▓[38;2;92;27;127m█[38;2;107;32;148m█[39m[48;2;20;22;28m                  
                  [38;2;107;32;148m[48;2;27;30;36m█[38;2;92;27;127m█[38;2;77;23;106m▓[38;2;62;18;85m▓[38;2;47;14;65m▒[39m                                  [38;2;56;50;105m⠘[38;2;55;49;103m⠃[39m                                                                [38;2;62;61;129m⠈[38;2;63;64;135m⠉[38;2;63;65;137m⠉[39m                                         [38;2;47;14;65m▒[38;2;62;18;85m▓[38;2;77;23;106m▓[38;2;92;27;127m█[38;2;107;32;148m█[39m[48;2;20;22;28m                  
                  [38;2;107;32;148m[48;2;27;30;36m█[38;2;92;27;127m█[38;2;77;23;106m▓[38;2;62;18;85m▓[38;2;47;14;65m▒[39m                                                                                                                                                [38;2;47;14;65m▒[38;2;62;18;85m▓[38;2;77;23;106m▓[38;2;92;27;127m█[38;2;107;32;148m█[39m[48;2;20;22;28m                  
                  [38;2;107;32;148m[48;2;27;30;36m█[38;2;92;27;127m█[38;2;77;23;106m▓[38;2;62;18;85m▓[38;2;47;14;65m▒[39m                                                                                                                                                [38;2;47;14;65m▒[38;2;62;18;85m▓[38;2;77;23;106m▓[38;2;92;27;127m█[38;2;107;32;148m█[39m[48;2;20;22;28m                  
                  [38;2;107;32;148m[48;2;27;30;36m█[38;2;92;27;127m█[38;2;77;23;106m▓[38;2;62;18;85m▓[38;2;47;14;65m▒[39m                                                                                                                                                [38;2;47;14;65m▒[38;2;62;18;85m▓[38;2;77;23;106m▓[38;2;92;27;127m█[38;2;107;32;148m█[39m[48;2;20;22;28m                  
                  [38;2;107;32;148m[48;2;27;30;36m█[38;2;92;27;127m█[38;2;77;23;106m▓[38;2;62;18;85m▓[38;2;47;14;65m▒[39m                                                                                                                                                [38;2;47;14;65m▒[38;2;62;18;85m▓[38;2;77;23;106m▓[38;2;92;27;127m█[38;2;107;32;148m█[39m[48;2;20;22;28m                  
                  [38;2;107;32;148m[48;2;27;30;36m█[38;2;92;27;127m█[38;2;77;23;106m▓[38;2;62;18;85m▓[38;2;47;14;65m▒[39m                                                                                                                                                [38;2;47;14;65m▒[38;2;62;18;85m▓[38;2;77;23;106m▓[38;2;92;27;127m█[38;2;107;32;148m█[39m[48;2;20;22;28m                  
                  [38;2;107;32;148m[48;2;27;30;36m█[38;2;92;27;127m█[38;2;77;23;106m▓[38;2;62;18;85m▓[38;2;47;14;65m▒[39m                                                                                                                                                [38;2;47;14;65m▒[38;2;62;18;85m▓[38;2;77;23;106m▓[38;2;92;27;127m█[38;2;107;32;148m█[39m[48;2;20;22;28m                  
                  [38;2;107;32;148m[48;2;27;30;36m█[38;2;92;27;127m█[38;2;77;23;106m▓[38;2;62;18;85m▓[38;2;47;14;65m▒[39m                                                                                                                                                [38;2;47;14;65m▒[38;2;62;18;85m▓[38;2;77;23;106m▓[38;2;92;27;127m█[38;2;107;32;148m█[39m[48;2;20;22;28m                  
                  [38;2;107;32;148m[48;2;27;30;36m█[38;2;92;27;127m█[38;2;77;23;106m▓[38;2;62;18;85m▓[38;2;47;14;65m▒[39m                                                                                                                                                [38;2;47;14;65m▒[38;2;62;18;85m▓[38;2;77;23;106m▓[38;2;92;27;127m█[38;2;107;32;148m█[39m[48;2;20;22;28m                  
                  [38;2;107;32;148m[48;2;27;30;36m█[38;2;92;27;127m█[38;2;77;23;106m▓[38;2;62;18;85m▓[38;2;47;14;65m▒[39m                                                                                                                                                [38;2;47;14;65m▒[38;2;62;18;85m▓[38;2;77;23;106m▓[38;2;92;27;127m█[38;2;107;32;148m█[39m[48;2;20;22;28m                  
                  [38;2;107;32;148m[48;2;27;30;36m█[38;2;92;27;127m█[38;2;77;23;106m▓[38;2;62;18;85m▓[38;2;47;14;65m▒[39m                                                                                                                                                [38;2;47;14;65m▒[38;2;62;18;85m▓[38;2;77;23;106m▓[38;2;92;27;127m█[38;2;107;32;148m█[39m[48;2;20;22;28m                  
                  [38;2;107;32;148m[48;2;27;30;36m█[38;2;92;27;127m█[38;2;77;23;106m▓[38;2;62;18;85m▓[38;2;47;14;65m▒[39m                                                                                                                                                [38;2;47;14;65m▒[38;2;62;18;85m▓[38;2;77;23;106m▓[38;2;92;27;127m█[38;2;107;32;148m█[39m[48;2;20;22;28m                  
                  [38;2;107;32;148m[48;2;27;30;36m█[38;2;92;27;127m█[38;2;77;23;106m▓[38;2;62;18;85m▓[38;2;47;14;65m▒[39m                                                                                                                                                [38;2;47;14;65m▒[38;2;62;18;85m▓[38;2;77;23;106m▓[38;2;92;27;127m█[38;2;107;32;148m█[39m[48;2;20;22;28m                  
                  [38;2;107;32;148m[48;2;27;30;36m█[38;2;92;27;127m█[38;2;77;23;106m▓[38;2;62;18;85m▓[38;2;47;14;65m▒[39m                                                                                                                                                [38;2;47;14;65m▒[38;2;62;18;85m▓[38;2;77;23;106m▓[38;2;92;27;127m█[38;2;107;32;148m█[39m[48;2;20;22;28m                  
                  [38;2;107;32;148m[48;2;27;30;36m█[38;2;92;27;127m█[38;2;77;23;106m▓[38;2;62;18;85m▓[38;2;47;14;65m▒[39m                                                                                                                                                [38;2;47;14;65m▒[38;2;62;18;85m▓[38;2;77;23;106m▓[38;2;92;27;127m█[38;2;107;32;148m█[39m[48;2;20;22;28m                  
                  [38;2;107;32;148m[48;2;27;30;36m█[38;2;92;27;127m█[38;2;77;23;106m▓[38;2;62;18;85m▓[38;2;47;14;65m▒[39m                                                                                                                                                [38;2;47;14;65m▒[38;2;62;18;85m▓[38;2;77;23;106m▓[38;2;92;27;127m█[38;2;107;32;148m█[39m[48;2;20;22;28m                  
                  [38;2;107;32;148m[48;2;27;30;36m█[38;2;92;27;127m█[38;2;77;23;106m▓[38;2;62;18;85m▓[38;2;47;14;65m▒[39m                                                                                                                                                [38;2;47;14;65m▒[38;2;62;18;85m▓[38;2;77;23;106m▓[38;2;92;27;127m█[38;2;107;32;148m█[39m[48;2;20;22;28m                  
                  [38;2;107;32;148m[48;2;27;30;36m█[38;2;92;27;127m█[38;2;77;23;106m▓[38;2;62;18;85m▓[38;2;47;14;65m▒[39m                                                                                                                                                [38;2;47;14;65m▒[38;2;62;18;85m▓[38;2;77;23;106m▓[38;2;92;27;127m█[38;2;107;32;148m█[39m[48;2;20;22;28m                  
                  [38;2;107;32;148m[48;2;27;30;36m█[38;2;92;27;127m█[38;2;77;23;106m▓[38;2;62;18;85m▓[38;2;47;14;65m▒[39m             [38;2;56;49;104m⣴⣦[39m                                                                                                                                 [38;2;47;14;65m▒[38;2;62;18;85m▓[38;2;77;23;106m▓[38;2;92;27;127m█[38;2;107;32;148m█[39m[48;2;20;22;28m                  
                  [38;2;107;32;148m[48;2;27;30;36m█[38;2;92;27;127m█[38;2;77;23;106m▓[38;2;62;18;85m▓[38;2;47;14;65m▒[39m             [38;2;56;50;105m⢿⣿[39m                                                                                                                                 [38;2;47;14;65m▒[38;2;62;18;85m▓[38;2;77;23;106m▓[38;2;92;27;127m█[38;2;107;32;148m█[39m[48;2;20;22;28m                  
                  [38;2;107;32;148m[48;2;27;30;36m█[38;2;92;27;127m█[38;2;77;23;106m▓[38;2;62;18;85m▓[38;2;47;14;65m▒[39m                                                                                                                                                [38;2;47;14;65m▒[38;2;62;18;85m▓[38;2;77;23;106m▓[38;2;92;27;127m█[38;2;107;32;148m█[39m[48;2;20;22;28m                  
                  [38;2;107;32;148m[48;2;27;30;36m█[38;2;92;27;127m█[38;2;77;23;106m▓[38;2;62;18;85m▓[38;2;47;14;65m▒[39m                                                                                                                                                [38;2;47;14;65m▒[38;2;62;18;85m▓[38;2;77;23;106m▓[38;2;92;27;127m█[38;2;107;32;148m█[39m[48;2;20;22;28m                  
                  [38;2;107;32;148m[48;2;27;30;36m█[38;2;92;27;127m█[38;2;77;23;106m▓[38;2;62;18;85m▓[38;2;47;14;65m▒[39m                                                                                                                                                [38;2;47;14;65m▒[38;2;62;18;85m▓[38;2;77;23;106m▓[38;2;92;27;127m█[38;2;107;32;148m█[39m[48;2;20;22;28m                  
                  [38;2;107;32;148m[48;2;27;30;36m█[38;2;92;27;127m█[38;2;77;23;106m▓[38;2;62;18;85m▓[38;2;47;14;65m▒[39m                                                                                                                                                [38;2;47;14;65m▒[38;2;62;18;85m▓[38;2;77;23;106m▓[38;2;92;27;127m█[38;2;107;32;148m█[39m[48;2;20;22;28m                  
                  [38;2;107;32;148m[48;2;27;30;36m█[38;2;92;27;127m█[38;2;77;23;106m▓[38;2;62;18;85m▓[38;2;47;14;65m▒[39m                                                                                                                                                [38;2;47;14;65m▒[38;2;62;18;85m▓[38;2;77;23;106m▓[38;2;92;27;127m█[38;2;107;32;148m█[39m[48;2;20;22;28m                  
                  [38;2;107;32;148m[48;2;27;30;36m█[38;2;92;27;127m█[38;2;77;23;106m▓[38;2;69;20;96m▓▓▓▓▓▓▓▓▓▓▓▓▓▓▓▓▓▓▓▓▓▓▓▓▓▓▓▓▓▓▓▓▓▓▓▓▓▓▓▓▓▓▓▓▓▓▓▓▓▓▓▓▓▓▓▓▓▓▓▓▓▓▓▓▓▓▓▓▓▓▓▓▓▓▓▓▓▓▓▓▓▓▓▓▓▓▓▓▓▓▓▓▓▓▓▓▓▓▓▓▓▓▓▓▓▓▓▓▓▓▓▓▓▓▓▓▓▓▓▓▓▓▓▓▓▓▓▓▓▓▓▓▓▓▓▓▓▓▓▓▓▓▓▓▓▓▓▓[38;2;77;23;106m▓[38;2;92;27;127m█[38;2;107;32;148m█[39m[48;2;20;22;28m                  
                  [38;2;107;32;148m[48;2;27;30;36m██████████████████████████████████████████████████████████████████████████████████████████████████████████████████████████████████████████████████████████[39m[48;2;20;22;28m                  
                                                                                                                                                                                              
                                                                                                                                                                                              
