[48;2;20;20;20m                                                                                                                                                                                              
                                                                                                                                                                                              
                  [38;2;106;139;99m[48;2;30;30;30m██████████████████████████████████████████████████████████████████████████████████████████████████████████████████████████████████████████████████████████[39m[48;2;20;20;20m                  
                  [38;2;106;139;99m[48;2;30;30;30m█[38;2;91;119;85m█[38;2;76;100;71m▓[38;2;68;90;64m▓▓▓▓▓▓▓▓▓▓▓▓▓▓▓▓▓▓▓▓▓▓▓▓▓▓▓▓▓▓▓▓▓▓▓▓▓▓▓▓▓▓▓▓▓▓▓▓▓▓▓▓▓▓▓▓▓▓▓▓▓▓▓▓▓▓▓▓▓▓▓▓▓▓▓▓▓▓▓▓▓▓▓▓▓▓▓▓▓▓▓▓▓▓▓▓▓▓▓▓▓▓▓▓▓▓▓▓▓▓▓▓▓▓▓▓▓▓▓▓▓▓▓▓▓▓▓▓▓▓▓▓▓▓▓▓▓▓▓▓▓▓▓▓▓▓▓▓[38;2;76;100;71m▓[38;2;91;119;85m█[38;2;106;139;99m█[39m[48;2;20;20;20m                  
                  [38;2;106;139;99m[48;2;30;30;30m█[38;2;91;119;85m█[38;2;76;100;71m▓[38;2;61;80;57m▓[38;2;46;61;43m▒[38;2;98;147;46m⣿[38;2;77;131;45m⣿[38;2;50;102;43m⣷[39m                                                                                                                                             [38;2;46;61;43m▒[38;2;61;80;57m▓[38;2;76;100;71m▓[38;2;91;119;85m█[38;2;106;139;99m█[39m[48;2;20;20;20m                  
                  [38;2;106;139;99m[48;2;30;30;30m█[38;2;91;119;85m█[38;2;76;100;71m▓[38;2;61;80;57m▓[38;2;46;61;43m▒[38;2;94;145;46m⣿[38;2;79;133;45m⣿[38;2;56;110;44m⣿[38;2;36;75;39m⣷[39m                                                                                                                                            [38;2;46;61;43m▒[38;2;61;80;57m▓[38;2;76;100;71m▓[38;2;91;119;85m█[38;2;106;139;99m█[39m[48;2;20;20;20m                  
                  [38;2;106;139;99m[48;2;30;30;30m█[38;2;91;119;85m█[38;2;76;100;71m▓[38;2;61;80;57m▓[38;2;46;61;43m▒[38;2;73;128;45m⣿⣿[38;2;67;123;44m⣿[38;2;51;104;43m⣿[38;2;38;80;40m⣷[39m                                                                                                                         [38;2;27;51;32m⣀⣠[38;2;27;49;31m⡄[39m               [38;2;46;61;43m▒[38;2;61;80;57m▓[38;2;76;100;71m▓[38;2;91;119;85m█[38;2;106;139;99m█[39m[48;2;20;20;20m                  
                  [38;2;106;139;99m[48;2;30;30;30m█[38;2;91;119;85m█[38;2;76;100;71m▓[38;2;61;80;57m▓[38;2;46;61;43m▒[38;2;53;107;44m⢸[38;2;73;128;45m⣿[38;2;100;149;46m⣿[38;2;111;157;46m⣿[38;2;95;145;46m⣿[38;2;62;117;44m⣷[38;2;39;81;41m⡆[39m                                                                                                                      [38;2;27;51;32m⣿[38;2;28;52;32m⣿⣿[38;2;27;50;31m⡿[39m               [38;2;46;61;43m▒[38;2;61;80;57m▓[38;2;76;100;71m▓[38;2;91;119;85m█[38;2;106;139;99m█[39m[48;2;20;20;20m                  
                  [38;2;106;139;99m[48;2;30;30;30m█[38;2;91;119;85m█[38;2;76;100;71m▓[38;2;61;80;57m▓[38;2;46;61;43m▒[38;2;37;78;40m⣾[38;2;66;122;44m⣿[38;2;119;163;44m⣿[38;2;164;188;62m⣿[38;2;162;188;61m⣿[38;2;114;159;45m⣿[38;2;65;120;44m⣿[38;2;33;68;37m⣇[39m                                                                                                                                        [38;2;46;61;43m▒[38;2;61;80;57m▓[38;2;76;100;71m▓[38;2;91;119;85m█[38;2;106;139;99m█[39m[48;2;20;20;20m                  
                  [38;2;106;139;99m[48;2;30;30;30m█[38;2;91;119;85m█[38;2;76;100;71m▓[38;2;61;80;57m▓[38;2;46;61;43m▒[39m [38;2;55;110;44m⣿[38;2;115;160;45m⣿[38;2;188;200;80m⣿[38;2;215;215;102m⣿[38;2;165;189;63m⣿[38;2;97;147;46m⣿[38;2;40;84;41m⣿[39m                                                                                                                                        [38;2;46;61;43m▒[38;2;61;80;57m▓[38;2;76;100;71m▓[38;2;91;119;85m█[38;2;106;139;99m█[39m[48;2;20;20;20m                  
                  [38;2;106;139;99m[48;2;30;30;30m█[38;2;91;119;85m█[38;2;76;100;71m▓[38;2;61;80;57m▓[38;2;46;61;43m▒[39m [38;2;41;87;42m⢸[38;2;78;132;45m⣿[38;2;124;166;43m⣿[38;2;165;189;63m⣿[38;2;140;177;45m⣿[38;2;100;149;46m⣿[38;2;46;96;43m⣿[38;2;30;60;35m⡇[39m                                                                                                                                       [38;2;46;61;43m▒[38;2;61;80;57m▓[38;2;76;100;71m▓[38;2;91;119;85m█[38;2;106;139;99m█[39m[48;2;20;20;20m                  
                  [38;2;106;139;99m[48;2;30;30;30m█[38;2;91;119;85m█[38;2;76;100;71m▓[38;2;61;80;57m▓[38;2;46;61;43m▒[39m  [38;2;42;87;42m⢻[38;2;66;122;44m⣿[38;2;98;148;46m⣿[38;2;103;151;46m⣿[38;2;81;135;45m⣿[38;2;49;101;43m⣿[38;2;34;69;38m⣿[39m                                                                                                                                       [38;2;46;61;43m▒[38;2;61;80;57m▓[38;2;76;100;71m▓[38;2;91;119;85m█[38;2;106;139;99m█[39m[48;2;20;20;20m                  
                  [38;2;106;139;99m[48;2;30;30;30m█[38;2;91;119;85m█[38;2;76;100;71m▓[38;2;61;80;57m▓[38;2;46;61;43m▒[39m   [38;2;33;67;37m⠹[38;2;41;85;41m⣿[38;2;50;102;43m⣿[38;2;54;108;44m⣿[38;2;50;102;43m⣿[38;2;39;82;41m⣿[38;2;31;62;36m⡆[39m                                                                                                                                      [38;2;46;61;43m▒[38;2;61;80;57m▓[38;2;76;100;71m▓[38;2;91;119;85m█[38;2;106;139;99m█[39m[48;2;20;20;20m                  
                  [38;2;106;139;99m[48;2;30;30;30m█[38;2;91;119;85m█[38;2;76;100;71m▓[38;2;61;80;57m▓[38;2;46;61;43m▒[39m    [38;2;29;57;34m⠈[38;2;36;74;39m⢿[38;2;43;91;42m⣿[38;2;50;103;43m⣿[38;2;51;104;43m⣿[38;2;45;94;43m⣿[38;2;37;76;40m⣆[39m                                                                                                                                     [38;2;46;61;43m▒[38;2;61;80;57m▓[38;2;76;100;71m▓[38;2;91;119;85m█[38;2;106;139;99m█[39m[48;2;20;20;20m                  
                  [38;2;106;139;99m[48;2;30;30;30m█[38;2;91;119;85m█[38;2;76;100;71m▓[38;2;61;80;57m▓[38;2;46;61;43m▒[39m      [38;2;36;73;39m⢻[38;2;50;102;43m⣿[38;2;80;134;45m⣿[38;2;99;148;46m⣿[38;2;90;141;46m⣿[38;2;58;113;44m⣷[38;2;36;74;39m⡆[39m                                                                                                                                   [38;2;46;61;43m▒[38;2;61;80;57m▓[38;2;76;100;71m▓[38;2;91;119;85m█[38;2;106;139;99m█[39m[48;2;20;20;20m                  
                  [38;2;106;139;99m[48;2;30;30;30m█[38;2;91;119;85m█[38;2;76;100;71m▓[38;2;61;80;57m▓[38;2;46;61;43m▒[39m      [38;2;30;60;35m⠸[38;2;45;94;43m⣿[38;2;93;144;46m⣿[38;2;132;172;42m⣿[38;2;150;182;52m⣿[38;2;118;162;44m⣿[38;2;72;127;45m⣿[38;2;42;89;42m⣷[39m                                                                                                                                  [38;2;46;61;43m▒[38;2;61;80;57m▓[38;2;76;100;71m▓[38;2;91;119;85m█[38;2;106;139;99m█[39m[48;2;20;20;20m                  
                  [38;2;106;139;99m[48;2;30;30;30m█[38;2;91;119;85m█[38;2;76;100;71m▓[38;2;61;80;57m▓[38;2;46;61;43m▒[39m       [38;2;38;78;40m⢸[38;2;80;134;45m⣿[38;2;135;174;42m⣿[38;2;192;202;83m⣿[38;2;183;198;76m⣿[38;2;123;166;44m⣿[38;2;73;128;45m⣿[38;2;39;81;41m⣷[39m                                                                                                                                 [38;2;46;61;43m▒[38;2;61;80;57m▓[38;2;76;100;71m▓[38;2;91;119;85m█[38;2;106;139;99m█[39m[48;2;20;20;20m                  
                  [38;2;106;139;99m[48;2;30;30;30m█[38;2;91;119;85m█[38;2;76;100;71m▓[38;2;61;80;57m▓[38;2;46;61;43m▒[39m        [38;2;48;99;43m⢿[38;2;91;142;46m⣿[38;2;133;173;42m⣿[38;2;165;189;63m⣿[38;2;141;177;45m⣿[38;2;106;153;46m⣿[38;2;60;115;44m⣿[38;2;39;82;41m⣷[39m                                                                                                                                [38;2;46;61;43m▒[38;2;61;80;57m▓[38;2;76;100;71m▓[38;2;91;119;85m█[38;2;106;139;99m█[39m[48;2;20;20;20m                  
                  [38;2;106;139;99m[48;2;30;30;30m█[38;2;91;119;85m█[38;2;76;100;71m▓[38;2;61;80;57m▓[38;2;46;61;43m▒[39m        [38;2;31;62;36m⠈[38;2;47;97;43m⢿[38;2;76;130;45m⣿[38;2;107;154;46m⣿[38;2;113;159;45m⣿[38;2;103;152;46m⣿[38;2;76;130;45m⣿[38;2;51;105;43m⣿[38;2;38;78;40m⣷[38;2;30;59;35m⡄[39m                                                                                                                              [38;2;46;61;43m▒[38;2;61;80;57m▓[38;2;76;100;71m▓[38;2;91;119;85m█[38;2;106;139;99m█[39m[48;2;20;20;20m                  
                  [38;2;106;139;99m[48;2;30;30;30m█[38;2;91;119;85m█[38;2;76;100;71m▓[38;2;61;80;57m▓[38;2;46;61;43m▒[39m          [38;2;35;71;38m⠻[38;2;45;94;43m⣿[38;2;60;115;44m⣿[38;2;71;126;45m⣿[38;2;69;124;45m⣿[38;2;57;112;44m⣿[38;2;47;97;43m⣿[38;2;40;84;41m⣿[38;2;35;72;38m⣦[38;2;30;60;35m⡄[39m                                                                                                                            [38;2;46;61;43m▒[38;2;61;80;57m▓[38;2;76;100;71m▓[38;2;91;119;85m█[38;2;106;139;99m█[39m[48;2;20;20;20m                  
                  [38;2;106;139;99m[48;2;30;30;30m█[38;2;91;119;85m█[38;2;76;100;71m▓[38;2;61;80;57m▓[38;2;46;61;43m▒[39m            [38;2;34;68;38m⠹[38;2;40;84;41m⢿[38;2;46;95;43m⣿[38;2;48;100;43m⣿[38;2;48;99;43m⣿[38;2;46;96;43m⣿[38;2;43;91;42m⣿[38;2;40;83;41m⣿[38;2;35;73;39m⣷[38;2;32;64;36m⣆[39m                                                                                                                          [38;2;46;61;43m▒[38;2;61;80;57m▓[38;2;76;100;71m▓[38;2;91;119;85m█[38;2;106;139;99m█[39m[48;2;20;20;20m                  
                  [38;2;106;139;99m[48;2;30;30;30m█[38;2;91;119;85m█[38;2;76;100;71m▓[38;2;61;80;57m▓[38;2;46;61;43m▒[39m              [38;2;31;61;36m⠘[38;2;35;73;39m⢿[38;2;40;84;41m⣿[38;2;43;91;42m⣿⣿[38;2;42;87;42m⣿[38;2;40;84;41m⣿[38;2;39;82;41m⣿[38;2;38;79;40m⣿[38;2;36;74;39m⣷[38;2;34;69;38m⣦[38;2;33;66;37m⣄[39m                                                     [38;2;36;75;39m⣀[38;2;38;80;40m⣀[38;2;39;81;41m⣀[38;2;38;79;40m⣀[39m                                                             [38;2;46;61;43m▒[38;2;61;80;57m▓[38;2;76;100;71m▓[38;2;91;119;85m█[38;2;106;139;99m█[39m[48;2;20;20;20m                  
                  [38;2;106;139;99m[48;2;30;30;30m█[38;2;91;119;85m█[38;2;76;100;71m▓[38;2;61;80;57m▓[38;2;46;61;43m▒[39m                 [38;2;33;68;37m⠘[38;2;36;75;39m⠿[38;2;38;79;40m⣿[38;2;39;81;41m⣿[38;2;39;82;41m⣿⣿[38;2;38;79;40m⣿⣿[38;2;40;83;41m⣿[38;2;41;86;42m⣿[38;2;41;85;41m⣿[38;2;38;78;40m⣷[38;2;34;70;38m⣶[38;2;32;64;36m⣤[38;2;30;60;35m⣀[39m                                           [38;2;30;58;35m⢰[38;2;36;75;39m⣿[38;2;45;94;43m⣿[38;2;56;110;44m⣿[38;2;71;126;45m⣿[38;2;88;140;45m⣿[38;2;100;149;46m⣿⣿[38;2;92;143;46m⣿[38;2;81;134;45m⣿[38;2;76;130;45m⣿[38;2;82;135;45m⣿[38;2;91;142;46m⣿[38;2;98;148;46m⣿[38;2;100;149;46m⣿[38;2;99;148;46m⣿[38;2;98;147;46m⣿[38;2;94;144;46m⣿[38;2;88;140;45m⣿[38;2;79;133;45m⣿[38;2;68;124;45m⣿[38;2;57;112;44m⣷[38;2;49;101;43m⣶[38;2;44;92;43m⣶[38;2;41;85;41m⣶[38;2;38;79;40m⣶[38;2;36;73;39m⣦[38;2;33;67;37m⣄[39m                                         [38;2;46;61;43m▒[38;2;61;80;57m▓[38;2;76;100;71m▓[38;2;91;119;85m█[38;2;106;139;99m█[39m[48;2;20;20;20m                  
                  [38;2;106;139;99m[48;2;30;30;30m█[38;2;91;119;85m█[38;2;76;100;71m▓[38;2;61;80;57m▓[38;2;46;61;43m▒[39m                    [38;2;31;63;36m⠘[38;2;34;70;38m⠻[38;2;36;74;39m⠿[38;2;37;76;40m⣿[38;2;38;78;40m⣿[38;2;40;84;41m⣿[38;2;42;89;42m⣿[38;2;43;89;42m⣿[38;2;41;85;41m⣿[38;2;38;80;40m⣿[38;2;37;77;40m⣿[38;2;37;76;40m⣿[38;2;36;74;39m⣿[38;2;34;69;38m⣷[38;2;31;61;36m⣦[39m                                        [38;2;30;59;35m⢸[38;2;38;78;40m⣿[38;2;47;98;43m⣿[38;2;62;117;44m⣿[38;2;82;135;45m⣿[38;2;103;151;46m⣿[38;2;118;162;44m⣿[38;2;122;165;44m⣿[38;2;117;161;45m⣿[38;2;109;155;46m⣿⣿[38;2;122;165;44m⣿[38;2;141;177;45m⣿[38;2;164;189;63m⣿[38;2;172;192;68m⣿[38;2;170;192;67m⣿[38;2;169;191;66m⣿[38;2;164;188;62m⣿[38;2;156;185;57m⣿[38;2;145;179;48m⣿[38;2;133;173;42m⣿[38;2;125;167;43m⣿[38;2;118;162;44m⣿[38;2;113;158;45m⣿[38;2;108;155;46m⣿[38;2;105;153;46m⣿[38;2;103;151;46m⣿[38;2;96;146;46m⣿[38;2;81;134;45m⣿[38;2;60;115;44m⣷[38;2;46;95;43m⣶[38;2;39;82;41m⣶[38;2;36;74;39m⣤[38;2;34;69;38m⣄[39m                                   [38;2;46;61;43m▒[38;2;61;80;57m▓[38;2;76;100;71m▓[38;2;91;119;85m█[38;2;106;139;99m█[39m[48;2;20;20;20m                  
                  [38;2;106;139;99m[48;2;30;30;30m█[38;2;91;119;85m█[38;2;76;100;71m▓[38;2;61;80;57m▓[38;2;46;61;43m▒[39m                        [38;2;31;61;36m⠘[38;2;34;70;38m⠻[38;2;38;78;40m⠿[38;2;39;81;41m⣿[38;2;39;80;40m⣿[38;2;37;78;40m⣿[38;2;37;77;40m⣿[38;2;37;78;40m⣿[38;2;38;79;40m⣿[38;2;37;77;40m⣿[38;2;34;70;38m⣿[38;2;30;60;35m⣿[39m                                       [38;2;29;56;34m⠈[38;2;35;71;38m⠿[38;2;42;88;42m⣿[38;2;52;106;43m⣿[38;2;68;124;45m⣿[38;2;89;141;46m⣿[38;2;106;153;46m⣿[38;2;111;157;46m⣿[38;2;108;155;46m⣿[38;2;103;151;46m⣿[38;2;104;152;46m⣿[38;2;119;163;44m⣿[38;2;138;176;44m⣿[38;2;166;189;63m⣿[38;2;177;195;71m⣿[38;2;180;197;74m⣿[38;2;185;199;77m⣿[38;2;187;200;79m⣿[38;2;186;199;78m⣿[38;2;182;197;75m⣿[38;2;175;194;70m⣿[38;2;166;189;63m⣿[38;2;157;185;57m⣿[38;2;154;184;55m⣿[38;2;159;186;58m⣿[38;2;166;190;64m⣿[38;2;171;192;68m⣿[38;2;166;190;64m⣿[38;2;138;176;43m⣿[38;2;114;159;45m⣿[38;2;85;138;45m⣿[38;2;67;123;44m⣿[38;2;59;114;44m⣿[38;2;55;110;44m⣿[38;2;49;100;43m⣿[38;2;40;84;41m⣿[38;2;32;64;36m⣆[39m                                [38;2;46;61;43m▒[38;2;61;80;57m▓[38;2;76;100;71m▓[38;2;91;119;85m█[38;2;106;139;99m█[39m[48;2;20;20;20m                  
                  [38;2;106;139;99m[48;2;30;30;30m█[38;2;91;119;85m█[38;2;76;100;71m▓[38;2;61;80;57m▓[38;2;46;61;43m▒[39m                              [38;2;32;64;36m⠙[38;2;34;68;38m⠿[38;2;36;73;39m⢿[38;2;36;75;39m⣿[38;2;35;72;38m⣿[38;2;31;62;36m⣿[39m                                          [38;2;31;63;36m⠈[38;2;35;72;38m⠛[38;2;39;82;41m⠿[38;2;44;92;43m⠿[38;2;48;98;43m⠿[38;2;49;101;43m⢿[38;2;51;104;43m⣿[38;2;55;110;44m⣿[38;2;67;123;44m⣿[38;2;84;137;45m⣿[38;2;98;147;46m⣿[38;2;104;152;46m⣿[38;2;107;154;46m⣿[38;2;111;157;46m⣿[38;2;115;160;45m⣿[38;2;119;163;44m⣿[38;2;123;165;44m⣿[38;2;125;167;43m⣿[38;2;127;169;43m⣿[38;2;129;170;43m⣿[38;2;133;173;42m⣿[38;2;142;178;46m⣿[38;2;156;185;57m⣿[38;2;166;190;64m⣿[38;2;165;189;63m⣿[38;2;140;177;45m⣿[38;2;116;161;45m⣿[38;2;89;141;46m⣿[38;2;71;127;45m⣿[38;2;64;119;44m⣿[38;2;60;115;44m⣿[38;2;52;106;43m⣿[38;2;43;89;42m⣿[38;2;33;67;37m⣿[39m                                [38;2;46;61;43m▒[38;2;61;80;57m▓[38;2;76;100;71m▓[38;2;91;119;85m█[38;2;106;139;99m█[39m[48;2;20;20;20m                  
                  [38;2;106;139;99m[48;2;30;30;30m█[38;2;91;119;85m█[38;2;76;100;71m▓[38;2;61;80;57m▓[38;2;46;61;43m▒[39m                                 [38;2;31;61;36m⢻[38;2;32;63;36m⣿[38;2;30;59;35m⣿[39m                                                   [38;2;32;65;37m⠙[38;2;35;71;38m⠛[38;2;37;77;40m⠛[38;2;40;83;41m⠻[38;2;43;89;42m⠿[38;2;46;96;43m⠿[38;2;50;102;43m⠿[38;2;54;108;44m⣿[38;2;58;112;44m⣿[38;2;60;115;44m⣿[38;2;63;118;44m⣿[38;2;67;123;44m⣿[38;2;77;132;45m⣿[38;2;88;140;45m⣿[38;2;96;146;46m⣿[38;2;99;148;46m⣿[38;2;92;143;46m⣿[38;2;80;134;45m⣿[38;2;64;120;44m⣿[38;2;56;111;44m⣿[38;2;52;106;43m⣿[38;2;51;104;43m⣿[38;2;47;98;43m⣿[38;2;40;83;41m⣿[38;2;32;64;36m⠟[39m                                [38;2;46;61;43m▒[38;2;61;80;57m▓[38;2;76;100;71m▓[38;2;91;119;85m█[38;2;106;139;99m█[39m[48;2;20;20;20m                  
                  [38;2;106;139;99m[48;2;30;30;30m█[38;2;91;119;85m█[38;2;76;100;71m▓[38;2;61;80;57m▓[38;2;46;61;43m▒[39m                                  [38;2;28;53;32m⠘[38;2;28;52;32m⠃[39m                                                                [38;2;31;62;36m⠈[38;2;32;65;37m⠉⠉[39m                                         [38;2;46;61;43m▒[38;2;61;80;57m▓[38;2;76;100;71m▓[38;2;91;119;85m█[38;2;106;139;99m█[39m[48;2;20;20;20m                  
                  [38;2;106;139;99m[48;2;30;30;30m█[38;2;91;119;85m█[38;2;76;100;71m▓[38;2;61;80;57m▓[38;2;46;61;43m▒[39m                                                                                                                                                [38;2;46;61;43m▒[38;2;61;80;57m▓[38;2;76;100;71m▓[38;2;91;119;85m█[38;2;106;139;99m█[39m[48;2;20;20;20m                  
                  [38;2;106;139;99m[48;2;30;30;30m█[38;2;91;119;85m█[38;2;76;100;71m▓[38;2;61;80;57m▓[38;2;46;61;43m▒[39m                                                                                                                                                [38;2;46;61;43m▒[38;2;61;80;57m▓[38;2;76;100;71m▓[38;2;91;119;85m█[38;2;106;139;99m█[39m[48;2;20;20;20m                  
                  [38;2;106;139;99m[48;2;30;30;30m█[38;2;91;119;85m█[38;2;76;100;71m▓[38;2;61;80;57m▓[38;2;46;61;43m▒[39m                                                                                                                                                [38;2;46;61;43m▒[38;2;61;80;57m▓[38;2;76;100;71m▓[38;2;91;119;85m█[38;2;106;139;99m█[39m[48;2;20;20;20m                  
                  [38;2;106;139;99m[48;2;30;30;30m█[38;2;91;119;85m█[38;2;76;100;71m▓[38;2;61;80;57m▓[38;2;46;61;43m▒[39m                                                                                                                                                [38;2;46;61;43m▒[38;2;61;80;57m▓[38;2;76;100;71m▓[38;2;91;119;85m█[38;2;106;139;99m█[39m[48;2;20;20;20m                  
                  [38;2;106;139;99m[48;2;30;30;30m█[38;2;91;119;85m█[38;2;76;100;71m▓[38;2;61;80;57m▓[38;2;46;61;43m▒[39m                                                                                                                                                [38;2;46;61;43m▒[38;2;61;80;57m▓[38;2;76;100;71m▓[38;2;91;119;85m█[38;2;106;139;99m█[39m[48;2;20;20;20m                  
                  [38;2;106;139;99m[48;2;30;30;30m█[38;2;91;119;85m█[38;2;76;100;71m▓[38;2;61;80;57m▓[38;2;46;61;43m▒[39m                                                                                                                                                [38;2;46;61;43m▒[38;2;61;80;57m▓[38;2;76;100;71m▓[38;2;91;119;85m█[38;2;106;139;99m█[39m[48;2;20;20;20m                  
                  [38;2;106;139;99m[48;2;30;30;30m█[38;2;91;119;85m█[38;2;76;100;71m▓[38;2;61;80;57m▓[38;2;46;61;43m▒[39m                                                                                                                                                [38;2;46;61;43m▒[38;2;61;80;57m▓[38;2;76;100;71m▓[38;2;91;119;85m█[38;2;106;139;99m█[39m[48;2;20;20;20m                  
                  [38;2;106;139;99m[48;2;30;30;30m█[38;2;91;119;85m█[38;2;76;100;71m▓[38;2;61;80;57m▓[38;2;46;61;43m▒[39m                                                                                                                                                [38;2;46;61;43m▒[38;2;61;80;57m▓[38;2;76;100;71m▓[38;2;91;119;85m█[38;2;106;139;99m█[39m[48;2;20;20;20m                  
                  [38;2;106;139;99m[48;2;30;30;30m█[38;2;91;119;85m█[38;2;76;100;71m▓[38;2;61;80;57m▓[38;2;46;61;43m▒[39m                                                                                                                                                [38;2;46;61;43m▒[38;2;61;80;57m▓[38;2;76;100;71m▓[38;2;91;119;85m█[38;2;106;139;99m█[39m[48;2;20;20;20m                  
                  [38;2;106;139;99m[48;2;30;30;30m█[38;2;91;119;85m█[38;2;76;100;71m▓[38;2;61;80;57m▓[38;2;46;61;43m▒[39m                                                                                                                                                [38;2;46;61;43m▒[38;2;61;80;57m▓[38;2;76;100;71m▓[38;2;91;119;85m█[38;2;106;139;99m█[39m[48;2;20;20;20m                  
                  [38;2;106;139;99m[48;2;30;30;30m█[38;2;91;119;85m█[38;2;76;100;71m▓[38;2;61;80;57m▓[38;2;46;61;43m▒[39m                                                                                                                                                [38;2;46;61;43m▒[38;2;61;80;57m▓[38;2;76;100;71m▓[38;2;91;119;85m█[38;2;106;139;99m█[39m[48;2;20;20;20m                  
                  [38;2;106;139;99m[48;2;30;30;30m█[38;2;91;119;85m█[38;2;76;100;71m▓[38;2;61;80;57m▓[38;2;46;61;43m▒[39m                                                                                                                                                [38;2;46;61;43m▒[38;2;61;80;57m▓[38;2;76;100;71m▓[38;2;91;119;85m█[38;2;106;139;99m█[39m[48;2;20;20;20m                  
                  [38;2;106;139;99m[48;2;30;30;30m█[38;2;91;119;85m█[38;2;76;100;71m▓[38;2;61;80;57m▓[38;2;46;61;43m▒[39m                                                                                                                                                [38;2;46;61;43m▒[38;2;61;80;57m▓[38;2;76;100;71m▓[38;2;91;119;85m█[38;2;106;139;99m█[39m[48;2;20;20;20m                  
                  [38;2;106;139;99m[48;2;30;30;30m█[38;2;91;119;85m█[38;2;76;100;71m▓[38;2;61;80;57m▓[38;2;46;61;43m▒[39m                                                                                                                                                [38;2;46;61;43m▒[38;2;61;80;57m▓[38;2;76;100;71m▓[38;2;91;119;85m█[38;2;106;139;99m█[39m[48;2;20;20;20m                  
                  [38;2;106;139;99m[48;2;30;30;30m█[38;2;91;119;85m█[38;2;76;100;71m▓[38;2;61;80;57m▓[38;2;46;61;43m▒[39m                                                                                                                                                [38;2;46;61;43m▒[38;2;61;80;57m▓[38;2;76;100;71m▓[38;2;91;119;85m█[38;2;106;139;99m█[39m[48;2;20;20;20m                  
                  [38;2;106;139;99m[48;2;30;30;30m█[38;2;91;119;85m█[38;2;76;100;71m▓[38;2;61;80;57m▓[38;2;46;61;43m▒[39m                                                                                                                                                [38;2;46;61;43m▒[38;2;61;80;57m▓[38;2;76;100;71m▓[38;2;91;119;85m█[38;2;106;139;99m█[39m[48;2;20;20;20m                  
                  [38;2;106;139;99m[48;2;30;30;30m█[38;2;91;119;85m█[38;2;76;100;71m▓[38;2;61;80;57m▓[38;2;46;61;43m▒[39m                                                                                                                                                [38;2;46;61;43m▒[38;2;61;80;57m▓[38;2;76;100;71m▓[38;2;91;119;85m█[38;2;106;139;99m█[39m[48;2;20;20;20m                  
                  [38;2;106;139;99m[48;2;30;30;30m█[38;2;91;119;85m█[38;2;76;100;71m▓[38;2;61;80;57m▓[38;2;46;61;43m▒[39m             [38;2;28;52;32m⣴⣦[39m                                                                                                                                 [38;2;46;61;43m▒[38;2;61;80;57m▓[38;2;76;100;71m▓[38;2;91;119;85m█[38;2;106;139;99m█[39m[48;2;20;20;20m                  
                  [38;2;106;139;99m[48;2;30;30;30m█[38;2;91;119;85m█[38;2;76;100;71m▓[38;2;61;80;57m▓[38;2;46;61;43m▒[39m             [38;2;28;53;32m⢿⣿[39m                                                                                                                                 [38;2;46;61;43m▒[38;2;61;80;57m▓[38;2;76;100;71m▓[38;2;91;119;85m█[38;2;106;139;99m█[39m[48;2;20;20;20m                  
                  [38;2;106;139;99m[48;2;30;30;30m█[38;2;91;119;85m█[38;2;76;100;71m▓[38;2;61;80;57m▓[38;2;46;61;43m▒[39m                                                                                                                                                [38;2;46;61;43m▒[38;2;61;80;57m▓[38;2;76;100;71m▓[38;2;91;119;85m█[38;2;106;139;99m█[39m[48;2;20;20;20m                  
                  [38;2;106;139;99m[48;2;30;30;30m█[38;2;91;119;85m█[38;2;76;100;71m▓[38;2;61;80;57m▓[38;2;46;61;43m▒[39m                                                                                                                                                [38;2;46;61;43m▒[38;2;61;80;57m▓[38;2;76;100;71m▓[38;2;91;119;85m█[38;2;106;139;99m█[39m[48;2;20;20;20m                  
                  [38;2;106;139;99m[48;2;30;30;30m█[38;2;91;119;85m█[38;2;76;100;71m▓[38;2;61;80;57m▓[38;2;46;61;43m▒[39m                                                                                                                                                [38;2;46;61;43m▒[38;2;61;80;57m▓[38;2;76;100;71m▓[38;2;91;119;85m█[38;2;106;139;99m█[39m[48;2;20;20;20m                  
                  [38;2;106;139;99m[48;2;30;30;30m█[38;2;91;119;85m█[38;2;76;100;71m▓[38;2;61;80;57m▓[38;2;46;61;43m▒[39m                                                                                                                                                [38;2;46;61;43m▒[38;2;61;80;57m▓[38;2;76;100;71m▓[38;2;91;119;85m█[38;2;106;139;99m█[39m[48;2;20;20;20m                  
                  [38;2;106;139;99m[48;2;30;30;30m█[38;2;91;119;85m█[38;2;76;100;71m▓[38;2;61;80;57m▓[38;2;46;61;43m▒[39m                                                                                                                                                [38;2;46;61;43m▒[38;2;61;80;57m▓[38;2;76;100;71m▓[38;2;91;119;85m█[38;2;106;139;99m█[39m[48;2;20;20;20m                  
                  [38;2;106;139;99m[48;2;30;30;30m█[38;2;91;119;85m█[38;2;76;100;71m▓[38;2;68;90;64m▓▓▓▓▓▓▓▓▓▓▓▓▓▓▓▓▓▓▓▓▓▓▓▓▓▓▓▓▓▓▓▓▓▓▓▓▓▓▓▓▓▓▓▓▓▓▓▓▓▓▓▓▓▓▓▓▓▓▓▓▓▓▓▓▓▓▓▓▓▓▓▓▓▓▓▓▓▓▓▓▓▓▓▓▓▓▓▓▓▓▓▓▓▓▓▓▓▓▓▓▓▓▓▓▓▓▓▓▓▓▓▓▓▓▓▓▓▓▓▓▓▓▓▓▓▓▓▓▓▓▓▓▓▓▓▓▓▓▓▓▓▓▓▓▓▓▓▓[38;2;76;100;71m▓[38;2;91;119;85m█[38;2;106;139;99m█[39m[48;2;20;20;20m                  
                  [38;2;106;139;99m[48;2;30;30;30m██████████████████████████████████████████████████████████████████████████████████████████████████████████████████████████████████████████████████████████[39m[48;2;20;20;20m                  
                                                                                                                                                                                              
                                                                                                                                                                                              
