[48;2;28;28;30m                                                                                                                                                                                              
                                                                                                                                                                                              
                  [38;2;106;139;99m[48;2;44;44;46m██████████████████████████████████████████████████████████████████████████████████████████████████████████████████████████████████████████████████████████[39m[48;2;28;28;30m                  
                  [38;2;106;139;99m[48;2;44;44;46m█[38;2;91;119;85m█[38;2;76;100;71m▓[38;2;68;90;64m▓▓▓▓▓▓▓▓▓▓▓▓▓▓▓▓▓▓▓▓▓▓▓▓▓▓▓▓▓▓▓▓▓▓▓▓▓▓▓▓▓▓▓▓▓▓▓▓▓▓▓▓▓▓▓▓▓▓▓▓▓▓▓▓▓▓▓▓▓▓▓▓▓▓▓▓▓▓▓▓▓▓▓▓▓▓▓▓▓▓▓▓▓▓▓▓▓▓▓▓▓▓▓▓▓▓▓▓▓▓▓▓▓▓▓▓▓▓▓▓▓▓▓▓▓▓▓▓▓▓▓▓▓▓▓▓▓▓▓▓▓▓▓▓▓▓▓▓[38;2;76;100;71m▓[38;2;91;119;85m█[38;2;106;139;99m█[39m[48;2;28;28;30m                  
                  [38;2;106;139;99m[48;2;44;44;46m█[38;2;91;119;85m█[38;2;76;100;71m▓[38;2;61;80;57m▓[38;2;46;61;43m▒[38;2;102;152;51m⣿[38;2;82;136;51m⣿[38;2;56;109;51m⣷[39m                                                                                                                                             [38;2;46;61;43m▒[38;2;61;80;57m▓[38;2;76;100;71m▓[38;2;91;119;85m█[38;2;106;139;99m█[39m[48;2;28;28;30m                  
                  [38;2;106;139;99m[48;2;44;44;46m█[38;2;91;119;85m█[38;2;76;100;71m▓[38;2;61;80;57m▓[38;2;46;61;43m▒[38;2;99;149;51m⣿[38;2;84;138;51m⣿[38;2;61;117;51m⣿[38;2;46;85;48m⣷[39m                                                                                                                                            [38;2;46;61;43m▒[38;2;61;80;57m▓[38;2;76;100;71m▓[38;2;91;119;85m█[38;2;106;139;99m█[39m[48;2;28;28;30m                  
                  [38;2;106;139;99m[48;2;44;44;46m█[38;2;91;119;85m█[38;2;76;100;71m▓[38;2;61;80;57m▓[38;2;46;61;43m▒[38;2;78;133;51m⣿⣿[38;2;73;129;51m⣿[38;2;58;112;51m⣿[38;2;49;91;49m⣷[39m                                                                                                                         [38;2;39;64;43m⣀⣠[38;2;39;62;43m⡄[39m               [38;2;46;61;43m▒[38;2;61;80;57m▓[38;2;76;100;71m▓[38;2;91;119;85m█[38;2;106;139;99m█[39m[48;2;28;28;30m                  
                  [38;2;106;139;99m[48;2;44;44;46m█[38;2;91;119;85m█[38;2;76;100;71m▓[38;2;61;80;57m▓[38;2;46;61;43m▒[38;2;59;114;51m⣼[38;2;81;136;51m⣿[38;2;107;155;50m⣿[38;2;117;163;49m⣿[38;2;100;151;51m⣿[38;2;68;124;51m⣷[38;2;48;91;49m⡆[39m                                                                                                                      [38;2;39;63;43m⣿[38;2;39;65;43m⣿⣿[38;2;39;63;43m⣿[39m               [38;2;46;61;43m▒[38;2;61;80;57m▓[38;2;76;100;71m▓[38;2;91;119;85m█[38;2;106;139;99m█[39m[48;2;28;28;30m                  
                  [38;2;106;139;99m[48;2;44;44;46m█[38;2;91;119;85m█[38;2;76;100;71m▓[38;2;61;80;57m▓[38;2;46;61;43m▒[38;2;47;88;49m⣼[38;2;76;131;51m⣿[38;2;126;169;48m⣿[38;2;172;194;69m⣿[38;2;166;191;65m⣿[38;2;118;164;49m⣿[38;2;70;126;51m⣿[38;2;44;78;47m⣇[39m                                                                                                                                        [38;2;46;61;43m▒[38;2;61;80;57m▓[38;2;76;100;71m▓[38;2;91;119;85m█[38;2;106;139;99m█[39m[48;2;28;28;30m                  
                  [38;2;106;139;99m[48;2;44;44;46m█[38;2;91;119;85m█[38;2;76;100;71m▓[38;2;61;80;57m▓[38;2;46;61;43m▒[39m [38;2;65;120;51m⣿[38;2;120;165;49m⣿[38;2;192;204;84m⣿[38;2;214;215;101m⣿[38;2;165;190;64m⣿[38;2;99;150;51m⣿[38;2;49;92;49m⣿[39m                                                                                                                                        [38;2;46;61;43m▒[38;2;61;80;57m▓[38;2;76;100;71m▓[38;2;91;119;85m█[38;2;106;139;99m█[39m[48;2;28;28;30m                  
                  [38;2;106;139;99m[48;2;44;44;46m█[38;2;91;119;85m█[38;2;76;100;71m▓[38;2;61;80;57m▓[38;2;46;61;43m▒[39m [38;2;50;97;50m⢸[38;2;83;137;51m⣿[38;2;127;170;47m⣿[38;2;163;189;63m⣿[38;2;138;177;46m⣿[38;2;101;151;51m⣿[38;2;53;102;51m⣿[38;2;41;72;45m⡇[39m                                                                                                                                       [38;2;46;61;43m▒[38;2;61;80;57m▓[38;2;76;100;71m▓[38;2;91;119;85m█[38;2;106;139;99m█[39m[48;2;28;28;30m                  
                  [38;2;106;139;99m[48;2;44;44;46m█[38;2;91;119;85m█[38;2;76;100;71m▓[38;2;61;80;57m▓[38;2;46;61;43m▒[39m  [38;2;50;94;50m⢻[38;2;70;126;51m⣿[38;2;99;150;51m⣿[38;2;104;153;51m⣿[38;2;83;137;51m⣿[38;2;55;107;51m⣿[38;2;44;80;47m⣿[39m                                                                                                                                       [38;2;46;61;43m▒[38;2;61;80;57m▓[38;2;76;100;71m▓[38;2;91;119;85m█[38;2;106;139;99m█[39m[48;2;28;28;30m                  
                  [38;2;106;139;99m[48;2;44;44;46m█[38;2;91;119;85m█[38;2;76;100;71m▓[38;2;61;80;57m▓[38;2;46;61;43m▒[39m   [38;2;43;77;47m⠹[38;2;49;92;49m⣿[38;2;56;108;51m⣿[38;2;59;114;51m⣿[38;2;56;109;51m⣿[38;2;48;91;49m⣿[38;2;42;74;46m⡆[39m                                                                                                                                      [38;2;46;61;43m▒[38;2;61;80;57m▓[38;2;76;100;71m▓[38;2;91;119;85m█[38;2;106;139;99m█[39m[48;2;28;28;30m                  
                  [38;2;106;139;99m[48;2;44;44;46m█[38;2;91;119;85m█[38;2;76;100;71m▓[38;2;61;80;57m▓[38;2;46;61;43m▒[39m     [38;2;46;84;48m⢿[38;2;51;99;50m⣿[38;2;57;110;51m⣿[38;2;58;112;51m⣿[38;2;54;104;51m⣿[38;2;47;88;49m⣆[39m                                                                                                                                     [38;2;46;61;43m▒[38;2;61;80;57m▓[38;2;76;100;71m▓[38;2;91;119;85m█[38;2;106;139;99m█[39m[48;2;28;28;30m                  
                  [38;2;106;139;99m[48;2;44;44;46m█[38;2;91;119;85m█[38;2;76;100;71m▓[38;2;61;80;57m▓[38;2;46;61;43m▒[39m      [38;2;46;84;48m⢻[38;2;57;111;51m⣿[38;2;87;140;51m⣿[38;2;105;154;50m⣿[38;2;96;148;51m⣿[38;2;64;120;51m⣷[38;2;47;86;49m⡆[39m                                                                                                                                   [38;2;46;61;43m▒[38;2;61;80;57m▓[38;2;76;100;71m▓[38;2;91;119;85m█[38;2;106;139;99m█[39m[48;2;28;28;30m                  
                  [38;2;106;139;99m[48;2;44;44;46m█[38;2;91;119;85m█[38;2;76;100;71m▓[38;2;61;80;57m▓[38;2;46;61;43m▒[39m      [38;2;42;73;46m⠸[38;2;53;103;51m⣿[38;2;100;151;51m⣿[38;2;137;177;46m⣿[38;2;156;186;58m⣿[38;2;121;166;48m⣿[38;2;77;133;51m⣿[38;2;50;96;50m⣷[39m                                                                                                                                  [38;2;46;61;43m▒[38;2;61;80;57m▓[38;2;76;100;71m▓[38;2;91;119;85m█[38;2;106;139;99m█[39m[48;2;28;28;30m                  
                  [38;2;106;139;99m[48;2;44;44;46m█[38;2;91;119;85m█[38;2;76;100;71m▓[38;2;61;80;57m▓[38;2;46;61;43m▒[39m       [38;2;48;89;49m⢸[38;2;87;140;51m⣿[38;2;138;177;46m⣿[38;2;194;204;85m⣿[38;2;183;199;77m⣿[38;2;125;169;48m⣿[38;2;76;131;51m⣿[38;2;48;90;49m⣷[39m                                                                                                                                 [38;2;46;61;43m▒[38;2;61;80;57m▓[38;2;76;100;71m▓[38;2;91;119;85m█[38;2;106;139;99m█[39m[48;2;28;28;30m                  
                  [38;2;106;139;99m[48;2;44;44;46m█[38;2;91;119;85m█[38;2;76;100;71m▓[38;2;61;80;57m▓[38;2;46;61;43m▒[39m        [38;2;55;107;51m⢿[38;2;95;147;51m⣿[38;2;136;176;46m⣿[38;2;164;190;63m⣿[38;2;140;178;46m⣿[38;2;107;156;50m⣿[38;2;65;120;51m⣿[38;2;48;91;49m⣷[39m                                                                                                                                [38;2;46;61;43m▒[38;2;61;80;57m▓[38;2;76;100;71m▓[38;2;91;119;85m█[38;2;106;139;99m█[39m[48;2;28;28;30m                  
                  [38;2;106;139;99m[48;2;44;44;46m█[38;2;91;119;85m█[38;2;76;100;71m▓[38;2;61;80;57m▓[38;2;46;61;43m▒[39m        [38;2;42;74;46m⠈[38;2;54;104;51m⢿[38;2;79;134;51m⣿[38;2;108;156;50m⣿[38;2;114;161;50m⣿[38;2;105;154;50m⣿[38;2;80;134;51m⣿[38;2;57;111;51m⣿[38;2;47;87;49m⣷[38;2;41;71;45m⡄[39m                                                                                                                              [38;2;46;61;43m▒[38;2;61;80;57m▓[38;2;76;100;71m▓[38;2;91;119;85m█[38;2;106;139;99m█[39m[48;2;28;28;30m                  
                  [38;2;106;139;99m[48;2;44;44;46m█[38;2;91;119;85m█[38;2;76;100;71m▓[38;2;61;80;57m▓[38;2;46;61;43m▒[39m          [38;2;45;81;47m⠻[38;2;52;100;51m⢿[38;2;64;119;51m⣿[38;2;74;130;51m⣿[38;2;72;128;51m⣿[38;2;62;118;51m⣿[38;2;54;105;51m⣿[38;2;49;93;50m⣿[38;2;45;82;48m⣦[38;2;41;72;45m⡄[39m                                                                                                                            [38;2;46;61;43m▒[38;2;61;80;57m▓[38;2;76;100;71m▓[38;2;91;119;85m█[38;2;106;139;99m█[39m[48;2;28;28;30m                  
                  [38;2;106;139;99m[48;2;44;44;46m█[38;2;91;119;85m█[38;2;76;100;71m▓[38;2;61;80;57m▓[38;2;46;61;43m▒[39m            [38;2;44;78;47m⠹[38;2;49;92;49m⢿[38;2;53;102;51m⣿[38;2;55;106;51m⣿⣿[38;2;53;103;51m⣿[38;2;51;99;50m⣿[38;2;49;91;49m⣿[38;2;45;83;48m⣷[38;2;43;75;46m⣄[39m                                                                                                                          [38;2;46;61;43m▒[38;2;61;80;57m▓[38;2;76;100;71m▓[38;2;91;119;85m█[38;2;106;139;99m█[39m[48;2;28;28;30m                  
                  [38;2;106;139;99m[48;2;44;44;46m█[38;2;91;119;85m█[38;2;76;100;71m▓[38;2;61;80;57m▓[38;2;46;61;43m▒[39m              [38;2;42;73;46m⠘[38;2;46;83;48m⢿[38;2;49;93;50m⣿[38;2;51;98;50m⣿⣿[38;2;50;95;50m⣿[38;2;49;92;49m⣿[38;2;48;91;49m⣿[38;2;48;89;49m⣿[38;2;46;85;48m⣷[38;2;44;80;47m⣦[38;2;43;77;47m⣄[39m                                                     [38;2;46;85;48m⣀[38;2;48;89;49m⣀[38;2;48;91;49m⣀[38;2;48;89;49m⣀[39m                                                             [38;2;46;61;43m▒[38;2;61;80;57m▓[38;2;76;100;71m▓[38;2;91;119;85m█[38;2;106;139;99m█[39m[48;2;28;28;30m                  
                  [38;2;106;139;99m[48;2;44;44;46m█[38;2;91;119;85m█[38;2;76;100;71m▓[38;2;61;80;57m▓[38;2;46;61;43m▒[39m                 [38;2;44;78;47m⠘[38;2;46;85;48m⠿[38;2;47;88;49m⣿[38;2;48;90;49m⣿[38;2;49;91;49m⣿[38;2;48;91;49m⣿[38;2;48;89;49m⣿[38;2;48;88;49m⣿[38;2;49;92;49m⣿[38;2;50;95;50m⣿[38;2;49;94;50m⣿[38;2;48;89;49m⣷[38;2;45;82;48m⣶[38;2;43;76;46m⣤[38;2;41;72;45m⣀[39m                                           [38;2;41;70;45m⢰[38;2;46;85;48m⣿[38;2;52;101;51m⣿[38;2;61;116;51m⣿[38;2;75;130;51m⣿[38;2;92;145;51m⣿[38;2;104;153;51m⣿[38;2;104;154;50m⣿[38;2;97;148;51m⣿[38;2;86;139;51m⣿[38;2;81;135;51m⣿[38;2;85;139;51m⣿[38;2;94;146;51m⣿[38;2;102;152;51m⣿[38;2;104;153;51m⣿[38;2;103;153;51m⣿[38;2;102;152;51m⣿[38;2;99;149;51m⣿[38;2;93;145;51m⣿[38;2;84;138;51m⣿[38;2;73;129;51m⣿[38;2;63;118;51m⣷[38;2;56;108;51m⣶[38;2;52;100;51m⣶[38;2;49;93;50m⣶[38;2;47;88;49m⣶[38;2;46;83;48m⣦[38;2;44;78;47m⣄[39m                                         [38;2;46;61;43m▒[38;2;61;80;57m▓[38;2;76;100;71m▓[38;2;91;119;85m█[38;2;106;139;99m█[39m[48;2;28;28;30m                  
                  [38;2;106;139;99m[48;2;44;44;46m█[38;2;91;119;85m█[38;2;76;100;71m▓[38;2;61;80;57m▓[38;2;46;61;43m▒[39m                    [38;2;42;74;46m⠘[38;2;45;81;47m⠻[38;2;46;85;48m⠿[38;2;47;86;49m⣿[38;2;47;88;49m⣿[38;2;49;93;50m⣿[38;2;51;97;50m⣿[38;2;51;98;50m⣿[38;2;50;95;50m⣿[38;2;48;90;49m⣿[38;2;47;87;49m⣿[38;2;46;85;48m⣿[38;2;46;84;48m⣿[38;2;44;79;47m⣷[38;2;41;72;45m⣦[39m                                        [38;2;41;71;45m⢸[38;2;47;87;49m⣿[38;2;54;105;51m⣿[38;2;67;122;51m⣿[38;2;86;139;51m⣿[38;2;106;155;50m⣿[38;2;121;166;48m⣿[38;2;125;169;48m⣿[38;2;120;165;49m⣿[38;2;112;160;50m⣿[38;2;111;159;50m⣿[38;2;123;167;48m⣿[38;2;140;178;46m⣿[38;2;165;190;64m⣿[38;2;174;194;70m⣿[38;2;173;194;69m⣿[38;2;171;193;69m⣿[38;2;167;191;65m⣿[38;2;160;188;60m⣿[38;2;148;182;52m⣿[38;2;136;176;46m⣿[38;2;128;171;47m⣿[38;2;121;166;48m⣿[38;2;115;162;49m⣿[38;2;111;159;50m⣿[38;2;109;157;50m⣿[38;2;106;155;50m⣿[38;2;101;151;51m⣿[38;2;87;141;51m⣿[38;2;67;123;51m⣷[38;2;54;104;51m⣶[38;2;49;91;49m⣶[38;2;46;84;48m⣤[38;2;44;80;47m⣄[39m                                   [38;2;46;61;43m▒[38;2;61;80;57m▓[38;2;76;100;71m▓[38;2;91;119;85m█[38;2;106;139;99m█[39m[48;2;28;28;30m                  
                  [38;2;106;139;99m[48;2;44;44;46m█[38;2;91;119;85m█[38;2;76;100;71m▓[38;2;61;80;57m▓[38;2;46;61;43m▒[39m                        [38;2;42;73;46m⠘[38;2;45;80;47m⠻[38;2;47;87;49m⠿[38;2;48;91;49m⣿[38;2;48;90;49m⣿[38;2;47;88;49m⣿[38;2;47;87;49m⣿⣿[38;2;48;89;49m⣿[38;2;47;86;49m⣿[38;2;45;80;47m⣿[38;2;41;71;45m⣿[39m                                       [38;2;40;68;44m⠈[38;2;45;81;48m⠻[38;2;50;96;50m⣿[38;2;58;112;51m⣿[38;2;73;129;51m⣿[38;2;94;146;51m⣿[38;2;109;158;50m⣿[38;2;114;161;50m⣿[38;2;112;159;50m⣿[38;2;106;155;50m⣿[38;2;107;156;50m⣿[38;2;120;165;49m⣿[38;2;138;177;46m⣿[38;2;166;191;65m⣿[38;2;179;197;74m⣿[38;2;183;199;77m⣿[38;2;188;201;80m⣿[38;2;189;202;81m⣿⣿[38;2;184;199;77m⣿[38;2;177;196;73m⣿[38;2;168;192;66m⣿[38;2;159;188;60m⣿[38;2;155;186;57m⣿[38;2;158;187;59m⣿[38;2;166;191;65m⣿[38;2;172;194;69m⣿[38;2;170;193;67m⣿[38;2;144;180;49m⣿[38;2;119;165;49m⣿[38;2;92;145;51m⣿[38;2;72;128;51m⣿[38;2;65;121;51m⣿[38;2;62;117;51m⣿[38;2;56;109;51m⣿[38;2;50;94;50m⣿[38;2;43;75;46m⣆[39m                                [38;2;46;61;43m▒[38;2;61;80;57m▓[38;2;76;100;71m▓[38;2;91;119;85m█[38;2;106;139;99m█[39m[48;2;28;28;30m                  
                  [38;2;106;139;99m[48;2;44;44;46m█[38;2;91;119;85m█[38;2;76;100;71m▓[38;2;61;80;57m▓[38;2;46;61;43m▒[39m                              [38;2;43;76;46m⠙[38;2;44;79;47m⠿[38;2;46;84;48m⢿[38;2;46;85;48m⣿[38;2;45;82;48m⣿[38;2;42;74;46m⣿[39m                                          [38;2;42;74;46m⠈[38;2;45;82;48m⠙[38;2;49;91;49m⠿[38;2;52;100;51m⠿[38;2;55;106;51m⠿[38;2;56;109;51m⢿[38;2;57;111;51m⣿[38;2;61;116;51m⣿[38;2;71;127;51m⣿[38;2;88;141;51m⣿[38;2;101;151;51m⣿[38;2;108;157;50m⣿[38;2;111;159;50m⣿[38;2;114;161;50m⣿[38;2;118;164;49m⣿[38;2;122;166;48m⣿[38;2;125;169;48m⣿[38;2;128;171;47m⣿[38;2;130;172;47m⣿[38;2;132;173;47m⣿[38;2;135;175;46m⣿[38;2;143;179;48m⣿[38;2;157;186;58m⣿[38;2;168;192;66m⣿[38;2;169;192;67m⣿[38;2;146;181;51m⣿[38;2;122;166;48m⣿[38;2;96;147;51m⣿[38;2;77;132;51m⣿[38;2;69;125;51m⣿[38;2;66;122;51m⣿[38;2;59;114;51m⣿[38;2;51;99;50m⣿[38;2;44;78;47m⣿[39m                                [38;2;46;61;43m▒[38;2;61;80;57m▓[38;2;76;100;71m▓[38;2;91;119;85m█[38;2;106;139;99m█[39m[48;2;28;28;30m                  
                  [38;2;106;139;99m[48;2;44;44;46m█[38;2;91;119;85m█[38;2;76;100;71m▓[38;2;61;80;57m▓[38;2;46;61;43m▒[39m                                 [38;2;42;74;46m⢻[38;2;43;75;46m⣿[38;2;41;71;45m⣿[39m                                                   [38;2;43;76;46m⠙[38;2;45;81;48m⠛[38;2;47;87;49m⠛[38;2;49;92;49m⠻[38;2;51;98;50m⠿[38;2;54;104;51m⠿[38;2;56;109;51m⠿[38;2;59;114;51m⣿[38;2;63;118;51m⣿[38;2;66;121;51m⣿[38;2;68;124;51m⣿[38;2;71;127;51m⣿[38;2;80;135;51m⣿[38;2;92;144;51m⣿[38;2;100;150;51m⣿[38;2;103;153;51m⣿[38;2;98;149;51m⣿[38;2;87;140;51m⣿[38;2;71;127;51m⣿[38;2;63;118;51m⣿[38;2;59;114;51m⣿[38;2;58;112;51m⣿[38;2;55;107;51m⣿[38;2;49;93;50m⣿[38;2;43;76;46m⠟[39m                                [38;2;46;61;43m▒[38;2;61;80;57m▓[38;2;76;100;71m▓[38;2;91;119;85m█[38;2;106;139;99m█[39m[48;2;28;28;30m                  
                  [38;2;106;139;99m[48;2;44;44;46m█[38;2;91;119;85m█[38;2;76;100;71m▓[38;2;61;80;57m▓[38;2;46;61;43m▒[39m                                  [38;2;39;65;43m⠘[38;2;39;64;43m⠃[39m                                                                [38;2;42;74;46m⠈[38;2;43;76;46m⠉[38;2;43;77;46m⠉[39m                                         [38;2;46;61;43m▒[38;2;61;80;57m▓[38;2;76;100;71m▓[38;2;91;119;85m█[38;2;106;139;99m█[39m[48;2;28;28;30m                  
                  [38;2;106;139;99m[48;2;44;44;46m█[38;2;91;119;85m█[38;2;76;100;71m▓[38;2;61;80;57m▓[38;2;46;61;43m▒[39m                                                                                                                                                [38;2;46;61;43m▒[38;2;61;80;57m▓[38;2;76;100;71m▓[38;2;91;119;85m█[38;2;106;139;99m█[39m[48;2;28;28;30m                  
                  [38;2;106;139;99m[48;2;44;44;46m█[38;2;91;119;85m█[38;2;76;100;71m▓[38;2;61;80;57m▓[38;2;46;61;43m▒[39m                                                                                                                                                [38;2;46;61;43m▒[38;2;61;80;57m▓[38;2;76;100;71m▓[38;2;91;119;85m█[38;2;106;139;99m█[39m[48;2;28;28;30m                  
                  [38;2;106;139;99m[48;2;44;44;46m█[38;2;91;119;85m█[38;2;76;100;71m▓[38;2;61;80;57m▓[38;2;46;61;43m▒[39m                                                                                                                                                [38;2;46;61;43m▒[38;2;61;80;57m▓[38;2;76;100;71m▓[38;2;91;119;85m█[38;2;106;139;99m█[39m[48;2;28;28;30m                  
                  [38;2;106;139;99m[48;2;44;44;46m█[38;2;91;119;85m█[38;2;76;100;71m▓[38;2;61;80;57m▓[38;2;46;61;43m▒[39m                                                                                                                                                [38;2;46;61;43m▒[38;2;61;80;57m▓[38;2;76;100;71m▓[38;2;91;119;85m█[38;2;106;139;99m█[39m[48;2;28;28;30m                  
                  [38;2;106;139;99m[48;2;44;44;46m█[38;2;91;119;85m█[38;2;76;100;71m▓[38;2;61;80;57m▓[38;2;46;61;43m▒[39m                                                                                                                                                [38;2;46;61;43m▒[38;2;61;80;57m▓[38;2;76;100;71m▓[38;2;91;119;85m█[38;2;106;139;99m█[39m[48;2;28;28;30m                  
                  [38;2;106;139;99m[48;2;44;44;46m█[38;2;91;119;85m█[38;2;76;100;71m▓[38;2;61;80;57m▓[38;2;46;61;43m▒[39m                                                                                                                                                [38;2;46;61;43m▒[38;2;61;80;57m▓[38;2;76;100;71m▓[38;2;91;119;85m█[38;2;106;139;99m█[39m[48;2;28;28;30m                  
                  [38;2;106;139;99m[48;2;44;44;46m█[38;2;91;119;85m█[38;2;76;100;71m▓[38;2;61;80;57m▓[38;2;46;61;43m▒[39m                                                                                                                                                [38;2;46;61;43m▒[38;2;61;80;57m▓[38;2;76;100;71m▓[38;2;91;119;85m█[38;2;106;139;99m█[39m[48;2;28;28;30m                  
                  [38;2;106;139;99m[48;2;44;44;46m█[38;2;91;119;85m█[38;2;76;100;71m▓[38;2;61;80;57m▓[38;2;46;61;43m▒[39m                                                                                                                                                [38;2;46;61;43m▒[38;2;61;80;57m▓[38;2;76;100;71m▓[38;2;91;119;85m█[38;2;106;139;99m█[39m[48;2;28;28;30m                  
                  [38;2;106;139;99m[48;2;44;44;46m█[38;2;91;119;85m█[38;2;76;100;71m▓[38;2;61;80;57m▓[38;2;46;61;43m▒[39m                                                                                                                                                [38;2;46;61;43m▒[38;2;61;80;57m▓[38;2;76;100;71m▓[38;2;91;119;85m█[38;2;106;139;99m█[39m[48;2;28;28;30m                  
                  [38;2;106;139;99m[48;2;44;44;46m█[38;2;91;119;85m█[38;2;76;100;71m▓[38;2;61;80;57m▓[38;2;46;61;43m▒[39m                                                                                                                                                [38;2;46;61;43m▒[38;2;61;80;57m▓[38;2;76;100;71m▓[38;2;91;119;85m█[38;2;106;139;99m█[39m[48;2;28;28;30m                  
                  [38;2;106;139;99m[48;2;44;44;46m█[38;2;91;119;85m█[38;2;76;100;71m▓[38;2;61;80;57m▓[38;2;46;61;43m▒[39m                                                                                                                                                [38;2;46;61;43m▒[38;2;61;80;57m▓[38;2;76;100;71m▓[38;2;91;119;85m█[38;2;106;139;99m█[39m[48;2;28;28;30m                  
                  [38;2;106;139;99m[48;2;44;44;46m█[38;2;91;119;85m█[38;2;76;100;71m▓[38;2;61;80;57m▓[38;2;46;61;43m▒[39m                                                                                                                                                [38;2;46;61;43m▒[38;2;61;80;57m▓[38;2;76;100;71m▓[38;2;91;119;85m█[38;2;106;139;99m█[39m[48;2;28;28;30m                  
                  [38;2;106;139;99m[48;2;44;44;46m█[38;2;91;119;85m█[38;2;76;100;71m▓[38;2;61;80;57m▓[38;2;46;61;43m▒[39m                                                                                                                                                [38;2;46;61;43m▒[38;2;61;80;57m▓[38;2;76;100;71m▓[38;2;91;119;85m█[38;2;106;139;99m█[39m[48;2;28;28;30m                  
                  [38;2;106;139;99m[48;2;44;44;46m█[38;2;91;119;85m█[38;2;76;100;71m▓[38;2;61;80;57m▓[38;2;46;61;43m▒[39m                                                                                                                                                [38;2;46;61;43m▒[38;2;61;80;57m▓[38;2;76;100;71m▓[38;2;91;119;85m█[38;2;106;139;99m█[39m[48;2;28;28;30m                  
                  [38;2;106;139;99m[48;2;44;44;46m█[38;2;91;119;85m█[38;2;76;100;71m▓[38;2;61;80;57m▓[38;2;46;61;43m▒[39m                                                                                                                                                [38;2;46;61;43m▒[38;2;61;80;57m▓[38;2;76;100;71m▓[38;2;91;119;85m█[38;2;106;139;99m█[39m[48;2;28;28;30m                  
                  [38;2;106;139;99m[48;2;44;44;46m█[38;2;91;119;85m█[38;2;76;100;71m▓[38;2;61;80;57m▓[38;2;46;61;43m▒[39m                                                                                                                                                [38;2;46;61;43m▒[38;2;61;80;57m▓[38;2;76;100;71m▓[38;2;91;119;85m█[38;2;106;139;99m█[39m[48;2;28;28;30m                  
                  [38;2;106;139;99m[48;2;44;44;46m█[38;2;91;119;85m█[38;2;76;100;71m▓[38;2;61;80;57m▓[38;2;46;61;43m▒[39m                                                                                                                                                [38;2;46;61;43m▒[38;2;61;80;57m▓[38;2;76;100;71m▓[38;2;91;119;85m█[38;2;106;139;99m█[39m[48;2;28;28;30m                  
                  [38;2;106;139;99m[48;2;44;44;46m█[38;2;91;119;85m█[38;2;76;100;71m▓[38;2;61;80;57m▓[38;2;46;61;43m▒[39m             [38;2;39;65;43m⣴⣦[39m                                                                                                                                 [38;2;46;61;43m▒[38;2;61;80;57m▓[38;2;76;100;71m▓[38;2;91;119;85m█[38;2;106;139;99m█[39m[48;2;28;28;30m                  
                  [38;2;106;139;99m[48;2;44;44;46m█[38;2;91;119;85m█[38;2;76;100;71m▓[38;2;61;80;57m▓[38;2;46;61;43m▒[39m             [38;2;39;65;43m⢿⣿[39m                                                                                                                                 [38;2;46;61;43m▒[38;2;61;80;57m▓[38;2;76;100;71m▓[38;2;91;119;85m█[38;2;106;139;99m█[39m[48;2;28;28;30m                  
                  [38;2;106;139;99m[48;2;44;44;46m█[38;2;91;119;85m█[38;2;76;100;71m▓[38;2;61;80;57m▓[38;2;46;61;43m▒[39m                                                                                                                                                [38;2;46;61;43m▒[38;2;61;80;57m▓[38;2;76;100;71m▓[38;2;91;119;85m█[38;2;106;139;99m█[39m[48;2;28;28;30m                  
                  [38;2;106;139;99m[48;2;44;44;46m█[38;2;91;119;85m█[38;2;76;100;71m▓[38;2;61;80;57m▓[38;2;46;61;43m▒[39m                                                                                                                                                [38;2;46;61;43m▒[38;2;61;80;57m▓[38;2;76;100;71m▓[38;2;91;119;85m█[38;2;106;139;99m█[39m[48;2;28;28;30m                  
                  [38;2;106;139;99m[48;2;44;44;46m█[38;2;91;119;85m█[38;2;76;100;71m▓[38;2;61;80;57m▓[38;2;46;61;43m▒[39m                                                                                                                                                [38;2;46;61;43m▒[38;2;61;80;57m▓[38;2;76;100;71m▓[38;2;91;119;85m█[38;2;106;139;99m█[39m[48;2;28;28;30m                  
                  [38;2;106;139;99m[48;2;44;44;46m█[38;2;91;119;85m█[38;2;76;100;71m▓[38;2;61;80;57m▓[38;2;46;61;43m▒[39m                                                                                                                                                [38;2;46;61;43m▒[38;2;61;80;57m▓[38;2;76;100;71m▓[38;2;91;119;85m█[38;2;106;139;99m█[39m[48;2;28;28;30m                  
                  [38;2;106;139;99m[48;2;44;44;46m█[38;2;91;119;85m█[38;2;76;100;71m▓[38;2;61;80;57m▓[38;2;46;61;43m▒[39m                                                                                                                                                [38;2;46;61;43m▒[38;2;61;80;57m▓[38;2;76;100;71m▓[38;2;91;119;85m█[38;2;106;139;99m█[39m[48;2;28;28;30m                  
                  [38;2;106;139;99m[48;2;44;44;46m█[38;2;91;119;85m█[38;2;76;100;71m▓[38;2;68;90;64m▓▓▓▓▓▓▓▓▓▓▓▓▓▓▓▓▓▓▓▓▓▓▓▓▓▓▓▓▓▓▓▓▓▓▓▓▓▓▓▓▓▓▓▓▓▓▓▓▓▓▓▓▓▓▓▓▓▓▓▓▓▓▓▓▓▓▓▓▓▓▓▓▓▓▓▓▓▓▓▓▓▓▓▓▓▓▓▓▓▓▓▓▓▓▓▓▓▓▓▓▓▓▓▓▓▓▓▓▓▓▓▓▓▓▓▓▓▓▓▓▓▓▓▓▓▓▓▓▓▓▓▓▓▓▓▓▓▓▓▓▓▓▓▓▓▓▓▓[38;2;76;100;71m▓[38;2;91;119;85m█[38;2;106;139;99m█[39m[48;2;28;28;30m                  
                  [38;2;106;139;99m[48;2;44;44;46m██████████████████████████████████████████████████████████████████████████████████████████████████████████████████████████████████████████████████████████[39m[48;2;28;28;30m                  
                                                                                                                                                                                              
                                                                                                                                                                                              
