[48;2;144;22;116m                                                                                                                                                                                              
                                                                                                                                                                                              
                  [38;2;221;202;187m[48;2;45;30;20m██████████████████████████████████████████████████████████████████████████████████████████████████████████████████████████████████████████████████████████[39m[48;2;144;22;116m                  
                  [38;2;221;202;187m[48;2;45;30;20m█[38;2;190;173;160m█[38;2;159;145;134m▓[38;2;143;131;121m▓▓▓▓▓▓▓▓▓▓▓▓▓▓▓▓▓▓▓▓▓▓▓▓▓▓▓▓▓▓▓▓▓▓▓▓▓▓▓▓▓▓▓▓▓▓▓▓▓▓▓▓▓▓▓▓▓▓▓▓▓▓▓▓▓▓▓▓▓▓▓▓▓▓▓▓▓▓▓▓▓▓▓▓▓▓▓▓▓▓▓▓▓▓▓▓▓▓▓▓▓▓▓▓▓▓▓▓▓▓▓▓▓▓▓▓▓▓▓▓▓▓▓▓▓▓▓▓▓▓▓▓▓▓▓▓▓▓▓▓▓▓▓▓▓▓▓▓[38;2;159;145;134m▓[38;2;190;173;160m█[38;2;221;202;187m█[39m[48;2;144;22;116m                  
                  [38;2;221;202;187m[48;2;45;30;20m█[38;2;190;173;160m█[38;2;159;145;134m▓[38;2;128;117;108m▓[38;2;97;88;82m▒[38;2;60;38;29m⠏[38;2;61;39;29m⢰[38;2;62;39;29m⣄[39m                                                                                                                                             [38;2;97;88;82m▒[38;2;128;117;108m▓[38;2;159;145;134m▓[38;2;190;173;160m█[38;2;221;202;187m█[39m[48;2;144;22;116m                  
                  [38;2;221;202;187m[48;2;45;30;20m█[38;2;190;173;160m█[38;2;159;145;134m▓[38;2;128;117;108m▓[38;2;97;88;82m▒[38;2;59;38;28m⢀[38;2;62;39;29m⣿[38;2;65;40;30m⣿⣿[39m                                                                                                                                            [38;2;97;88;82m▒[38;2;128;117;108m▓[38;2;159;145;134m▓[38;2;190;173;160m█[38;2;221;202;187m█[39m[48;2;144;22;116m                  
                  [38;2;221;202;187m[48;2;45;30;20m█[38;2;190;173;160m█[38;2;159;145;134m▓[38;2;128;117;108m▓[38;2;97;88;82m▒[39m [38;2;60;38;29m⠹[38;2;68;42;31m⣿[38;2;72;44;33m⣿[38;2;70;43;32m⣿[39m                                                                                                                                           [38;2;97;88;82m▒[38;2;128;117;108m▓[38;2;159;145;134m▓[38;2;190;173;160m█[38;2;221;202;187m█[39m[48;2;144;22;116m                  
                  [38;2;221;202;187m[48;2;45;30;20m█[38;2;190;173;160m█[38;2;159;145;134m▓[38;2;128;117;108m▓[38;2;97;88;82m▒[39m  [38;2;65;41;30m⢸[38;2;74;45;34m⣿[38;2;77;46;34m⣿[38;2;70;43;32m⣷[39m                                                                                                                                          [38;2;97;88;82m▒[38;2;128;117;108m▓[38;2;159;145;134m▓[38;2;190;173;160m█[38;2;221;202;187m█[39m[48;2;144;22;116m                  
                  [38;2;221;202;187m[48;2;45;30;20m█[38;2;190;173;160m█[38;2;159;145;134m▓[38;2;128;117;108m▓[38;2;97;88;82m▒[39m   [38;2;69;42;32m⢹[38;2;76;46;34m⣿[38;2;74;45;34m⣿[38;2;66;41;31m⡇[39m                                                                                                                                         [38;2;97;88;82m▒[38;2;128;117;108m▓[38;2;159;145;134m▓[38;2;190;173;160m█[38;2;221;202;187m█[39m[48;2;144;22;116m                  
                  [38;2;221;202;187m[48;2;45;30;20m█[38;2;190;173;160m█[38;2;159;145;134m▓[38;2;128;117;108m▓[38;2;97;88;82m▒[39m    [38;2;67;42;31m⢹[38;2;70;43;32m⣿[38;2;67;41;31m⣿[39m                                                                                                                                         [38;2;97;88;82m▒[38;2;128;117;108m▓[38;2;159;145;134m▓[38;2;190;173;160m█[38;2;221;202;187m█[39m[48;2;144;22;116m                  
                  [38;2;221;202;187m[48;2;45;30;20m█[38;2;190;173;160m█[38;2;159;145;134m▓[38;2;128;117;108m▓[38;2;97;88;82m▒[39m     [38;2;63;39;30m⠸[38;2;64;40;30m⣿[38;2;61;39;29m⣷[39m                                                                                                                                        [38;2;97;88;82m▒[38;2;128;117;108m▓[38;2;159;145;134m▓[38;2;190;173;160m█[38;2;221;202;187m█[39m[48;2;144;22;116m                  
                  [38;2;221;202;187m[48;2;45;30;20m█[38;2;190;173;160m█[38;2;159;145;134m▓[38;2;128;117;108m▓[38;2;97;88;82m▒[39m      [38;2;59;37;28m⢸[38;2;60;38;29m⣿[39m                                                                                                                                        [38;2;97;88;82m▒[38;2;128;117;108m▓[38;2;159;145;134m▓[38;2;190;173;160m█[38;2;221;202;187m█[39m[48;2;144;22;116m                  
                  [38;2;221;202;187m[48;2;45;30;20m█[38;2;190;173;160m█[38;2;159;145;134m▓[38;2;128;117;108m▓[38;2;97;88;82m▒[39m       [38;2;59;37;28m⠘[39m                                                                                                                                        [38;2;97;88;82m▒[38;2;128;117;108m▓[38;2;159;145;134m▓[38;2;190;173;160m█[38;2;221;202;187m█[39m[48;2;144;22;116m                  
                  [38;2;221;202;187m[48;2;45;30;20m█[38;2;190;173;160m█[38;2;159;145;134m▓[38;2;128;117;108m▓[38;2;97;88;82m▒[39m        [38;2;67;41;31m⣾[38;2;66;41;31m⣆[39m                                                                                                                                      [38;2;97;88;82m▒[38;2;128;117;108m▓[38;2;159;145;134m▓[38;2;190;173;160m█[38;2;221;202;187m█[39m[48;2;144;22;116m                  
                  [38;2;221;202;187m[48;2;45;30;20m█[38;2;190;173;160m█[38;2;159;145;134m▓[38;2;128;117;108m▓[38;2;97;88;82m▒[39m       [38;2;66;41;31m⢸[38;2;80;48;36m⣿[38;2;81;48;36m⣿[38;2;71;43;32m⡇[39m                                                                                                                                     [38;2;97;88;82m▒[38;2;128;117;108m▓[38;2;159;145;134m▓[38;2;190;173;160m█[38;2;221;202;187m█[39m[48;2;144;22;116m                  
                  [38;2;221;202;187m[48;2;45;30;20m█[38;2;190;173;160m█[38;2;159;145;134m▓[38;2;128;117;108m▓[38;2;97;88;82m▒[39m       [38;2;68;42;31m⢸[38;2;85;50;38m⣿[38;2;88;52;38m⣿[38;2;77;46;34m⣿[39m                                                                                                                                     [38;2;97;88;82m▒[38;2;128;117;108m▓[38;2;159;145;134m▓[38;2;190;173;160m█[38;2;221;202;187m█[39m[48;2;144;22;116m                  
                  [38;2;221;202;187m[48;2;45;30;20m█[38;2;190;173;160m█[38;2;159;145;134m▓[38;2;128;117;108m▓[38;2;97;88;82m▒[39m        [38;2;83;49;37m⣿[38;2;85;50;37m⣿[38;2;75;45;34m⡟[39m                                                     [38;2;55;36;27m⢠⣦[39m                                                                              [38;2;97;88;82m▒[38;2;128;117;108m▓[38;2;159;145;134m▓[38;2;190;173;160m█[38;2;221;202;187m█[39m[48;2;144;22;116m                  
                  [38;2;221;202;187m[48;2;45;30;20m█[38;2;190;173;160m█[38;2;159;145;134m▓[38;2;128;117;108m▓[38;2;97;88;82m▒[39m        [38;2;73;44;33m⣿[38;2;75;45;34m⣿[38;2;67;41;31m⡇[39m                                                     [38;2;56;36;27m⢸⡿[39m                                                         [38;2;66;41;31m⣤[38;2;64;40;30m⣴[38;2;59;38;28m⣤[39m                  [38;2;97;88;82m▒[38;2;128;117;108m▓[38;2;159;145;134m▓[38;2;190;173;160m█[38;2;221;202;187m█[39m[48;2;144;22;116m                  
                  [38;2;221;202;187m[48;2;45;30;20m█[38;2;190;173;160m█[38;2;159;145;134m▓[38;2;128;117;108m▓[38;2;97;88;82m▒[39m        [38;2;69;42;32m⣿⣿[38;2;62;39;29m⡇[39m          [38;2;54;35;27m⣀[39m                                                                                                  [38;2;66;41;31m⢠[38;2;75;45;34m⣶[38;2;80;48;36m⣿[38;2;77;46;35m⣿[38;2;69;43;32m⣿[38;2;61;38;29m⣿[39m     [38;2;58;37;28m⢸[38;2;59;38;28m⣷[39m           [38;2;97;88;82m▒[38;2;128;117;108m▓[38;2;159;145;134m▓[38;2;190;173;160m█[38;2;221;202;187m█[39m[48;2;144;22;116m                  
                  [38;2;221;202;187m[48;2;45;30;20m█[38;2;190;173;160m█[38;2;159;145;134m▓[38;2;128;117;108m▓[38;2;97;88;82m▒[39m        [38;2;65;40;30m⣿[38;2;64;40;30m⣿[39m             [38;2;56;36;27m⢻[38;2;57;37;28m⣷⣄[39m   [38;2;67;41;31m⢀[38;2;78;47;35m⣤[38;2;90;53;39m⣶[38;2;96;56;42m⣶[38;2;94;55;41m⣶[38;2;86;51;38m⣦[38;2;76;46;34m⣤[39m    [38;2;75;45;34m⣠[38;2;79;47;35m⣤⣤[38;2;78;47;35m⣤[38;2;79;47;35m⣤[38;2;80;48;36m⣤[38;2;82;49;36m⣤[38;2;81;48;36m⣤[38;2;77;46;35m⣄[38;2;72;44;33m⡀[39m                                               [38;2;65;41;30m⢀[38;2;71;43;32m⣤[38;2;74;45;34m⣤[38;2;76;46;34m⣤[38;2;75;45;34m⣦[38;2;70;43;32m⣄[39m                [38;2;65;41;30m⢰[38;2;74;45;34m⣿[38;2;81;48;36m⣿[38;2;82;49;36m⣿[38;2;77;46;34m⣿[38;2;67;42;31m⡟[39m      [38;2;58;37;28m⠸[38;2;61;38;29m⣿[38;2;60;38;29m⣿[39m          [38;2;97;88;82m▒[38;2;128;117;108m▓[38;2;159;145;134m▓[38;2;190;173;160m█[38;2;221;202;187m█[39m[48;2;144;22;116m                  
                  [38;2;221;202;187m[48;2;45;30;20m█[38;2;190;173;160m█[38;2;159;145;134m▓[38;2;128;117;108m▓[38;2;97;88;82m▒[39m        [38;2;61;39;29m⣿[38;2;60;38;29m⡇[39m              [38;2;57;36;28m⠘[38;2;58;37;28m⢿[38;2;62;39;29m⣿[38;2;68;42;31m⣶[38;2;88;52;39m⣾[38;2;128;73;57m⣿[38;2;164;97;78m⣿[38;2;184;113;91m⣿[38;2;183;112;90m⣿[38;2;170;101;81m⣿[38;2;152;87;71m⣿[38;2;132;76;60m⣿[38;2;111;64;49m⣿[38;2;92;54;40m⣿[38;2;97;57;42m⣾[38;2;116;67;51m⣿[38;2;129;74;58m⣿[38;2;126;73;57m⣿[38;2;113;65;50m⣿[38;2;102;59;45m⣿[38;2;99;58;43m⣿[38;2;102;59;45m⣿[38;2;108;63;48m⣿[38;2;114;66;50m⣿[38;2;118;68;52m⣿[38;2;119;69;53m⣿[38;2;113;66;50m⣿[38;2;98;57;43m⣷[38;2;80;48;36m⣦[39m                       [38;2;76;46;34m⣠[38;2;80;48;36m⣤[38;2;84;50;37m⣶[38;2;87;51;38m⣶[38;2;90;53;39m⣶⣶[38;2;89;52;39m⣶[38;2;93;54;40m⣤[38;2;100;58;44m⣶[38;2;102;59;45m⣶[38;2;94;55;41m⣤[38;2;84;50;37m⣤[38;2;76;46;34m⣤[38;2;69;42;32m⣀[39m     [38;2;58;37;28m⢠[38;2;64;40;30m⣾[38;2;73;44;33m⣿[38;2;81;48;36m⣿[38;2;89;52;39m⣿[38;2;99;58;43m⣿[38;2;112;65;49m⣿[38;2;116;67;51m⣿[38;2;107;62;47m⣿[38;2;87;51;38m⣦[39m    [38;2;71;43;32m⣀[38;2;76;46;34m⣠[38;2;77;46;34m⣤[38;2;73;44;33m⣄[39m     [38;2;60;38;29m⣸[38;2;67;41;31m⣿[38;2;73;44;33m⣿[38;2;76;46;34m⡿[38;2;73;44;33m⠟[39m         [38;2;58;37;28m⠘[38;2;59;38;28m⢿[39m          [38;2;97;88;82m▒[38;2;128;117;108m▓[38;2;159;145;134m▓[38;2;190;173;160m█[38;2;221;202;187m█[39m[48;2;144;22;116m                  
                  [38;2;221;202;187m[48;2;45;30;20m█[38;2;190;173;160m█[38;2;159;145;134m▓[38;2;128;117;108m▓[38;2;97;88;82m▒[39m        [38;2;60;38;29m⣿[39m                 [38;2;68;42;31m⢹[38;2;98;57;43m⣿[38;2;163;96;77m⣿[38;2;203;129;103m⣿[38;2;212;148;118m⣿[38;2;207;137;110m⣿[38;2;192;120;96m⣿[38;2;175;105;85m⣿[38;2;161;94;76m⣿[38;2;157;91;74m⣿[38;2;156;90;73m⣿[38;2;149;85;69m⣿[38;2;144;82;66m⣿⣿⣿[38;2;132;76;60m⣿[38;2;114;66;50m⣿[38;2;101;59;44m⣿[38;2;97;57;42m⣿[38;2;100;58;44m⣿[38;2;107;62;47m⣿[38;2;113;65;50m⣿[38;2;120;69;53m⣿[38;2;126;72;56m⣿[38;2;135;77;61m⣿[38;2;141;80;64m⣿[38;2;134;77;61m⣿[38;2;118;68;52m⣿[38;2;110;64;48m⣶[38;2;113;65;50m⣶[38;2;111;64;49m⣾[38;2;95;55;41m⣿[38;2;77;46;34m⣿[38;2;66;41;31m⣿[38;2;59;38;28m⣦[39m   [38;2;55;36;27m⠸[38;2;57;37;28m⣿[38;2;58;37;28m⣿[38;2;60;38;29m⣿[38;2;61;39;29m⣷[38;2;66;41;31m⣶[38;2;70;43;32m⣦[38;2;75;45;34m⣄[38;2;94;55;41m⣠[38;2;131;75;59m⣴[38;2;146;83;67m⣾[38;2;142;81;65m⣿[38;2;116;67;51m⣿[38;2;101;59;44m⣿[38;2;97;56;42m⣿[38;2;100;58;44m⣿[38;2;110;64;48m⣿[38;2;122;70;54m⣿[38;2;140;80;64m⣿[38;2;173;103;83m⣿[38;2;203;129;103m⣿[38;2;208;139;111m⣿[38;2;196;123;98m⣿[38;2;163;96;77m⣿[38;2;138;79;63m⣿[38;2;127;73;57m⣿[38;2;115;66;51m⣿[38;2;98;57;43m⣷[38;2;81;48;36m⣶[38;2;67;41;31m⣤[38;2;60;38;29m⣶[38;2;59;38;28m⡿[38;2;64;40;30m⠿[38;2;72;44;33m⢿[38;2;80;48;36m⣿[38;2;88;52;38m⣿[38;2;99;57;43m⣿[38;2;113;66;50m⣿[38;2;122;70;54m⣿[38;2;120;69;53m⣿[38;2;109;63;48m⣿[38;2;98;57;43m⣿[38;2;101;59;44m⣷[38;2;121;70;54m⣾[38;2;146;83;67m⣿[38;2;163;96;77m⣿[38;2;166;98;79m⣿[38;2;161;94;76m⣿[38;2;149;85;69m⣿[38;2;135;77;61m⣿[38;2;112;65;50m⣿[38;2;90;53;39m⣶[38;2;72;44;33m⣶[38;2;63;39;30m⣾[38;2;61;38;29m⡟[38;2;62;39;29m⠛[39m                        [38;2;97;88;82m▒[38;2;128;117;108m▓[38;2;159;145;134m▓[38;2;190;173;160m█[38;2;221;202;187m█[39m[48;2;144;22;116m                  
                  [38;2;221;202;187m[48;2;45;30;20m█[38;2;190;173;160m█[38;2;159;145;134m▓[38;2;128;117;108m▓[38;2;97;88;82m▒[39m       [38;2;79;47;35m⢠[38;2;85;50;37m⣶[38;2;79;47;35m⡄[39m                [38;2;74;45;33m⢸[38;2;134;77;61m⣿[38;2;207;137;110m⣿[38;2;222;170;139m⣿[38;2;222;170;138m⣿[38;2;205;131;105m⣿[38;2;175;105;84m⣿[38;2;154;89;72m⣿[38;2;143;81;65m⣿[38;2;149;85;69m⣿[38;2;165;98;79m⣿[38;2;179;108;87m⣿[38;2;182;111;89m⣿[38;2;171;102;82m⣿[38;2;149;85;69m⣿[38;2;120;69;53m⡿[38;2;94;55;41m⠏[39m    [38;2;90;53;39m⠈[38;2;101;58;44m⠻[38;2;113;65;50m⢿[38;2;131;75;59m⣿[38;2;155;90;73m⣿[38;2;167;99;80m⣿[38;2;161;95;76m⣿[38;2;149;85;69m⣿[38;2;139;79;63m⣿[38;2;129;74;58m⣿[38;2;106;61;46m⣿[38;2;81;48;36m⣿[38;2;67;41;31m⣿[38;2;59;38;28m⠃[39m       [38;2;62;39;29m⠻[38;2;68;42;31m⣿[38;2;78;47;35m⣿[38;2;102;59;45m⣿[38;2;156;90;73m⣿[38;2;199;126;101m⣿[38;2;204;130;104m⣿[38;2;177;107;86m⣿[38;2;125;72;56m⣿[38;2;101;58;44m⣿[38;2;95;55;41m⣿[38;2;97;57;42m⣿[38;2;108;63;48m⣿[38;2;124;71;55m⣿[38;2;149;85;69m⣿[38;2;194;121;97m⣿[38;2;218;162;130m⣿[38;2;224;174;143m⣿[38;2;215;155;124m⣿[38;2;187;116;93m⣿[38;2;157;91;74m⣿[38;2;145;82;66m⣿[38;2;140;80;64m⣿[38;2;135;77;61m⣿[38;2;119;69;53m⣿[38;2;92;54;40m⣿[38;2;69;42;32m⡇[39m     [38;2;81;48;36m⠘[38;2;96;56;42m⠻[38;2;110;64;48m⢿[38;2;115;67;51m⣿[38;2;124;71;55m⣿[38;2;147;84;68m⣿[38;2;177;107;86m⣿[38;2;198;125;100m⣿[38;2;205;131;105m⣿[38;2;200;127;102m⣿[38;2;187;115;92m⣿[38;2;173;103;83m⣿[38;2;161;94;76m⣿[38;2;158;92;74m⣿[38;2;152;87;71m⣿[38;2;136;78;62m⣿[38;2;105;61;46m⣿[38;2;76;46;34m⣿[39m               [38;2;57;37;28m⢸⡟[39m         [38;2;97;88;82m▒[38;2;128;117;108m▓[38;2;159;145;134m▓[38;2;190;173;160m█[38;2;221;202;187m█[39m[48;2;144;22;116m                  
                  [38;2;221;202;187m[48;2;45;30;20m█[38;2;190;173;160m█[38;2;159;145;134m▓[38;2;128;117;108m▓[38;2;97;88;82m▒[39m      [38;2;74;45;33m⢰[38;2;119;69;53m⣾[38;2;133;76;60m⣿[38;2;122;70;54m⣿[38;2;77;46;35m⡆[39m               [38;2;79;47;35m⢸[38;2;149;85;69m⣿[38;2;214;153;123m⣿[38;2;222;171;139m⣿[38;2;211;146;117m⣿[38;2;138;79;63m⣿[38;2;81;48;36m⠃[39m  [38;2;100;58;44m⢻[38;2;140;80;64m⣿[38;2;176;106;85m⣿[38;2;191;119;95m⣿[38;2;180;110;88m⣿[38;2;146;83;67m⣿[38;2;96;56;42m⣧[39m        [38;2;90;53;39m⠸[38;2;144;82;66m⣿[38;2;182;112;89m⣿[38;2;188;117;93m⣿[38;2;174;104;84m⣿[38;2;147;84;68m⣿[38;2;128;74;58m⣿[38;2;100;58;44m⣿[38;2;75;45;34m⠟[39m          [38;2;67;41;31m⠸[38;2;82;49;36m⢿[38;2;122;71;55m⣿[38;2;179;109;87m⣿[38;2;210;143;115m⣿[38;2;208;139;111m⣿[38;2;174;105;84m⣿[38;2;109;63;48m⡿[38;2;78;47;35m⠃[39m  [38;2;78;47;35m⠘[38;2;95;55;41m⢻[38;2;128;74;58m⣿[38;2;183;112;90m⣿[38;2;217;158;127m⣿[38;2;225;177;146m⣿[38;2;218;160;129m⣿[38;2;191;119;95m⣿[38;2;154;89;72m⣿[38;2;138;79;63m⣿[38;2;139;79;63m⣿[38;2;149;85;69m⣿[38;2;144;82;66m⣿[38;2;121;70;54m⣿[38;2;82;49;36m⣿[39m        [38;2;88;52;39m⢸[38;2;146;83;67m⣿[38;2;203;129;104m⣿[38;2;218;162;130m⣿[38;2;220;165;133m⣿[38;2;211;146;117m⣿[38;2;199;126;101m⣿[38;2;179;108;87m⣿[38;2;162;95;76m⣿[38;2;151;86;70m⣿[38;2;156;90;73m⣿[38;2;169;101;81m⣿[38;2;170;101;81m⣿[38;2;146;83;67m⣿[38;2;100;58;44m⣿[38;2;66;41;31m⡇[39m              [38;2;57;37;28m⠿[39m          [38;2;97;88;82m▒[38;2;128;117;108m▓[38;2;159;145;134m▓[38;2;190;173;160m█[38;2;221;202;187m█[39m[48;2;144;22;116m                  
                  [38;2;221;202;187m[48;2;45;30;20m█[38;2;190;173;160m█[38;2;159;145;134m▓[38;2;128;117;108m▓[38;2;97;88;82m▒[39m      [38;2;79;47;35m⢸[38;2;132;76;60m⣿[38;2;151;87;70m⣿[38;2;141;80;64m⣿[38;2;91;53;40m⣿[39m               [38;2;79;47;35m⣼[38;2;134;77;61m⣿[38;2;193;121;97m⣿[38;2;200;126;101m⣿[38;2;171;102;82m⣿[38;2;92;54;40m⡇[39m    [38;2;89;52;39m⢹[38;2;136;78;62m⣿[38;2;172;103;83m⣿[38;2;183;112;90m⣿[38;2;169;101;81m⣿[38;2;135;78;62m⣿[38;2;96;56;42m⣧[39m        [38;2;133;76;60m⣿[38;2;181;111;89m⣿[38;2;189;118;94m⣿[38;2;164;97;78m⣿[38;2;112;65;49m⣿[38;2;85;50;37m⡟[39m             [38;2;74;45;33m⢸[38;2;119;69;53m⣿[38;2;170;101;82m⣿[38;2;191;119;95m⣿[38;2;172;103;83m⣿[38;2;120;69;53m⡿[39m      [38;2;76;46;34m⠸[38;2;116;67;51m⢿[38;2;161;94;76m⣿[38;2;187;115;92m⣿[38;2;187;116;93m⣿[38;2;161;94;76m⣿[38;2;122;71;55m⣿[38;2;91;53;40m⡏[38;2;98;57;43m⢹[38;2;135;77;61m⣿[38;2;149;85;69m⣿[38;2;136;78;62m⣿[38;2;91;53;40m⣿[39m       [38;2;75;45;34m⢠[38;2;110;64;48m⣾[38;2;168;100;80m⣿[38;2;210;144;116m⣿[38;2;219;164;133m⣿[38;2;213;151;121m⣿[38;2;183;112;90m⣿[38;2;137;78;62m⣿[38;2;99;57;43m⠟[39m  [38;2;105;61;46m⢹[38;2;160;94;76m⣿[38;2;184;113;91m⣿[38;2;174;105;84m⣿[38;2;126;72;56m⣿[38;2;77;46;35m⣷[39m                         [38;2;97;88;82m▒[38;2;128;117;108m▓[38;2;159;145;134m▓[38;2;190;173;160m█[38;2;221;202;187m█[39m[48;2;144;22;116m                  
                  [38;2;221;202;187m[48;2;45;30;20m█[38;2;190;173;160m█[38;2;159;145;134m▓[38;2;128;117;108m▓[38;2;97;88;82m▒[39m      [38;2;74;45;33m⢸[38;2;117;68;52m⣿[38;2;138;79;63m⣿[38;2;132;76;60m⣿[38;2;96;56;42m⣿[38;2;74;45;33m⣇[39m            [38;2;58;37;28m⢠[38;2;62;39;29m⣾[38;2;72;44;33m⣿[38;2;96;56;42m⣿[38;2;134;77;61m⣿[38;2;142;81;65m⣿[38;2;127;73;57m⣿[38;2;90;53;39m⣿[38;2;73;44;33m⡆[39m    [38;2;91;53;39m⢸[38;2;132;76;60m⣿[38;2;163;96;77m⣿[38;2;177;107;86m⣿[38;2;171;102;82m⣿[38;2;152;87;71m⣿[38;2;123;71;55m⣷[38;2;92;54;40m⣦[39m    [38;2;89;52;39m⣠[38;2;135;77;61m⣾[38;2;186;114;92m⣿[38;2;207;135;108m⣿[38;2;193;121;97m⣿[38;2;146;83;67m⣿[38;2;85;50;38m⣿[39m              [38;2;69;42;32m⢸[38;2;105;61;46m⣿[38;2;132;76;60m⣿⣿[38;2;102;59;44m⣿[39m        [38;2;76;46;34m⢸[38;2;104;60;45m⣿[38;2;137;78;62m⣿[38;2;158;92;74m⣿[38;2;157;92;74m⣿[38;2;139;79;63m⣿[38;2;107;62;47m⣷[38;2;93;54;40m⣶[38;2;118;68;52m⣿[38;2;132;76;60m⣿[38;2;126;72;56m⣿[38;2;88;52;38m⣿[39m      [38;2;88;52;38m⢰[38;2;114;66;51m⣾[38;2;143;81;65m⣿[38;2;176;106;85m⣿[38;2;203;129;104m⣿[38;2;204;130;104m⣿[38;2;174;104;84m⣿[38;2;115;66;51m⡿[39m    [38;2;92;54;40m⢸[38;2;163;96;77m⣿[38;2;193;121;97m⣿[38;2;187;115;92m⣿[38;2;138;79;63m⣿[38;2;87;51;38m⣿[38;2;72;44;33m⣷[38;2;67;42;31m⣦[38;2;70;43;32m⣴[38;2;75;45;34m⣶[38;2;81;48;36m⣶[38;2;88;52;39m⣶[38;2;98;57;43m⣶[38;2;107;62;47m⣶[38;2;113;66;50m⣾[38;2;115;66;51m⣿[38;2;116;67;51m⣿⣿[38;2;112;65;50m⣿[38;2;97;57;42m⣿[38;2;78;47;35m⣦[39m          [38;2;97;88;82m▒[38;2;128;117;108m▓[38;2;159;145;134m▓[38;2;190;173;160m█[38;2;221;202;187m█[39m[48;2;144;22;116m                  
                  [38;2;221;202;187m[48;2;45;30;20m█[38;2;190;173;160m█[38;2;159;145;134m▓[38;2;128;117;108m▓[38;2;97;88;82m▒[39m       [38;2;76;46;34m⠸[38;2;90;53;39m⣿[38;2;93;54;40m⣿[38;2;89;52;39m⣿[38;2;92;54;40m⣿[38;2;108;63;48m⣿[38;2;127;73;57m⣿[38;2;136;78;62m⣿[38;2;120;69;53m⣷[38;2;91;53;40m⣦[39m       [38;2;58;37;28m⢿[38;2;61;38;29m⡿[38;2;63;39;30m⠟[38;2;66;41;31m⠉[38;2;77;46;34m⠹[38;2;87;51;38m⣿[38;2;93;54;40m⣿[38;2;94;55;41m⣿[38;2;97;56;42m⣿[38;2;103;60;45m⣿[38;2;107;62;47m⣷⣶[38;2;104;60;45m⣶[38;2;103;60;45m⣾[38;2;115;67;51m⣿[38;2;139;79;63m⣿[38;2;164;97;78m⣿[38;2;181;110;88m⣿[38;2;187;115;92m⣿[38;2;182;111;89m⣿[38;2;171;102;82m⣿[38;2;164;97;78m⣿[38;2;169;101;81m⣿[38;2;178;108;86m⣿[38;2;187;115;93m⣿[38;2;198;125;100m⣿[38;2;212;147;118m⣿[38;2;218;161;129m⣿[38;2;213;149;120m⣿[38;2;181;111;89m⣿[38;2;121;70;54m⣿[38;2;74;45;34m⡇[39m              [38;2;63;39;30m⠸[38;2;87;51;38m⣿[38;2;109;63;48m⣿[38;2;114;66;50m⣿[38;2;97;56;42m⣿[38;2;79;47;35m⣄⣀[38;2;101;59;44m⣤[38;2;129;74;58m⣶[38;2;138;79;63m⣶[38;2;125;72;56m⣶[38;2;94;55;41m⣤[38;2;73;44;33m⣴[38;2;66;41;31m⣾[38;2;72;44;33m⣿[38;2;93;54;40m⣿[38;2;125;72;56m⣿[38;2;149;85;69m⣿[38;2;161;94;76m⣿[38;2;161;95;76m⣿[38;2;156;91;73m⣿[38;2;152;88;71m⣿[38;2;140;80;64m⣿[38;2;120;69;53m⣿[38;2;90;53;39m⣿[39m   [38;2;82;49;36m⣠[38;2;98;57;43m⣴[38;2;120;69;53m⣾[38;2;137;79;63m⣿[38;2;147;84;68m⣿[38;2;149;85;69m⣿[38;2;147;84;68m⣿[38;2;144;82;66m⣿[38;2;134;77;61m⣿[38;2;115;67;51m⣿[38;2;91;53;40m⣷[38;2;76;46;34m⡄[39m  [38;2;82;49;36m⣠[38;2;121;70;54m⣾[38;2;171;102;82m⣿[38;2;188;116;93m⣿[38;2;171;102;82m⣿[38;2;122;70;54m⣿[38;2;83;49;37m⣿[38;2;73;44;33m⣿[38;2;71;43;32m⣿[38;2;77;46;34m⣿[38;2;85;50;37m⣿[38;2;95;55;41m⣿[38;2;109;63;48m⣿[38;2;127;73;57m⣿[38;2;143;81;65m⣿[38;2;152;87;70m⣿[38;2;151;87;70m⣿[38;2;147;84;68m⣿[38;2;145;83;67m⣿[38;2;143;82;66m⣿[38;2;130;75;59m⣿[38;2;105;61;46m⣿[38;2;77;46;34m⣿[39m         [38;2;97;88;82m▒[38;2;128;117;108m▓[38;2;159;145;134m▓[38;2;190;173;160m█[38;2;221;202;187m█[39m[48;2;144;22;116m                  
                  [38;2;221;202;187m[48;2;45;30;20m█[38;2;190;173;160m█[38;2;159;145;134m▓[38;2;128;117;108m▓[38;2;97;88;82m▒[39m         [38;2;68;42;31m⠻[38;2;77;46;35m⣿[38;2;92;54;40m⣿[38;2;115;67;51m⣿[38;2;138;79;63m⣿[38;2;147;84;68m⣿[38;2;130;75;59m⣿[38;2;97;56;42m⣿[38;2;63;40;30m⡇[39m [38;2;54;35;27m⠘⠋[39m        [38;2;65;41;30m⠘[38;2;76;46;34m⢿[38;2;87;51;38m⣿[38;2;97;57;42m⣿[38;2;109;63;48m⣿[38;2;117;67;52m⣿[38;2;119;68;53m⣿[38;2;116;67;51m⣿[38;2;110;64;48m⣿[38;2;107;62;47m⣿[38;2;110;64;49m⣿[38;2;128;73;57m⣿[38;2;154;89;72m⣿[38;2;176;106;85m⣿[38;2;185;114;92m⣿[38;2;186;115;92m⣿[38;2;190;118;95m⣿[38;2;205;132;106m⣿[38;2;211;146;117m⣿[38;2;213;151;121m⣿⣿[38;2;217;158;127m⣿[38;2;216;156;125m⣿[38;2;203;129;104m⣿[38;2;154;89;72m⣿[38;2;100;58;44m⣿[38;2;77;46;34m⣷[38;2;67;41;31m⣆[39m              [38;2;74;45;33m⢹[38;2;93;54;40m⣿[38;2;107;62;47m⣿[38;2;110;64;48m⣿[38;2;119;68;53m⣿[38;2;153;88;71m⣿[38;2;198;125;100m⣿[38;2;217;158;127m⣿[38;2;216;156;125m⣿[38;2;194;122;98m⣿[38;2;132;75;59m⣿[38;2;81;48;36m⣿[38;2;63;39;30m⡿[38;2;62;39;29m⠛[38;2;67;41;31m⠻[38;2;86;51;38m⢿[38;2;118;68;52m⣿[38;2;148;84;68m⣿[38;2;165;97;78m⣿[38;2;170;101;81m⣿[38;2;165;97;78m⣿[38;2;153;88;71m⣿[38;2;140;80;64m⣿[38;2;130;75;59m⣿[38;2;125;72;56m⣿[38;2;122;70;54m⣿⣿[38;2;126;72;56m⣿[38;2;132;75;59m⣿[38;2;139;80;64m⣿[38;2;144;82;66m⣿[38;2;140;80;64m⣿[38;2;123;71;55m⣿[38;2;100;58;44m⣿[38;2;91;53;40m⣿[38;2;93;54;40m⣿[38;2;95;55;41m⣿[38;2;91;53;40m⣿[38;2;92;54;40m⣿[38;2;98;57;43m⣿[38;2;102;59;44m⣿[38;2;105;61;46m⣿[38;2;128;73;57m⣿[38;2;156;90;73m⣿[38;2;159;93;75m⣿[38;2;134;77;61m⣿[38;2;91;53;40m⡿[38;2;70;43;32m⠟[38;2;67;41;31m⠛[38;2;68;42;31m⠻[38;2;74;45;33m⢿[38;2;82;49;36m⣿[38;2;92;54;40m⣿[38;2;107;62;47m⣿[38;2;125;72;56m⣿[38;2;143;82;66m⣿[38;2;155;89;72m⣿[38;2;156;90;73m⣿[38;2;152;87;70m⣿[38;2;148;84;68m⣿[38;2;149;85;69m⣿[38;2;141;80;64m⣿[38;2;120;69;53m⣿[38;2;88;52;39m⣿[38;2;66;41;31m⣧[39m        [38;2;97;88;82m▒[38;2;128;117;108m▓[38;2;159;145;134m▓[38;2;190;173;160m█[38;2;221;202;187m█[39m[48;2;144;22;116m                  
                  [38;2;221;202;187m[48;2;45;30;20m█[38;2;190;173;160m█[38;2;159;145;134m▓[38;2;128;117;108m▓[38;2;97;88;82m▒[39m           [38;2;82;49;36m⢻[38;2;105;61;46m⣿[38;2;128;74;58m⣿[38;2;138;79;63m⣿[38;2;123;71;55m⣿[38;2;92;54;40m⡟[39m               [38;2;84;50;37m⠻[38;2;98;57;43m⣿[38;2;110;64;48m⣿[38;2;114;66;50m⣿[38;2;112;65;49m⣿[38;2;105;61;46m⣿[38;2;97;57;42m⣿[38;2;92;54;40m⣿⣿[38;2;107;62;47m⣿[38;2;132;75;59m⣿[38;2;154;89;72m⣿[38;2;169;101;81m⣿[38;2;183;112;90m⣿[38;2;203;129;103m⣿[38;2;210;143;115m⣿[38;2;211;146;117m⣿[38;2;208;139;112m⣿[38;2;202;128;103m⣿[38;2;180;110;88m⣿[38;2;142;81;65m⣿[38;2;100;58;43m⣿[38;2;81;48;36m⣿[38;2;75;45;34m⣿[38;2;71;43;32m⣿[38;2;66;41;31m⣿[38;2;61;38;29m⣦[39m             [38;2;76;46;34m⢿[38;2;92;54;40m⣿[38;2;107;62;47m⣿[38;2;128;73;57m⣿[38;2;166;98;79m⣿[38;2;208;138;110m⣿[38;2;222;170;138m⣿[38;2;220;165;133m⣿[38;2;199;126;101m⣿[38;2;133;76;60m⣿[38;2;79;47;35m⡇[39m    [38;2;79;47;35m⠘[38;2;108;63;47m⢻[38;2;138;79;63m⣿[38;2;155;89;72m⣿[38;2;154;89;72m⣿[38;2;144;82;66m⣿[38;2;135;77;61m⣿[38;2;133;76;60m⣿[38;2;131;75;59m⣿[38;2;128;74;58m⣿[38;2;128;73;57m⣿[38;2;129;74;58m⣿[38;2;131;75;59m⣿⣿[38;2;123;71;55m⣿[38;2;105;61;46m⡿[38;2;81;48;36m⠃[39m  [38;2;70;43;32m⠈[38;2;78;47;35m⠻[38;2;84;50;37m⣿[38;2;91;53;40m⣿[38;2;99;58;43m⣿[38;2;103;60;45m⣿⣿[38;2;111;64;49m⣿[38;2;114;66;50m⣿[38;2;104;60;45m⡿[38;2;80;48;36m⠃[39m       [38;2;78;47;35m⠈[38;2;90;53;39m⠙[38;2;105;61;46m⢿[38;2;117;67;52m⣿[38;2;120;69;53m⣿⣿[38;2;121;70;54m⣿[38;2;129;74;58m⣿[38;2;130;75;59m⣿[38;2;116;67;51m⣿[38;2;89;52;39m⣿[38;2;67;41;31m⡿[39m        [38;2;97;88;82m▒[38;2;128;117;108m▓[38;2;159;145;134m▓[38;2;190;173;160m█[38;2;221;202;187m█[39m[48;2;144;22;116m                  
                  [38;2;221;202;187m[48;2;45;30;20m█[38;2;190;173;160m█[38;2;159;145;134m▓[38;2;128;117;108m▓[38;2;97;88;82m▒[39m                                           [38;2;77;46;34m⠙[38;2;89;52;39m⠻[38;2;108;63;48m⠿[38;2;132;76;60m⢿[38;2;144;82;66m⣿[38;2;139;80;64m⣿[38;2;120;69;53m⡿[38;2;97;56;42m⠿[38;2;80;48;36m⠋[39m  [38;2;66;41;31m⠈[38;2;68;42;31m⠻⠿[38;2;66;41;31m⣿[38;2;61;39;29m⣿[38;2;58;37;28m⣧⣠[38;2;61;39;29m⣴[38;2;65;40;30m⣶⣶[38;2;62;39;29m⣦[38;2;57;37;28m⡀[39m       [38;2;69;42;32m⢻[38;2;86;51;38m⣿[38;2;113;65;50m⣿[38;2;154;89;72m⣿[38;2;193;121;97m⣿[38;2;209;141;113m⣿[38;2;203;129;104m⣿[38;2;163;96;77m⣿[38;2;100;58;44m⠇[39m        [38;2;85;50;37m⠻[38;2;98;57;43m⠿[38;2;108;63;47m⠿[38;2;115;66;51m⣿[38;2;119;69;53m⣿[38;2;120;69;53m⣿[38;2;118;68;52m⣿[38;2;114;66;50m⣿[38;2;107;62;47m⡿[38;2;96;56;42m⠿[38;2;82;49;36m⠟[39m        [38;2;75;45;34m⠈[38;2;84;50;37m⠛[38;2;87;51;38m⠿[38;2;81;48;36m⠿[38;2;73;44;33m⠋[39m             [38;2;69;42;32m⠘[38;2;76;46;34m⠻[38;2;82;49;36m⣿[38;2;89;52;39m⣿[38;2;97;56;42m⣿[38;2;99;57;43m⣿[38;2;91;53;40m⣿[38;2;76;46;34m⣿[39m         [38;2;97;88;82m▒[38;2;128;117;108m▓[38;2;159;145;134m▓[38;2;190;173;160m█[38;2;221;202;187m█[39m[48;2;144;22;116m                  
                  [38;2;221;202;187m[48;2;45;30;20m█[38;2;190;173;160m█[38;2;159;145;134m▓[38;2;128;117;108m▓[38;2;97;88;82m▒[39m                                                            [38;2;57;37;28m⠘[38;2;61;39;29m⢻[38;2;65;41;30m⣿[38;2;66;41;31m⣿[38;2;63;39;30m⣿[38;2;58;37;28m⡿[39m         [38;2;71;43;32m⠙[38;2;81;48;36m⠿[38;2;91;53;40m⠿[38;2;92;54;40m⠿[38;2;83;49;37m⠋[39m                                                 [38;2;64;40;30m⠈[38;2;73;44;33m⠻[38;2;80;48;36m⠿[38;2;79;47;35m⠿[38;2;71;43;32m⠟[39m          [38;2;97;88;82m▒[38;2;128;117;108m▓[38;2;159;145;134m▓[38;2;190;173;160m█[38;2;221;202;187m█[39m[48;2;144;22;116m                  
                  [38;2;221;202;187m[48;2;45;30;20m█[38;2;190;173;160m█[38;2;159;145;134m▓[38;2;128;117;108m▓[38;2;97;88;82m▒[39m                                                                                                                                                [38;2;97;88;82m▒[38;2;128;117;108m▓[38;2;159;145;134m▓[38;2;190;173;160m█[38;2;221;202;187m█[39m[48;2;144;22;116m                  
                  [38;2;221;202;187m[48;2;45;30;20m█[38;2;190;173;160m█[38;2;159;145;134m▓[38;2;128;117;108m▓[38;2;97;88;82m▒[39m                                                                                                                                                [38;2;97;88;82m▒[38;2;128;117;108m▓[38;2;159;145;134m▓[38;2;190;173;160m█[38;2;221;202;187m█[39m[48;2;144;22;116m                  
                  [38;2;221;202;187m[48;2;45;30;20m█[38;2;190;173;160m█[38;2;159;145;134m▓[38;2;128;117;108m▓[38;2;97;88;82m▒[39m                                                                                                                                                [38;2;97;88;82m▒[38;2;128;117;108m▓[38;2;159;145;134m▓[38;2;190;173;160m█[38;2;221;202;187m█[39m[48;2;144;22;116m                  
                  [38;2;221;202;187m[48;2;45;30;20m█[38;2;190;173;160m█[38;2;159;145;134m▓[38;2;128;117;108m▓[38;2;97;88;82m▒[39m                                                                                                                                                [38;2;97;88;82m▒[38;2;128;117;108m▓[38;2;159;145;134m▓[38;2;190;173;160m█[38;2;221;202;187m█[39m[48;2;144;22;116m                  
                  [38;2;221;202;187m[48;2;45;30;20m█[38;2;190;173;160m█[38;2;159;145;134m▓[38;2;128;117;108m▓[38;2;97;88;82m▒[39m                                                                                                                                                [38;2;97;88;82m▒[38;2;128;117;108m▓[38;2;159;145;134m▓[38;2;190;173;160m█[38;2;221;202;187m█[39m[48;2;144;22;116m                  
                  [38;2;221;202;187m[48;2;45;30;20m█[38;2;190;173;160m█[38;2;159;145;134m▓[38;2;128;117;108m▓[38;2;97;88;82m▒[39m                                                                                                                 [38;2;56;36;27m⣧[39m                              [38;2;97;88;82m▒[38;2;128;117;108m▓[38;2;159;145;134m▓[38;2;190;173;160m█[38;2;221;202;187m█[39m[48;2;144;22;116m                  
                  [38;2;221;202;187m[48;2;45;30;20m█[38;2;190;173;160m█[38;2;159;145;134m▓[38;2;128;117;108m▓[38;2;97;88;82m▒[39m                                                                                                                 [38;2;57;36;28m⣿[39m                              [38;2;97;88;82m▒[38;2;128;117;108m▓[38;2;159;145;134m▓[38;2;190;173;160m█[38;2;221;202;187m█[39m[48;2;144;22;116m                  
                  [38;2;221;202;187m[48;2;45;30;20m█[38;2;190;173;160m█[38;2;159;145;134m▓[38;2;128;117;108m▓[38;2;97;88;82m▒[39m                                                                                                                 [38;2;56;36;27m⢸[39m                              [38;2;97;88;82m▒[38;2;128;117;108m▓[38;2;159;145;134m▓[38;2;190;173;160m█[38;2;221;202;187m█[39m[48;2;144;22;116m                  
                  [38;2;221;202;187m[48;2;45;30;20m█[38;2;190;173;160m█[38;2;159;145;134m▓[38;2;128;117;108m▓[38;2;97;88;82m▒[39m                                                                                                                                                [38;2;97;88;82m▒[38;2;128;117;108m▓[38;2;159;145;134m▓[38;2;190;173;160m█[38;2;221;202;187m█[39m[48;2;144;22;116m                  
                  [38;2;221;202;187m[48;2;45;30;20m█[38;2;190;173;160m█[38;2;159;145;134m▓[38;2;128;117;108m▓[38;2;97;88;82m▒[39m                                                                                                                                                [38;2;97;88;82m▒[38;2;128;117;108m▓[38;2;159;145;134m▓[38;2;190;173;160m█[38;2;221;202;187m█[39m[48;2;144;22;116m                  
                  [38;2;221;202;187m[48;2;45;30;20m█[38;2;190;173;160m█[38;2;159;145;134m▓[38;2;128;117;108m▓[38;2;97;88;82m▒[39m                                                                                                                                   [38;2;57;36;28m⢸[38;2;58;37;28m⣷[38;2;57;36;28m⡆[39m          [38;2;97;88;82m▒[38;2;128;117;108m▓[38;2;159;145;134m▓[38;2;190;173;160m█[38;2;221;202;187m█[39m[48;2;144;22;116m                  
                  [38;2;221;202;187m[48;2;45;30;20m█[38;2;190;173;160m█[38;2;159;145;134m▓[38;2;128;117;108m▓[38;2;97;88;82m▒[39m                                                                                                                                    [38;2;58;37;28m⢿[38;2;57;37;28m⣿[39m          [38;2;97;88;82m▒[38;2;128;117;108m▓[38;2;159;145;134m▓[38;2;190;173;160m█[38;2;221;202;187m█[39m[48;2;144;22;116m                  
                  [38;2;221;202;187m[48;2;45;30;20m█[38;2;190;173;160m█[38;2;159;145;134m▓[38;2;128;117;108m▓[38;2;97;88;82m▒[39m                                                                                                                                                [38;2;97;88;82m▒[38;2;128;117;108m▓[38;2;159;145;134m▓[38;2;190;173;160m█[38;2;221;202;187m█[39m[48;2;144;22;116m                  
                  [38;2;221;202;187m[48;2;45;30;20m█[38;2;190;173;160m█[38;2;159;145;134m▓[38;2;128;117;108m▓[38;2;97;88;82m▒[39m                                      [38;2;56;36;27m⢀[39m                                                                                                         [38;2;97;88;82m▒[38;2;128;117;108m▓[38;2;159;145;134m▓[38;2;190;173;160m█[38;2;221;202;187m█[39m[48;2;144;22;116m                  
                  [38;2;221;202;187m[48;2;45;30;20m█[38;2;190;173;160m█[38;2;159;145;134m▓[38;2;128;117;108m▓[38;2;97;88;82m▒[39m      [38;2;54;35;27m⠘⠋⠈[39m                           [38;2;55;36;27m⢸[38;2;57;36;28m⣿[38;2;56;36;27m⣿[39m                                                                                                         [38;2;97;88;82m▒[38;2;128;117;108m▓[38;2;159;145;134m▓[38;2;190;173;160m█[38;2;221;202;187m█[39m[48;2;144;22;116m                  
                  [38;2;221;202;187m[48;2;45;30;20m█[38;2;190;173;160m█[38;2;159;145;134m▓[38;2;128;117;108m▓[38;2;97;88;82m▒[39m                                                                                                                                                [38;2;97;88;82m▒[38;2;128;117;108m▓[38;2;159;145;134m▓[38;2;190;173;160m█[38;2;221;202;187m█[39m[48;2;144;22;116m                  
                  [38;2;221;202;187m[48;2;45;30;20m█[38;2;190;173;160m█[38;2;159;145;134m▓[38;2;128;117;108m▓[38;2;97;88;82m▒[39m                                                                                                                                                [38;2;97;88;82m▒[38;2;128;117;108m▓[38;2;159;145;134m▓[38;2;190;173;160m█[38;2;221;202;187m█[39m[48;2;144;22;116m                  
                  [38;2;221;202;187m[48;2;45;30;20m█[38;2;190;173;160m█[38;2;159;145;134m▓[38;2;128;117;108m▓[38;2;97;88;82m▒[39m                                                                                                                                                [38;2;97;88;82m▒[38;2;128;117;108m▓[38;2;159;145;134m▓[38;2;190;173;160m█[38;2;221;202;187m█[39m[48;2;144;22;116m                  
                  [38;2;221;202;187m[48;2;45;30;20m█[38;2;190;173;160m█[38;2;159;145;134m▓[38;2;128;117;108m▓[38;2;97;88;82m▒[39m                                                                                                                                                [38;2;97;88;82m▒[38;2;128;117;108m▓[38;2;159;145;134m▓[38;2;190;173;160m█[38;2;221;202;187m█[39m[48;2;144;22;116m                  
                  [38;2;221;202;187m[48;2;45;30;20m█[38;2;190;173;160m█[38;2;159;145;134m▓[38;2;128;117;108m▓[38;2;97;88;82m▒[39m                                                                                                                                                [38;2;97;88;82m▒[38;2;128;117;108m▓[38;2;159;145;134m▓[38;2;190;173;160m█[38;2;221;202;187m█[39m[48;2;144;22;116m                  
                  [38;2;221;202;187m[48;2;45;30;20m█[38;2;190;173;160m█[38;2;159;145;134m▓[38;2;128;117;108m▓[38;2;97;88;82m▒[39m                                                                                                                                                [38;2;97;88;82m▒[38;2;128;117;108m▓[38;2;159;145;134m▓[38;2;190;173;160m█[38;2;221;202;187m█[39m[48;2;144;22;116m                  
                  [38;2;221;202;187m[48;2;45;30;20m█[38;2;190;173;160m█[38;2;159;145;134m▓[38;2;143;131;121m▓▓▓▓▓▓▓▓▓▓▓▓▓▓▓▓▓▓▓▓▓▓▓▓▓▓▓▓▓▓▓▓▓▓▓▓▓▓▓▓▓▓▓▓▓▓▓▓▓▓▓▓▓▓▓▓▓▓▓▓▓▓▓▓▓▓▓▓▓▓▓▓▓▓▓▓▓▓▓▓▓▓▓▓▓▓▓▓▓▓▓▓▓▓▓▓▓▓▓▓▓▓▓▓▓▓▓▓▓▓▓▓▓▓▓▓▓▓▓▓▓▓▓▓▓▓▓▓▓▓▓▓▓▓▓▓▓▓▓▓▓▓▓▓▓▓▓▓[38;2;159;145;134m▓[38;2;190;173;160m█[38;2;221;202;187m█[39m[48;2;144;22;116m                  
                  [38;2;221;202;187m[48;2;45;30;20m██████████████████████████████████████████████████████████████████████████████████████████████████████████████████████████████████████████████████████████[39m[48;2;144;22;116m                  
                                                                                                                                                                                              
                                                                                                                                                                                              
