[48;2;20;20;20m                                                                                                                                                                                              
                                                                                                                                                                                              
                  [38;2;105;40;176m[48;2;30;30;30m██████████████████████████████████████████████████████████████████████████████████████████████████████████████████████████████████████████████████████████[39m[48;2;20;20;20m                  
                  [38;2;105;40;176m[48;2;30;30;30m█[38;2;90;34;151m█[38;2;75;28;126m▓[38;2;68;26;114m▓▓▓▓▓▓▓▓▓▓▓▓▓▓▓▓▓▓▓▓▓▓▓▓▓▓▓▓▓▓▓▓▓▓▓▓▓▓▓▓▓▓▓▓▓▓▓▓▓▓▓▓▓▓▓▓▓▓▓▓▓▓▓▓▓▓▓▓▓▓▓▓▓▓▓▓▓▓▓▓▓▓▓▓▓▓▓▓▓▓▓▓▓▓▓▓▓▓▓▓▓▓▓▓▓▓▓▓▓▓▓▓▓▓▓▓▓▓▓▓▓▓▓▓▓▓▓▓▓▓▓▓▓▓▓▓▓▓▓▓▓▓▓▓▓▓▓▓[38;2;75;28;126m▓[38;2;90;34;151m█[38;2;105;40;176m█[39m[48;2;20;20;20m                  
                  [38;2;105;40;176m[48;2;30;30;30m█[38;2;90;34;151m█[38;2;75;28;126m▓[38;2;60;23;102m▓[38;2;46;17;77m▒[38;2;54;38;32m⠏[38;2;56;39;32m⢰⣄[39m                                                                                                                                             [38;2;46;17;77m▒[38;2;60;23;102m▓[38;2;75;28;126m▓[38;2;90;34;151m█[38;2;105;40;176m█[39m[48;2;20;20;20m                  
                  [38;2;105;40;176m[48;2;30;30;30m█[38;2;90;34;151m█[38;2;75;28;126m▓[38;2;60;23;102m▓[38;2;46;17;77m▒[38;2;54;38;32m⢀[38;2;56;39;32m⣿[38;2;59;41;33m⣿⣿[39m                                                                                                                                            [38;2;46;17;77m▒[38;2;60;23;102m▓[38;2;75;28;126m▓[38;2;90;34;151m█[38;2;105;40;176m█[39m[48;2;20;20;20m                  
                  [38;2;105;40;176m[48;2;30;30;30m█[38;2;90;34;151m█[38;2;75;28;126m▓[38;2;60;23;102m▓[38;2;46;17;77m▒[39m [38;2;55;39;32m⠹[38;2;62;42;34m⣿[38;2;65;44;35m⣿[38;2;63;43;34m⣿[39m                                                                                                                                           [38;2;46;17;77m▒[38;2;60;23;102m▓[38;2;75;28;126m▓[38;2;90;34;151m█[38;2;105;40;176m█[39m[48;2;20;20;20m                  
                  [38;2;105;40;176m[48;2;30;30;30m█[38;2;90;34;151m█[38;2;75;28;126m▓[38;2;60;23;102m▓[38;2;46;17;77m▒[39m  [38;2;59;41;33m⢸[38;2;67;45;35m⣿[38;2;69;45;36m⣿[38;2;63;43;34m⣷[39m                                                                                                                                          [38;2;46;17;77m▒[38;2;60;23;102m▓[38;2;75;28;126m▓[38;2;90;34;151m█[38;2;105;40;176m█[39m[48;2;20;20;20m                  
                  [38;2;105;40;176m[48;2;30;30;30m█[38;2;90;34;151m█[38;2;75;28;126m▓[38;2;60;23;102m▓[38;2;46;17;77m▒[39m   [38;2;62;42;34m⢹[38;2;68;45;36m⣿[38;2;67;45;35m⣿[38;2;60;41;33m⡇[39m                                                                                                                                         [38;2;46;17;77m▒[38;2;60;23;102m▓[38;2;75;28;126m▓[38;2;90;34;151m█[38;2;105;40;176m█[39m[48;2;20;20;20m                  
                  [38;2;105;40;176m[48;2;30;30;30m█[38;2;90;34;151m█[38;2;75;28;126m▓[38;2;60;23;102m▓[38;2;46;17;77m▒[39m    [38;2;61;42;34m⢹[38;2;63;43;34m⣿[38;2;60;41;33m⣿[39m                                                                                                                                         [38;2;46;17;77m▒[38;2;60;23;102m▓[38;2;75;28;126m▓[38;2;90;34;151m█[38;2;105;40;176m█[39m[48;2;20;20;20m                  
                  [38;2;105;40;176m[48;2;30;30;30m█[38;2;90;34;151m█[38;2;75;28;126m▓[38;2;60;23;102m▓[38;2;46;17;77m▒[39m     [38;2;57;40;32m⠸[38;2;58;40;33m⣿[38;2;56;39;32m⣷[39m                                                                                                                                        [38;2;46;17;77m▒[38;2;60;23;102m▓[38;2;75;28;126m▓[38;2;90;34;151m█[38;2;105;40;176m█[39m[48;2;20;20;20m                  
                  [38;2;105;40;176m[48;2;30;30;30m█[38;2;90;34;151m█[38;2;75;28;126m▓[38;2;60;23;102m▓[38;2;46;17;77m▒[39m      [38;2;54;38;31m⢸[38;2;54;38;32m⣿[39m                                                                                                                                        [38;2;46;17;77m▒[38;2;60;23;102m▓[38;2;75;28;126m▓[38;2;90;34;151m█[38;2;105;40;176m█[39m[48;2;20;20;20m                  
                  [38;2;105;40;176m[48;2;30;30;30m█[38;2;90;34;151m█[38;2;75;28;126m▓[38;2;60;23;102m▓[38;2;46;17;77m▒[39m       [38;2;53;38;31m⠘[39m                                                                                                                                        [38;2;46;17;77m▒[38;2;60;23;102m▓[38;2;75;28;126m▓[38;2;90;34;151m█[38;2;105;40;176m█[39m[48;2;20;20;20m                  
                  [38;2;105;40;176m[48;2;30;30;30m█[38;2;90;34;151m█[38;2;75;28;126m▓[38;2;60;23;102m▓[38;2;46;17;77m▒[39m        [38;2;60;41;33m⣾⣆[39m                                                                                                                                      [38;2;46;17;77m▒[38;2;60;23;102m▓[38;2;75;28;126m▓[38;2;90;34;151m█[38;2;105;40;176m█[39m[48;2;20;20;20m                  
                  [38;2;105;40;176m[48;2;30;30;30m█[38;2;90;34;151m█[38;2;75;28;126m▓[38;2;60;23;102m▓[38;2;46;17;77m▒[39m       [38;2;60;41;33m⢸[38;2;72;47;37m⣿[38;2;73;47;37m⣿[38;2;64;43;34m⡇[39m                                                                                                                                     [38;2;46;17;77m▒[38;2;60;23;102m▓[38;2;75;28;126m▓[38;2;90;34;151m█[38;2;105;40;176m█[39m[48;2;20;20;20m                  
                  [38;2;105;40;176m[48;2;30;30;30m█[38;2;90;34;151m█[38;2;75;28;126m▓[38;2;60;23;102m▓[38;2;46;17;77m▒[39m       [38;2;62;42;34m⢸[38;2;77;49;38m⣿[38;2;79;49;39m⣿[38;2;69;45;36m⣿[39m                                                                                                                                     [38;2;46;17;77m▒[38;2;60;23;102m▓[38;2;75;28;126m▓[38;2;90;34;151m█[38;2;105;40;176m█[39m[48;2;20;20;20m                  
                  [38;2;105;40;176m[48;2;30;30;30m█[38;2;90;34;151m█[38;2;75;28;126m▓[38;2;60;23;102m▓[38;2;46;17;77m▒[39m        [38;2;74;48;38m⣿[38;2;76;48;38m⣿[38;2;68;45;36m⡟[39m                                                     [38;2;50;36;31m⢠[38;2;51;37;31m⣦[39m                                                                              [38;2;46;17;77m▒[38;2;60;23;102m▓[38;2;75;28;126m▓[38;2;90;34;151m█[38;2;105;40;176m█[39m[48;2;20;20;20m                  
                  [38;2;105;40;176m[48;2;30;30;30m█[38;2;90;34;151m█[38;2;75;28;126m▓[38;2;60;23;102m▓[38;2;46;17;77m▒[39m        [38;2;66;44;35m⣿[38;2;67;45;35m⣿[38;2;61;42;33m⡇[39m                                                     [38;2;51;37;31m⢸⡿[39m                                                         [38;2;60;41;33m⣤[38;2;58;40;33m⣴[38;2;54;38;32m⣤[39m                  [38;2;46;17;77m▒[38;2;60;23;102m▓[38;2;75;28;126m▓[38;2;90;34;151m█[38;2;105;40;176m█[39m[48;2;20;20;20m                  
                  [38;2;105;40;176m[48;2;30;30;30m█[38;2;90;34;151m█[38;2;75;28;126m▓[38;2;60;23;102m▓[38;2;46;17;77m▒[39m        [38;2;62;42;34m⣿⣿[38;2;56;39;32m⡇[39m          [38;2;50;36;30m⣀[39m                                                                                                  [38;2;60;41;33m⢠[38;2;68;45;36m⣶[38;2;72;47;37m⣿[38;2;70;46;36m⣿[38;2;63;43;34m⣿[38;2;55;39;32m⣿[39m     [38;2;53;38;31m⢸[38;2;54;38;32m⣷[39m           [38;2;46;17;77m▒[38;2;60;23;102m▓[38;2;75;28;126m▓[38;2;90;34;151m█[38;2;105;40;176m█[39m[48;2;20;20;20m                  
                  [38;2;105;40;176m[48;2;30;30;30m█[38;2;90;34;151m█[38;2;75;28;126m▓[38;2;60;23;102m▓[38;2;46;17;77m▒[39m        [38;2;59;41;33m⣿[38;2;58;40;33m⣿[39m             [38;2;51;37;31m⢻[38;2;52;37;31m⣷⣄[39m   [38;2;61;42;33m⢀[38;2;71;46;36m⣤[38;2;80;50;39m⣶[38;2;86;53;41m⣶[38;2;84;52;41m⣶[38;2;77;49;39m⣦[38;2;68;45;36m⣤[39m    [38;2;67;45;35m⣠[38;2;71;46;37m⣤⣤[38;2;70;46;36m⣤[38;2;71;46;36m⣤[38;2;72;47;37m⣤[38;2;73;47;37m⣤[38;2;72;47;37m⣤[38;2;70;46;36m⣄[38;2;65;44;35m⡀[39m                                               [38;2;59;41;33m⢀[38;2;64;43;34m⣤[38;2;67;45;35m⣤[38;2;68;45;36m⣤[38;2;67;45;35m⣦[38;2;64;43;34m⣄[39m                [38;2;59;41;33m⢰[38;2;67;45;35m⣿[38;2;73;47;37m⣿[38;2;74;47;37m⣿[38;2;69;45;36m⣿[38;2;61;42;34m⡟[39m      [38;2;53;38;31m⠸[38;2;55;39;32m⣿[38;2;54;38;32m⣿[39m          [38;2;46;17;77m▒[38;2;60;23;102m▓[38;2;75;28;126m▓[38;2;90;34;151m█[38;2;105;40;176m█[39m[48;2;20;20;20m                  
                  [38;2;105;40;176m[48;2;30;30;30m█[38;2;90;34;151m█[38;2;75;28;126m▓[38;2;60;23;102m▓[38;2;46;17;77m▒[39m        [38;2;56;39;32m⣿[38;2;54;38;32m⡇[39m              [38;2;52;37;31m⠘[38;2;53;38;31m⢿[38;2;56;39;32m⣿[38;2;62;42;34m⣶[38;2;79;50;39m⣾[38;2;120;68;54m⣿[38;2;158;91;73m⣿[38;2;177;107;85m⣿[38;2;176;106;85m⣿[38;2;163;95;76m⣿[38;2;146;81;65m⣿[38;2;125;70;55m⣿[38;2;102;60;47m⣿[38;2;83;51;40m⣿[38;2;88;53;42m⣾[38;2;107;62;49m⣿[38;2;122;69;54m⣿[38;2;119;67;53m⣿[38;2;105;61;48m⣿[38;2;93;56;44m⣿[38;2;89;54;43m⣿[38;2;93;56;44m⣿[38;2;99;59;46m⣿[38;2;105;61;48m⣿[38;2;110;63;50m⣿[38;2;111;64;50m⣿[38;2;105;61;48m⣿[38;2;89;54;42m⣷[38;2;72;47;37m⣦[39m                       [38;2;69;45;36m⣠[38;2;72;47;37m⣤[38;2;75;48;38m⣶[38;2;78;49;39m⣶[38;2;80;50;39m⣶[38;2;80;50;40m⣶[38;2;80;50;39m⣶[38;2;83;51;40m⣤[38;2;91;55;43m⣶[38;2;93;56;44m⣶[38;2;85;52;41m⣤[38;2;75;48;38m⣤[38;2;68;45;36m⣤[38;2;62;42;34m⣀[39m     [38;2;53;38;31m⢠[38;2;58;40;33m⣾[38;2;66;44;35m⣿[38;2;73;47;37m⣿[38;2;80;50;39m⣿[38;2;90;54;43m⣿[38;2;103;60;47m⣿[38;2;108;62;49m⣿[38;2;98;58;46m⣿[38;2;78;49;39m⣦[39m    [38;2;64;43;34m⣀[38;2;68;45;36m⣠[38;2;69;45;36m⣤[38;2;66;44;35m⣄[39m     [38;2;55;39;32m⣸[38;2;60;41;33m⣿[38;2;66;44;35m⣿[38;2;69;45;36m⡿[38;2;66;44;35m⠟[39m         [38;2;53;38;31m⠘[38;2;54;38;32m⢿[39m          [38;2;46;17;77m▒[38;2;60;23;102m▓[38;2;75;28;126m▓[38;2;90;34;151m█[38;2;105;40;176m█[39m[48;2;20;20;20m                  
                  [38;2;105;40;176m[48;2;30;30;30m█[38;2;90;34;151m█[38;2;75;28;126m▓[38;2;60;23;102m▓[38;2;46;17;77m▒[39m        [38;2;54;38;32m⣿[39m                 [38;2;61;42;34m⢹[38;2;88;54;42m⣿[38;2;156;90;72m⣿[38;2;196;122;98m⣿[38;2;207;140;111m⣿[38;2;201;130;103m⣿[38;2;185;114;91m⣿[38;2;168;99;79m⣿[38;2;154;88;70m⣿[38;2;151;85;68m⣿[38;2;150;84;67m⣿[38;2;143;79;63m⣿[38;2;138;76;61m⣿[38;2;137;76;60m⣿[38;2;138;76;61m⣿[38;2;125;70;55m⣿[38;2;106;61;48m⣿[38;2;91;55;43m⣿[38;2;88;53;42m⣿[38;2;91;55;43m⣿[38;2;98;58;46m⣿[38;2;105;61;48m⣿[38;2;112;64;50m⣿[38;2;118;67;53m⣿[38;2;128;72;57m⣿[38;2;134;75;59m⣿[38;2;127;71;56m⣿[38;2;110;63;50m⣿[38;2;101;59;47m⣶[38;2;105;61;48m⣶[38;2;102;60;47m⣾[38;2;85;52;41m⣿[38;2;69;45;36m⣿[38;2;59;41;33m⣿[38;2;54;38;32m⣦[39m   [38;2;51;37;31m⠸[38;2;52;37;31m⣿[38;2;53;38;31m⣿[38;2;54;38;32m⣿[38;2;56;39;32m⣷[38;2;60;41;33m⣶[38;2;64;43;34m⣦[38;2;68;45;36m⣄[38;2;84;52;41m⣠[38;2;123;70;55m⣴[38;2;140;77;62m⣾[38;2;136;75;60m⣿[38;2;108;62;49m⣿[38;2;91;55;43m⣿[38;2;87;53;42m⣿[38;2;91;55;43m⣿[38;2;101;59;47m⣿[38;2;114;65;51m⣿[38;2;133;74;59m⣿[38;2;166;97;78m⣿[38;2;196;122;97m⣿[38;2;202;132;105m⣿[38;2;189;116;93m⣿[38;2;157;90;72m⣿[38;2;131;73;58m⣿[38;2;119;68;53m⣿[38;2;107;62;48m⣿[38;2;88;54;42m⣷[38;2;73;47;37m⣶[38;2;60;41;33m⣤[38;2;55;39;32m⣶[38;2;54;38;32m⡿[38;2;58;40;33m⠿[38;2;65;44;35m⢿[38;2;72;47;37m⣿[38;2;79;49;39m⣿[38;2;89;54;42m⣿[38;2;105;61;48m⣿[38;2;114;65;51m⣿[38;2;112;64;50m⣿[38;2;100;59;46m⣿[38;2;89;54;42m⣿[38;2;92;55;43m⣷[38;2;113;65;51m⣾[38;2;139;77;61m⣿[38;2;156;90;72m⣿[38;2;159;92;74m⣿[38;2;155;88;71m⣿[38;2;143;79;63m⣿[38;2;128;72;57m⣿[38;2;104;61;47m⣿[38;2;80;50;39m⣶[38;2;65;44;35m⣶[38;2;57;40;32m⣾[38;2;55;39;32m⡟[38;2;56;39;32m⠛[39m                        [38;2;46;17;77m▒[38;2;60;23;102m▓[38;2;75;28;126m▓[38;2;90;34;151m█[38;2;105;40;176m█[39m[48;2;20;20;20m                  
                  [38;2;105;40;176m[48;2;30;30;30m█[38;2;90;34;151m█[38;2;75;28;126m▓[38;2;60;23;102m▓[38;2;46;17;77m▒[39m       [38;2;71;46;37m⢠[38;2;76;48;38m⣶[38;2;71;46;37m⡄[39m                [38;2;67;44;35m⢸[38;2;127;71;56m⣿[38;2;201;130;103m⣿[38;2;219;162;129m⣿[38;2;218;162;128m⣿[38;2;198;124;99m⣿[38;2;168;99;79m⣿[38;2;148;83;66m⣿[38;2;136;76;60m⣿[38;2;143;79;63m⣿[38;2;159;92;73m⣿[38;2;172;102;82m⣿[38;2;175;105;84m⣿[38;2;164;96;77m⣿[38;2;143;79;63m⣿[38;2;112;64;50m⡿[38;2;84;52;41m⠏[39m    [38;2;81;50;40m⠈[38;2;91;55;43m⠻[38;2;104;61;48m⢿[38;2;124;70;55m⣿[38;2;149;84;67m⣿[38;2;161;93;75m⣿[38;2;155;89;71m⣿[38;2;143;79;63m⣿[38;2;132;74;58m⣿[38;2;122;69;54m⣿[38;2;97;57;45m⣿[38;2;72;47;37m⣿[38;2;60;41;33m⣿[38;2;54;38;32m⠃[39m       [38;2;56;39;32m⠻[38;2;62;42;34m⣿[38;2;70;46;36m⣿[38;2;93;56;44m⣿[38;2;150;84;67m⣿[38;2;192;119;95m⣿[38;2;197;123;98m⣿[38;2;170;101;81m⣿[38;2;117;67;52m⣿[38;2;91;55;43m⣿[38;2;85;52;41m⣿[38;2;88;53;42m⣿[38;2;99;59;46m⣿[38;2;116;66;52m⣿[38;2;143;79;63m⣿[38;2;187;115;92m⣿[38;2;214;154;121m⣿[38;2;221;166;133m⣿[38;2;210;147;116m⣿[38;2;180;109;88m⣿[38;2;151;85;68m⣿[38;2;138;77;61m⣿[38;2;134;74;59m⣿[38;2;128;72;57m⣿[38;2;111;64;50m⣿[38;2;83;51;40m⣿[38;2;62;42;34m⡇[39m     [38;2;73;47;37m⠘[38;2;87;53;42m⠻[38;2;101;59;47m⢿[38;2;107;62;49m⣿[38;2;116;66;52m⣿[38;2;141;78;62m⣿[38;2;170;101;81m⣿[38;2;191;118;95m⣿[38;2;198;124;99m⣿[38;2;193;120;96m⣿[38;2;180;109;87m⣿[38;2;166;97;78m⣿[38;2;154;88;70m⣿[38;2;152;86;69m⣿[38;2;146;81;65m⣿[38;2;130;72;57m⣿[38;2;96;57;45m⣿[38;2;68;45;36m⣿[39m               [38;2;52;37;31m⢸⡟[39m         [38;2;46;17;77m▒[38;2;60;23;102m▓[38;2;75;28;126m▓[38;2;90;34;151m█[38;2;105;40;176m█[39m[48;2;20;20;20m                  
                  [38;2;105;40;176m[48;2;30;30;30m█[38;2;90;34;151m█[38;2;75;28;126m▓[38;2;60;23;102m▓[38;2;46;17;77m▒[39m      [38;2;67;44;35m⢰[38;2;111;64;50m⣾[38;2;126;71;56m⣿[38;2;114;65;51m⣿[38;2;70;46;36m⡆[39m               [38;2;71;46;36m⢸[38;2;143;79;63m⣿[38;2;209;145;115m⣿[38;2;219;163;129m⣿[38;2;206;138;109m⣿[38;2;131;73;58m⣿[38;2;73;47;37m⠃[39m  [38;2;91;55;43m⢻[38;2;134;74;59m⣿[38;2;169;100;80m⣿[38;2;184;112;90m⣿[38;2;173;104;83m⣿[38;2;139;77;61m⣿[38;2;86;53;41m⣧[39m        [38;2;80;50;39m⠸[38;2;137;76;60m⣿[38;2;175;105;84m⣿[38;2;181;110;88m⣿[38;2;167;98;79m⣿[38;2;141;78;62m⣿[38;2;121;68;54m⣿[38;2;91;55;43m⣿[38;2;67;45;35m⠟[39m          [38;2;60;41;33m⠸[38;2;74;47;37m⢿[38;2;115;65;51m⣿[38;2;172;103;82m⣿[38;2;204;136;108m⣿[38;2;202;132;104m⣿[38;2;167;99;79m⣿[38;2;100;59;46m⡿[38;2;70;46;36m⠃[39m  [38;2;70;46;36m⠘[38;2;85;52;41m⢻[38;2;121;68;54m⣿[38;2;176;106;85m⣿[38;2;212;150;118m⣿[38;2;222;169;135m⣿[38;2;213;152;120m⣿[38;2;184;112;90m⣿[38;2;148;83;66m⣿[38;2;131;73;58m⣿[38;2;132;74;58m⣿[38;2;143;79;63m⣿[38;2;137;76;60m⣿[38;2;113;65;51m⣿[38;2;73;47;37m⣿[39m        [38;2;79;50;39m⢸[38;2;140;77;62m⣿[38;2;196;122;98m⣿[38;2;214;154;121m⣿[38;2;216;157;124m⣿[38;2;206;139;110m⣿[38;2;192;119;95m⣿[38;2;172;102;82m⣿[38;2;155;89;71m⣿[38;2;145;80;64m⣿[38;2;150;84;67m⣿[38;2;163;95;76m⣿⣿[38;2;140;77;62m⣿[38;2;91;55;43m⣿[38;2;60;41;33m⡇[39m              [38;2;52;37;31m⠿[39m          [38;2;46;17;77m▒[38;2;60;23;102m▓[38;2;75;28;126m▓[38;2;90;34;151m█[38;2;105;40;176m█[39m[48;2;20;20;20m                  
                  [38;2;105;40;176m[48;2;30;30;30m█[38;2;90;34;151m█[38;2;75;28;126m▓[38;2;60;23;102m▓[38;2;46;17;77m▒[39m      [38;2;71;46;37m⢸[38;2;125;70;55m⣿[38;2;145;81;64m⣿[38;2;134;75;59m⣿[38;2;81;51;40m⣿[39m               [38;2;71;46;36m⣼[38;2;127;71;56m⣿[38;2;186;114;91m⣿[38;2;193;119;95m⣿[38;2;164;96;77m⣿[38;2;82;51;40m⡇[39m    [38;2;80;50;39m⢹[38;2;129;72;57m⣿[38;2;165;97;77m⣿[38;2;176;106;85m⣿[38;2;163;95;76m⣿[38;2;129;72;57m⣿[38;2;86;53;41m⣧[39m        [38;2;125;71;56m⣿[38;2;174;104;84m⣿[38;2;182;111;89m⣿[38;2;158;91;73m⣿[38;2;103;60;47m⣿[38;2;76;48;38m⡟[39m             [38;2;67;44;35m⢸[38;2;111;64;50m⣿[38;2;163;95;76m⣿[38;2;184;113;90m⣿[38;2;165;97;78m⣿[38;2;112;64;50m⡿[39m      [38;2;68;45;36m⠸[38;2;107;62;49m⢿[38;2;154;88;70m⣿[38;2;180;109;87m⣿⣿[38;2;154;88;70m⣿[38;2;115;65;51m⣿[38;2;82;51;40m⡏[38;2;88;54;42m⢹[38;2;128;72;57m⣿[38;2;143;79;63m⣿[38;2;129;72;57m⣿[38;2;81;51;40m⣿[39m       [38;2;67;45;35m⢠[38;2;101;59;47m⣾[38;2;161;94;75m⣿[38;2;205;137;108m⣿[38;2;216;156;123m⣿[38;2;208;143;113m⣿[38;2;176;106;85m⣿[38;2;130;73;58m⣿[38;2;89;54;42m⠟[39m  [38;2;96;57;45m⢹[38;2;154;88;70m⣿[38;2;177;107;86m⣿[38;2;167;99;79m⣿[38;2;118;67;53m⣿[38;2;69;46;36m⣷[39m                         [38;2;46;17;77m▒[38;2;60;23;102m▓[38;2;75;28;126m▓[38;2;90;34;151m█[38;2;105;40;176m█[39m[48;2;20;20;20m                  
                  [38;2;105;40;176m[48;2;30;30;30m█[38;2;90;34;151m█[38;2;75;28;126m▓[38;2;60;23;102m▓[38;2;46;17;77m▒[39m      [38;2;66;44;35m⢸[38;2;109;63;49m⣿[38;2;131;73;58m⣿[38;2;125;70;56m⣿[38;2;86;53;42m⣿[38;2;66;44;35m⣇[39m            [38;2;53;38;31m⢠[38;2;56;39;32m⣾[38;2;65;44;35m⣿[38;2;86;53;41m⣿[38;2;127;71;56m⣿[38;2;135;75;60m⣿[38;2;120;68;53m⣿[38;2;80;50;40m⣿[38;2;66;44;35m⡆[39m    [38;2;81;50;40m⢸[38;2;125;70;56m⣿[38;2;157;90;72m⣿[38;2;170;101;81m⣿[38;2;164;96;77m⣿[38;2;146;81;65m⣿[38;2;116;66;52m⣷[38;2;82;51;40m⣦[39m    [38;2;80;50;39m⣠[38;2;128;72;57m⣾[38;2;179;108;86m⣿[38;2;200;128;102m⣿[38;2;186;114;91m⣿[38;2;140;77;61m⣿[38;2;77;49;38m⣿[39m              [38;2;62;42;34m⢸[38;2;96;57;45m⣿[38;2;125;70;55m⣿⣿[38;2;92;55;43m⣿[39m        [38;2;69;45;36m⢸[38;2;94;56;44m⣿[38;2;130;73;57m⣿[38;2;151;86;68m⣿⣿[38;2;132;74;58m⣿[38;2;98;58;46m⣷[38;2;83;51;40m⣶[38;2;110;63;50m⣿[38;2;125;70;56m⣿[38;2;118;67;53m⣿[38;2;79;49;39m⣿[39m      [38;2;78;49;39m⢰[38;2;106;62;48m⣾[38;2;136;76;60m⣿[38;2;169;100;80m⣿[38;2;196;122;98m⣿[38;2;197;123;98m⣿[38;2;167;98;79m⣿[38;2;106;62;48m⡿[39m    [38;2;82;51;40m⢸[38;2;156;90;72m⣿[38;2;186;114;91m⣿[38;2;180;109;87m⣿[38;2;131;73;58m⣿[38;2;78;49;39m⣿[38;2;65;44;35m⣷[38;2;61;42;34m⣦[38;2;63;43;34m⣴[38;2;68;45;36m⣶[38;2;73;47;37m⣶[38;2;79;50;39m⣶[38;2;88;54;42m⣶[38;2;98;58;46m⣶[38;2;105;61;48m⣾[38;2;106;62;48m⣿[38;2;108;62;49m⣿⣿[38;2;104;61;47m⣿[38;2;88;53;42m⣿[38;2;70;46;36m⣦[39m          [38;2;46;17;77m▒[38;2;60;23;102m▓[38;2;75;28;126m▓[38;2;90;34;151m█[38;2;105;40;176m█[39m[48;2;20;20;20m                  
                  [38;2;105;40;176m[48;2;30;30;30m█[38;2;90;34;151m█[38;2;75;28;126m▓[38;2;60;23;102m▓[38;2;46;17;77m▒[39m       [38;2;68;45;36m⠸[38;2;80;50;39m⣿[38;2;83;51;40m⣿[38;2;80;50;39m⣿[38;2;82;51;40m⣿[38;2;99;59;46m⣿[38;2;119;68;53m⣿[38;2;129;72;57m⣿[38;2;112;64;50m⣷[38;2;81;51;40m⣦[39m       [38;2;53;38;31m⢿[38;2;55;39;32m⡿[38;2;57;40;32m⠟[38;2;60;41;33m⠉[38;2;69;45;36m⠹[38;2;78;49;39m⣿[38;2;83;51;40m⣿[38;2;84;52;41m⣿[38;2;87;53;42m⣿[38;2;94;56;44m⣿[38;2;98;58;46m⣷[38;2;98;58;45m⣶[38;2;95;56;44m⣶[38;2;94;56;44m⣾[38;2;107;62;49m⣿[38;2;132;74;58m⣿[38;2;157;91;72m⣿[38;2;174;104;83m⣿[38;2;180;109;87m⣿[38;2;175;105;84m⣿[38;2;165;96;77m⣿[38;2;157;91;72m⣿[38;2;162;95;76m⣿[38;2;171;102;81m⣿[38;2;180;109;87m⣿[38;2;191;118;95m⣿[38;2;206;139;110m⣿[38;2;214;153;120m⣿[38;2;207;142;112m⣿[38;2;174;104;84m⣿[38;2;113;65;51m⣿[38;2;67;45;35m⡇[39m              [38;2;57;40;32m⠸[38;2;78;49;39m⣿[38;2;100;59;46m⣿[38;2;105;61;48m⣿[38;2;87;53;42m⣿[38;2;71;46;36m⣄[38;2;71;46;37m⣀[38;2;92;55;43m⣤[38;2;121;69;54m⣶[38;2;131;73;58m⣶[38;2;118;67;53m⣶[38;2;84;52;41m⣤[38;2;66;44;35m⣴[38;2;60;41;33m⣾[38;2;65;44;35m⣿[38;2;83;51;40m⣿[38;2;117;67;52m⣿[38;2;143;79;63m⣿[38;2;155;88;71m⣿[38;2;155;89;71m⣿[38;2;150;85;67m⣿[38;2;146;82;65m⣿[38;2;133;74;59m⣿[38;2;112;64;50m⣿[38;2;80;50;39m⣿[39m   [38;2;74;47;37m⣠[38;2;88;54;42m⣴[38;2;112;64;50m⣾[38;2;131;73;58m⣿[38;2;141;78;62m⣿[38;2;143;79;63m⣿[38;2;141;78;62m⣿[38;2;138;76;61m⣿[38;2;127;71;56m⣿[38;2;107;62;49m⣿[38;2;82;51;40m⣷[38;2;69;45;36m⡄[39m  [38;2;74;47;37m⣠[38;2;113;65;51m⣾[38;2;164;96;77m⣿[38;2;181;110;88m⣿[38;2;164;96;77m⣿[38;2;114;65;51m⣿[38;2;74;48;38m⣿[38;2;65;44;35m⣿[38;2;64;43;34m⣿[38;2;69;45;36m⣿[38;2;76;48;38m⣿[38;2;85;52;41m⣿[38;2;101;59;46m⣿[38;2;119;68;53m⣿[38;2;136;76;60m⣿[38;2;145;81;64m⣿⣿[38;2;141;78;62m⣿[38;2;139;77;61m⣿[38;2;137;76;60m⣿[38;2;123;69;55m⣿[38;2;96;57;45m⣿[38;2;69;45;36m⣿[39m         [38;2;46;17;77m▒[38;2;60;23;102m▓[38;2;75;28;126m▓[38;2;90;34;151m█[38;2;105;40;176m█[39m[48;2;20;20;20m                  
                  [38;2;105;40;176m[48;2;30;30;30m█[38;2;90;34;151m█[38;2;75;28;126m▓[38;2;60;23;102m▓[38;2;46;17;77m▒[39m         [38;2;62;42;34m⠻[38;2;70;46;36m⣿[38;2;83;51;40m⣿[38;2;107;62;49m⣿[38;2;131;73;58m⣿[38;2;141;78;62m⣿[38;2;123;69;55m⣿[38;2;87;53;42m⣿[38;2;57;40;33m⡇[39m [38;2;49;36;30m⠘⠋[39m        [38;2;59;41;33m⠘[38;2;68;45;36m⢿[38;2;78;49;39m⣿[38;2;87;53;42m⣿[38;2;100;59;46m⣿[38;2;109;63;49m⣿[38;2;111;64;50m⣿[38;2;108;62;49m⣿[38;2;101;59;47m⣿[38;2;98;58;45m⣿[38;2;102;60;47m⣿[38;2;120;68;54m⣿[38;2;148;83;66m⣿[38;2;169;100;80m⣿[38;2;178;108;86m⣿[38;2;179;108;87m⣿[38;2;183;111;89m⣿[38;2;198;125;100m⣿[38;2;206;138;110m⣿[38;2;208;143;113m⣿⣿[38;2;212;150;118m⣿[38;2;211;149;117m⣿[38;2;196;122;98m⣿[38;2;148;83;66m⣿[38;2;91;55;43m⣿[38;2;69;45;36m⣷[38;2;61;42;33m⣆[39m              [38;2;66;44;35m⢹[38;2;83;51;40m⣿[38;2;98;58;46m⣿[38;2;101;59;47m⣿[38;2;110;64;50m⣿[38;2;147;82;65m⣿[38;2;191;118;94m⣿[38;2;212;150;118m⣿[38;2;211;148;117m⣿[38;2;187;115;92m⣿[38;2;124;70;55m⣿[38;2;73;47;37m⣿[38;2;57;40;32m⡿[38;2;56;39;32m⠛[38;2;61;42;33m⠻[38;2;77;49;39m⢿[38;2;110;63;50m⣿[38;2;142;78;62m⣿[38;2;158;91;73m⣿[38;2;163;95;76m⣿[38;2;158;91;73m⣿[38;2;147;82;65m⣿[38;2;133;74;59m⣿[38;2;123;69;55m⣿[38;2;117;67;52m⣿[38;2;114;65;51m⣿⣿[38;2;118;67;53m⣿[38;2;124;70;55m⣿[38;2;133;74;59m⣿[38;2;138;76;61m⣿[38;2;133;74;59m⣿[38;2;115;66;51m⣿[38;2;91;55;43m⣿[38;2;81;51;40m⣿[38;2;83;51;40m⣿[38;2;85;52;41m⣿[38;2;82;51;40m⣿⣿[38;2;89;54;42m⣿[38;2;92;55;44m⣿[38;2;95;57;45m⣿[38;2;120;68;54m⣿[38;2;150;84;67m⣿[38;2;152;87;69m⣿[38;2;127;71;56m⣿[38;2;81;51;40m⡿[38;2;64;43;34m⠟[38;2;60;41;33m⠛[38;2;61;42;34m⠻[38;2;67;44;35m⢿[38;2;74;47;37m⣿[38;2;83;51;40m⣿[38;2;98;58;45m⣿[38;2;118;67;53m⣿[38;2;137;76;60m⣿[38;2;148;83;66m⣿[38;2;149;84;67m⣿[38;2;145;81;64m⣿[38;2;142;78;62m⣿[38;2;143;79;63m⣿[38;2;134;75;59m⣿[38;2;112;64;50m⣿[38;2;79;50;39m⣿[38;2;60;41;33m⣧[39m        [38;2;46;17;77m▒[38;2;60;23;102m▓[38;2;75;28;126m▓[38;2;90;34;151m█[38;2;105;40;176m█[39m[48;2;20;20;20m                  
                  [38;2;105;40;176m[48;2;30;30;30m█[38;2;90;34;151m█[38;2;75;28;126m▓[38;2;60;23;102m▓[38;2;46;17;77m▒[39m           [38;2;73;47;37m⢻[38;2;96;57;45m⣿[38;2;121;68;54m⣿[38;2;132;73;58m⣿[38;2;115;66;52m⣿[38;2;83;51;40m⡟[39m               [38;2;75;48;38m⠻[38;2;89;54;42m⣿[38;2;101;59;47m⣿[38;2;105;61;48m⣿[38;2;103;60;47m⣿[38;2;96;57;45m⣿[38;2;88;53;42m⣿[38;2;82;51;40m⣿⣿[38;2;98;58;45m⣿[38;2;124;70;55m⣿[38;2;147;83;66m⣿[38;2;163;95;76m⣿[38;2;176;106;85m⣿[38;2;196;122;98m⣿[38;2;204;136;108m⣿[38;2;206;139;110m⣿[38;2;202;132;105m⣿[38;2;195;122;97m⣿[38;2;173;104;83m⣿[38;2;136;75;60m⣿[38;2;90;54;43m⣿[38;2;73;47;37m⣿[38;2;68;45;35m⣿[38;2;64;43;34m⣿[38;2;60;41;33m⣿[38;2;55;39;32m⣦[39m             [38;2;69;45;36m⢿[38;2;82;51;40m⣿[38;2;98;58;45m⣿[38;2;120;68;54m⣿[38;2;160;92;74m⣿[38;2;201;131;104m⣿[38;2;218;162;128m⣿[38;2;216;157;124m⣿[38;2;192;119;95m⣿[38;2;126;71;56m⣿[38;2;71;46;37m⡇[39m    [38;2;71;46;36m⠘[38;2;99;58;46m⢻[38;2;132;73;58m⣿[38;2;148;83;66m⣿⣿[38;2;138;76;61m⣿[38;2;128;72;57m⣿[38;2;126;71;56m⣿[38;2;124;70;55m⣿[38;2;121;68;54m⣿[38;2;120;68;54m⣿[38;2;122;69;54m⣿[38;2;124;70;55m⣿⣿[38;2;116;66;52m⣿[38;2;95;57;45m⡿[38;2;73;47;37m⠃[39m  [38;2;63;43;34m⠈[38;2;70;46;36m⠻[38;2;75;48;38m⣿[38;2;82;51;40m⣿[38;2;90;54;43m⣿[38;2;94;56;44m⣿⣿[38;2;102;60;47m⣿[38;2;106;61;48m⣿[38;2;94;56;44m⡿[38;2;72;47;37m⠃[39m       [38;2;70;46;36m⠈[38;2;80;50;40m⠙[38;2;96;57;45m⢿[38;2;108;63;49m⣿[38;2;112;64;50m⣿[38;2;111;64;50m⣿[38;2;113;65;51m⣿[38;2;122;69;54m⣿[38;2;123;69;55m⣿[38;2;108;62;49m⣿[38;2;79;50;39m⣿[38;2;60;41;33m⡿[39m        [38;2;46;17;77m▒[38;2;60;23;102m▓[38;2;75;28;126m▓[38;2;90;34;151m█[38;2;105;40;176m█[39m[48;2;20;20;20m                  
                  [38;2;105;40;176m[48;2;30;30;30m█[38;2;90;34;151m█[38;2;75;28;126m▓[38;2;60;23;102m▓[38;2;46;17;77m▒[39m                                           [38;2;69;45;36m⠙[38;2;80;50;39m⠻[38;2;99;59;46m⠿[38;2;125;70;56m⢿[38;2;137;76;60m⣿[38;2;133;74;59m⣿[38;2;112;64;50m⡿[38;2;87;53;42m⠿[38;2;72;47;37m⠋[39m  [38;2;59;41;33m⠈[38;2;62;42;34m⠻⠿[38;2;59;41;33m⣿[38;2;56;39;32m⣿[38;2;53;38;31m⣧⣠[38;2;56;39;32m⣴[38;2;59;41;33m⣶⣶[38;2;56;39;32m⣦[38;2;52;37;31m⡀[39m       [38;2;63;43;34m⢻[38;2;77;49;38m⣿[38;2;105;61;48m⣿[38;2;148;83;66m⣿[38;2;186;114;91m⣿[38;2;203;134;106m⣿[38;2;196;122;98m⣿[38;2;157;90;72m⣿[38;2;90;55;43m⠇[39m        [38;2;76;48;38m⠻[38;2;88;54;42m⠿[38;2;99;58;46m⠿[38;2;106;62;48m⣿[38;2;111;64;50m⣿[38;2;112;64;50m⣿[38;2;109;63;49m⣿[38;2;105;61;48m⣿[38;2;98;58;46m⡿[38;2;86;53;41m⠿[38;2;74;47;37m⠟[39m        [38;2;67;45;35m⠈[38;2;75;48;38m⠛[38;2;78;49;39m⠿[38;2;73;47;37m⠿[38;2;65;44;35m⠋[39m             [38;2;62;42;34m⠘[38;2;68;45;36m⠻[38;2;74;47;37m⣿[38;2;80;50;39m⣿[38;2;87;53;42m⣿[38;2;89;54;42m⣿[38;2;81;51;40m⣿[38;2;68;45;36m⣿[39m         [38;2;46;17;77m▒[38;2;60;23;102m▓[38;2;75;28;126m▓[38;2;90;34;151m█[38;2;105;40;176m█[39m[48;2;20;20;20m                  
                  [38;2;105;40;176m[48;2;30;30;30m█[38;2;90;34;151m█[38;2;75;28;126m▓[38;2;60;23;102m▓[38;2;46;17;77m▒[39m                                                            [38;2;52;37;31m⠘[38;2;56;39;32m⢻[38;2;59;41;33m⣿[38;2;60;41;33m⣿[38;2;57;40;32m⣿[38;2;53;38;31m⡿[39m         [38;2;64;43;34m⠙[38;2;73;47;37m⠿[38;2;81;51;40m⠿[38;2;82;51;40m⠿[38;2;75;48;38m⠋[39m                                                 [38;2;58;40;33m⠈[38;2;66;44;35m⠻[38;2;72;47;37m⠿[38;2;71;46;37m⠿[38;2;64;43;34m⠟[39m          [38;2;46;17;77m▒[38;2;60;23;102m▓[38;2;75;28;126m▓[38;2;90;34;151m█[38;2;105;40;176m█[39m[48;2;20;20;20m                  
                  [38;2;105;40;176m[48;2;30;30;30m█[38;2;90;34;151m█[38;2;75;28;126m▓[38;2;60;23;102m▓[38;2;46;17;77m▒[39m                                                                                                                                                [38;2;46;17;77m▒[38;2;60;23;102m▓[38;2;75;28;126m▓[38;2;90;34;151m█[38;2;105;40;176m█[39m[48;2;20;20;20m                  
                  [38;2;105;40;176m[48;2;30;30;30m█[38;2;90;34;151m█[38;2;75;28;126m▓[38;2;60;23;102m▓[38;2;46;17;77m▒[39m                                                                                                                                                [38;2;46;17;77m▒[38;2;60;23;102m▓[38;2;75;28;126m▓[38;2;90;34;151m█[38;2;105;40;176m█[39m[48;2;20;20;20m                  
                  [38;2;105;40;176m[48;2;30;30;30m█[38;2;90;34;151m█[38;2;75;28;126m▓[38;2;60;23;102m▓[38;2;46;17;77m▒[39m                                                                                                                                                [38;2;46;17;77m▒[38;2;60;23;102m▓[38;2;75;28;126m▓[38;2;90;34;151m█[38;2;105;40;176m█[39m[48;2;20;20;20m                  
                  [38;2;105;40;176m[48;2;30;30;30m█[38;2;90;34;151m█[38;2;75;28;126m▓[38;2;60;23;102m▓[38;2;46;17;77m▒[39m                                                                                                                                                [38;2;46;17;77m▒[38;2;60;23;102m▓[38;2;75;28;126m▓[38;2;90;34;151m█[38;2;105;40;176m█[39m[48;2;20;20;20m                  
                  [38;2;105;40;176m[48;2;30;30;30m█[38;2;90;34;151m█[38;2;75;28;126m▓[38;2;60;23;102m▓[38;2;46;17;77m▒[39m                                                                                                                                                [38;2;46;17;77m▒[38;2;60;23;102m▓[38;2;75;28;126m▓[38;2;90;34;151m█[38;2;105;40;176m█[39m[48;2;20;20;20m                  
                  [38;2;105;40;176m[48;2;30;30;30m█[38;2;90;34;151m█[38;2;75;28;126m▓[38;2;60;23;102m▓[38;2;46;17;77m▒[39m                                                                                                                 [38;2;51;37;31m⣧[39m                              [38;2;46;17;77m▒[38;2;60;23;102m▓[38;2;75;28;126m▓[38;2;90;34;151m█[38;2;105;40;176m█[39m[48;2;20;20;20m                  
                  [38;2;105;40;176m[48;2;30;30;30m█[38;2;90;34;151m█[38;2;75;28;126m▓[38;2;60;23;102m▓[38;2;46;17;77m▒[39m                                                                                                                 [38;2;52;37;31m⣿[39m                              [38;2;46;17;77m▒[38;2;60;23;102m▓[38;2;75;28;126m▓[38;2;90;34;151m█[38;2;105;40;176m█[39m[48;2;20;20;20m                  
                  [38;2;105;40;176m[48;2;30;30;30m█[38;2;90;34;151m█[38;2;75;28;126m▓[38;2;60;23;102m▓[38;2;46;17;77m▒[39m                                                                                                                 [38;2;51;37;31m⢸[39m                              [38;2;46;17;77m▒[38;2;60;23;102m▓[38;2;75;28;126m▓[38;2;90;34;151m█[38;2;105;40;176m█[39m[48;2;20;20;20m                  
                  [38;2;105;40;176m[48;2;30;30;30m█[38;2;90;34;151m█[38;2;75;28;126m▓[38;2;60;23;102m▓[38;2;46;17;77m▒[39m                                                                                                                                                [38;2;46;17;77m▒[38;2;60;23;102m▓[38;2;75;28;126m▓[38;2;90;34;151m█[38;2;105;40;176m█[39m[48;2;20;20;20m                  
                  [38;2;105;40;176m[48;2;30;30;30m█[38;2;90;34;151m█[38;2;75;28;126m▓[38;2;60;23;102m▓[38;2;46;17;77m▒[39m                                                                                                                                                [38;2;46;17;77m▒[38;2;60;23;102m▓[38;2;75;28;126m▓[38;2;90;34;151m█[38;2;105;40;176m█[39m[48;2;20;20;20m                  
                  [38;2;105;40;176m[48;2;30;30;30m█[38;2;90;34;151m█[38;2;75;28;126m▓[38;2;60;23;102m▓[38;2;46;17;77m▒[39m                                                                                                                                   [38;2;52;37;31m⢸[38;2;53;38;31m⣷[38;2;52;37;31m⡆[39m          [38;2;46;17;77m▒[38;2;60;23;102m▓[38;2;75;28;126m▓[38;2;90;34;151m█[38;2;105;40;176m█[39m[48;2;20;20;20m                  
                  [38;2;105;40;176m[48;2;30;30;30m█[38;2;90;34;151m█[38;2;75;28;126m▓[38;2;60;23;102m▓[38;2;46;17;77m▒[39m                                                                                                                                    [38;2;53;38;31m⢿[38;2;52;37;31m⣿[39m          [38;2;46;17;77m▒[38;2;60;23;102m▓[38;2;75;28;126m▓[38;2;90;34;151m█[38;2;105;40;176m█[39m[48;2;20;20;20m                  
                  [38;2;105;40;176m[48;2;30;30;30m█[38;2;90;34;151m█[38;2;75;28;126m▓[38;2;60;23;102m▓[38;2;46;17;77m▒[39m                                                                                                                                                [38;2;46;17;77m▒[38;2;60;23;102m▓[38;2;75;28;126m▓[38;2;90;34;151m█[38;2;105;40;176m█[39m[48;2;20;20;20m                  
                  [38;2;105;40;176m[48;2;30;30;30m█[38;2;90;34;151m█[38;2;75;28;126m▓[38;2;60;23;102m▓[38;2;46;17;77m▒[39m                                      [38;2;51;37;31m⢀[39m                                                                                                         [38;2;46;17;77m▒[38;2;60;23;102m▓[38;2;75;28;126m▓[38;2;90;34;151m█[38;2;105;40;176m█[39m[48;2;20;20;20m                  
                  [38;2;105;40;176m[48;2;30;30;30m█[38;2;90;34;151m█[38;2;75;28;126m▓[38;2;60;23;102m▓[38;2;46;17;77m▒[39m      [38;2;49;36;30m⠘[38;2;50;36;30m⠋[38;2;49;36;30m⠈[39m                           [38;2;50;36;31m⢸[38;2;52;37;31m⣿[38;2;51;37;31m⣿[39m                                                                                                         [38;2;46;17;77m▒[38;2;60;23;102m▓[38;2;75;28;126m▓[38;2;90;34;151m█[38;2;105;40;176m█[39m[48;2;20;20;20m                  
                  [38;2;105;40;176m[48;2;30;30;30m█[38;2;90;34;151m█[38;2;75;28;126m▓[38;2;60;23;102m▓[38;2;46;17;77m▒[39m                                                                                                                                                [38;2;46;17;77m▒[38;2;60;23;102m▓[38;2;75;28;126m▓[38;2;90;34;151m█[38;2;105;40;176m█[39m[48;2;20;20;20m                  
                  [38;2;105;40;176m[48;2;30;30;30m█[38;2;90;34;151m█[38;2;75;28;126m▓[38;2;60;23;102m▓[38;2;46;17;77m▒[39m                                                                                                                                                [38;2;46;17;77m▒[38;2;60;23;102m▓[38;2;75;28;126m▓[38;2;90;34;151m█[38;2;105;40;176m█[39m[48;2;20;20;20m                  
                  [38;2;105;40;176m[48;2;30;30;30m█[38;2;90;34;151m█[38;2;75;28;126m▓[38;2;60;23;102m▓[38;2;46;17;77m▒[39m                                                                                                                                                [38;2;46;17;77m▒[38;2;60;23;102m▓[38;2;75;28;126m▓[38;2;90;34;151m█[38;2;105;40;176m█[39m[48;2;20;20;20m                  
                  [38;2;105;40;176m[48;2;30;30;30m█[38;2;90;34;151m█[38;2;75;28;126m▓[38;2;60;23;102m▓[38;2;46;17;77m▒[39m                                                                                                                                                [38;2;46;17;77m▒[38;2;60;23;102m▓[38;2;75;28;126m▓[38;2;90;34;151m█[38;2;105;40;176m█[39m[48;2;20;20;20m                  
                  [38;2;105;40;176m[48;2;30;30;30m█[38;2;90;34;151m█[38;2;75;28;126m▓[38;2;60;23;102m▓[38;2;46;17;77m▒[39m                                                                                                                                                [38;2;46;17;77m▒[38;2;60;23;102m▓[38;2;75;28;126m▓[38;2;90;34;151m█[38;2;105;40;176m█[39m[48;2;20;20;20m                  
                  [38;2;105;40;176m[48;2;30;30;30m█[38;2;90;34;151m█[38;2;75;28;126m▓[38;2;60;23;102m▓[38;2;46;17;77m▒[39m                                                                                                                                                [38;2;46;17;77m▒[38;2;60;23;102m▓[38;2;75;28;126m▓[38;2;90;34;151m█[38;2;105;40;176m█[39m[48;2;20;20;20m                  
                  [38;2;105;40;176m[48;2;30;30;30m█[38;2;90;34;151m█[38;2;75;28;126m▓[38;2;68;26;114m▓▓▓▓▓▓▓▓▓▓▓▓▓▓▓▓▓▓▓▓▓▓▓▓▓▓▓▓▓▓▓▓▓▓▓▓▓▓▓▓▓▓▓▓▓▓▓▓▓▓▓▓▓▓▓▓▓▓▓▓▓▓▓▓▓▓▓▓▓▓▓▓▓▓▓▓▓▓▓▓▓▓▓▓▓▓▓▓▓▓▓▓▓▓▓▓▓▓▓▓▓▓▓▓▓▓▓▓▓▓▓▓▓▓▓▓▓▓▓▓▓▓▓▓▓▓▓▓▓▓▓▓▓▓▓▓▓▓▓▓▓▓▓▓▓▓▓▓[38;2;75;28;126m▓[38;2;90;34;151m█[38;2;105;40;176m█[39m[48;2;20;20;20m                  
                  [38;2;105;40;176m[48;2;30;30;30m██████████████████████████████████████████████████████████████████████████████████████████████████████████████████████████████████████████████████████████[39m[48;2;20;20;20m                  
                                                                                                                                                                                              
                                                                                                                                                                                              
