[48;2;47;11;7m                                                                                                                                                                                              
                                                                                                                                                                                              
                  [38;2;40;70;125m[48;2;67;16;10m██████████████████████████████████████████████████████████████████████████████████████████████████████████████████████████████████████████████████████████[39m[48;2;47;11;7m                  
                  [38;2;40;70;125m[48;2;67;16;10m█[38;2;34;60;107m█[38;2;28;50;90m▓[38;2;26;45;81m▓▓▓▓▓▓▓▓▓▓▓▓▓▓▓▓▓▓▓▓▓▓▓▓▓▓▓▓▓▓▓▓▓▓▓▓▓▓▓▓▓▓▓▓▓▓▓▓▓▓▓▓▓▓▓▓▓▓▓▓▓▓▓▓▓▓▓▓▓▓▓▓▓▓▓▓▓▓▓▓▓▓▓▓▓▓▓▓▓▓▓▓▓▓▓▓▓▓▓▓▓▓▓▓▓▓▓▓▓▓▓▓▓▓▓▓▓▓▓▓▓▓▓▓▓▓▓▓▓▓▓▓▓▓▓▓▓▓▓▓▓▓▓▓▓▓▓▓[38;2;28;50;90m▓[38;2;34;60;107m█[38;2;40;70;125m█[39m[48;2;47;11;7m                  
                  [38;2;40;70;125m[48;2;67;16;10m█[38;2;34;60;107m█[38;2;28;50;90m▓[38;2;23;40;72m▓[38;2;17;30;55m▒[38;2;82;27;39m⡏[38;2;82;27;42m⢰[38;2;82;28;44m⣇[39m                                                                                                                                             [38;2;17;30;55m▒[38;2;23;40;72m▓[38;2;28;50;90m▓[38;2;34;60;107m█[38;2;40;70;125m█[39m[48;2;47;11;7m                  
                  [38;2;40;70;125m[48;2;67;16;10m█[38;2;34;60;107m█[38;2;28;50;90m▓[38;2;23;40;72m▓[38;2;17;30;55m▒[38;2;81;27;38m⣀[38;2;82;28;43m⣿[38;2;83;28;51m⣿⣿[39m                                                                                                                                            [38;2;17;30;55m▒[38;2;23;40;72m▓[38;2;28;50;90m▓[38;2;34;60;107m█[38;2;40;70;125m█[39m[48;2;47;11;7m                  
                  [38;2;40;70;125m[48;2;67;16;10m█[38;2;34;60;107m█[38;2;28;50;90m▓[38;2;23;40;72m▓[38;2;17;30;55m▒[38;2;81;27;33m⠈[38;2;82;27;41m⠸[38;2;84;28;57m⢿[38;2;85;29;66m⣿[38;2;85;28;62m⣿[39m                                                                                                                                           [38;2;17;30;55m▒[38;2;23;40;72m▓[38;2;28;50;90m▓[38;2;34;60;107m█[38;2;40;70;125m█[39m[48;2;47;11;7m                  
                  [38;2;40;70;125m[48;2;67;16;10m█[38;2;34;60;107m█[38;2;28;50;90m▓[38;2;23;40;72m▓[38;2;17;30;55m▒[39m  [38;2;83;28;51m⢸[38;2;84;30;71m⣿[38;2;81;33;77m⣿[38;2;85;28;63m⣷[39m                                                                                                                                          [38;2;17;30;55m▒[38;2;23;40;72m▓[38;2;28;50;90m▓[38;2;34;60;107m█[38;2;40;70;125m█[39m[48;2;47;11;7m                  
                  [38;2;40;70;125m[48;2;67;16;10m█[38;2;34;60;107m█[38;2;28;50;90m▓[38;2;23;40;72m▓[38;2;17;30;55m▒[39m   [38;2;85;28;60m⢹[38;2;82;32;76m⣿[38;2;83;31;72m⣿[38;2;84;28;53m⡇[39m                                                                                                                                         [38;2;17;30;55m▒[38;2;23;40;72m▓[38;2;28;50;90m▓[38;2;34;60;107m█[38;2;40;70;125m█[39m[48;2;47;11;7m                  
                  [38;2;40;70;125m[48;2;67;16;10m█[38;2;34;60;107m█[38;2;28;50;90m▓[38;2;23;40;72m▓[38;2;17;30;55m▒[39m    [38;2;84;28;57m⢻[38;2;85;28;63m⣿[38;2;84;28;55m⣿[39m                                                                                                                                         [38;2;17;30;55m▒[38;2;23;40;72m▓[38;2;28;50;90m▓[38;2;34;60;107m█[38;2;40;70;125m█[39m[48;2;47;11;7m                  
                  [38;2;40;70;125m[48;2;67;16;10m█[38;2;34;60;107m█[38;2;28;50;90m▓[38;2;23;40;72m▓[38;2;17;30;55m▒[39m     [38;2;83;28;46m⠸[38;2;83;28;50m⣿[38;2;82;28;43m⣷[39m                                                                                                                                        [38;2;17;30;55m▒[38;2;23;40;72m▓[38;2;28;50;90m▓[38;2;34;60;107m█[38;2;40;70;125m█[39m[48;2;47;11;7m                  
                  [38;2;40;70;125m[48;2;67;16;10m█[38;2;34;60;107m█[38;2;28;50;90m▓[38;2;23;40;72m▓[38;2;17;30;55m▒[39m      [38;2;81;27;38m⢸[38;2;82;27;40m⣿[39m                                                                                                                                        [38;2;17;30;55m▒[38;2;23;40;72m▓[38;2;28;50;90m▓[38;2;34;60;107m█[38;2;40;70;125m█[39m[48;2;47;11;7m                  
                  [38;2;40;70;125m[48;2;67;16;10m█[38;2;34;60;107m█[38;2;28;50;90m▓[38;2;23;40;72m▓[38;2;17;30;55m▒[39m       [38;2;81;27;37m⠘[39m                                                                                                                                        [38;2;17;30;55m▒[38;2;23;40;72m▓[38;2;28;50;90m▓[38;2;34;60;107m█[38;2;40;70;125m█[39m[48;2;47;11;7m                  
                  [38;2;40;70;125m[48;2;67;16;10m█[38;2;34;60;107m█[38;2;28;50;90m▓[38;2;23;40;72m▓[38;2;17;30;55m▒[39m        [38;2;83;28;51m⣶[38;2;83;28;49m⡄[39m                                                                                                                                      [38;2;17;30;55m▒[38;2;23;40;72m▓[38;2;28;50;90m▓[38;2;34;60;107m█[38;2;40;70;125m█[39m[48;2;47;11;7m                  
                  [38;2;40;70;125m[48;2;67;16;10m█[38;2;34;60;107m█[38;2;28;50;90m▓[38;2;23;40;72m▓[38;2;17;30;55m▒[39m       [38;2;83;28;50m⢠[38;2;81;33;80m⣿[38;2;79;35;83m⣿[38;2;85;28;64m⡇[39m                                                                                                                                     [38;2;17;30;55m▒[38;2;23;40;72m▓[38;2;28;50;90m▓[38;2;34;60;107m█[38;2;40;70;125m█[39m[48;2;47;11;7m                  
                  [38;2;40;70;125m[48;2;67;16;10m█[38;2;34;60;107m█[38;2;28;50;90m▓[38;2;23;40;72m▓[38;2;17;30;55m▒[39m       [38;2;84;28;55m⢸[38;2;76;38;93m⣿[38;2;74;40;99m⣿[38;2;81;33;78m⣿[39m                                                                                                                                     [38;2;17;30;55m▒[38;2;23;40;72m▓[38;2;28;50;90m▓[38;2;34;60;107m█[38;2;40;70;125m█[39m[48;2;47;11;7m                  
                  [38;2;40;70;125m[48;2;67;16;10m█[38;2;34;60;107m█[38;2;28;50;90m▓[38;2;23;40;72m▓[38;2;17;30;55m▒[39m        [38;2;77;37;90m⣿[38;2;75;39;96m⣿[38;2;82;32;77m⣿[39m                                                     [38;2;80;27;29m⢰[38;2;80;27;30m⣦[39m                                                                              [38;2;17;30;55m▒[38;2;23;40;72m▓[38;2;28;50;90m▓[38;2;34;60;107m█[38;2;40;70;125m█[39m[48;2;47;11;7m                  
                  [38;2;40;70;125m[48;2;67;16;10m█[38;2;34;60;107m█[38;2;28;50;90m▓[38;2;23;40;72m▓[38;2;17;30;55m▒[39m        [38;2;83;31;72m⣿[38;2;82;32;76m⣿[38;2;85;28;59m⡇[39m                                                     [38;2;80;27;30m⠸[38;2;80;27;31m⡟[39m                                                         [38;2;84;28;56m⣴[38;2;84;28;53m⣶[38;2;82;27;41m⣦[39m                  [38;2;17;30;55m▒[38;2;23;40;72m▓[38;2;28;50;90m▓[38;2;34;60;107m█[38;2;40;70;125m█[39m[48;2;47;11;7m                  
                  [38;2;40;70;125m[48;2;67;16;10m█[38;2;34;60;107m█[38;2;28;50;90m▓[38;2;23;40;72m▓[38;2;17;30;55m▒[39m        [38;2;85;28;62m⣿⣿[38;2;83;28;46m⡇[39m          [38;2;80;27;28m⡄[39m                                                                                                  [38;2;84;28;52m⢠[38;2;83;31;73m⣶[38;2;79;35;84m⣿[38;2;80;34;80m⣿[38;2;85;28;64m⣿[38;2;82;28;45m⣿[39m    [38;2;80;27;30m⠈[38;2;81;27;37m⢻[38;2;81;27;39m⣷[38;2;81;27;35m⡄[39m          [38;2;17;30;55m▒[38;2;23;40;72m▓[38;2;28;50;90m▓[38;2;34;60;107m█[38;2;40;70;125m█[39m[48;2;47;11;7m                  
                  [38;2;40;70;125m[48;2;67;16;10m█[38;2;34;60;107m█[38;2;28;50;90m▓[38;2;23;40;72m▓[38;2;17;30;55m▒[39m        [38;2;83;28;52m⣿[38;2;83;28;51m⣿[39m             [38;2;80;27;31m⢻[38;2;81;27;34m⣷[38;2;81;27;35m⣦[39m   [38;2;85;28;60m⢀[38;2;78;36;87m⣴[38;2;70;44;111m⣶[38;2;53;52;117m⣶[38;2;60;49;115m⣶[38;2;73;41;102m⣶[38;2;81;33;79m⣤[38;2;85;28;59m⡀[39m  [38;2;85;28;61m⢀[38;2;81;33;78m⣤[38;2;78;36;86m⣤⣤[38;2;80;34;82m⣤⣤[38;2;79;35;84m⣤[38;2;78;36;87m⣤[38;2;79;35;85m⣤[38;2;81;33;79m⣄[38;2;85;29;67m⡀[39m                                               [38;2;84;28;55m⣠[38;2;85;29;66m⣤[38;2;83;31;73m⣤[38;2;82;32;77m⣴[38;2;82;32;76m⣶[38;2;85;29;67m⣄[39m                [38;2;83;28;50m⢰[38;2;84;30;69m⣿[38;2;79;35;84m⣿[38;2;78;36;88m⣿[38;2;81;33;78m⣿[38;2;85;28;59m⡟[39m      [38;2;81;27;36m⠘[38;2;82;27;41m⣿[38;2;81;27;39m⣿[39m          [38;2;17;30;55m▒[38;2;23;40;72m▓[38;2;28;50;90m▓[38;2;34;60;107m█[38;2;40;70;125m█[39m[48;2;47;11;7m                  
                  [38;2;40;70;125m[48;2;67;16;10m█[38;2;34;60;107m█[38;2;28;50;90m▓[38;2;23;40;72m▓[38;2;17;30;55m▒[39m        [38;2;82;28;43m⣿[38;2;82;27;40m⡇[39m              [38;2;81;27;33m⠘[38;2;81;27;37m⢿[38;2;82;28;45m⣿[38;2;85;28;62m⣶[38;2;70;44;109m⣾[38;2;0;92;124m⣿[38;2;3;130;73m⣿[38;2;34;143;58m⣿[38;2;28;142;59m⣿[38;2;4;131;71m⣿[38;2;0;113;102m⣿[38;2;0;92;123m⣿[38;2;17;69;130m⣿[38;2;67;46;112m⣿[38;2;57;50;116m⣿[38;2;6;73;133m⣿[38;2;0;89;125m⣿[38;2;0;86;128m⣿[38;2;13;70;131m⣿[38;2;45;56;120m⣿[38;2;54;51;117m⣿[38;2;49;54;119m⣿[38;2;34;61;124m⣿[38;2;20;67;128m⣿[38;2;9;72;132m⣿[38;2;4;74;134m⣿[38;2;18;68;129m⣿[38;2;56;51;116m⣷[38;2;78;36;86m⣦[39m                       [38;2;82;32;76m⣠[38;2;79;35;85m⣴[38;2;76;38;92m⣶[38;2;74;40;99m⣶[38;2;72;42;105m⣶⣶[38;2;72;42;104m⣶[38;2;69;45;112m⣶[38;2;51;53;118m⣶[38;2;48;54;119m⣶[38;2;66;46;113m⣤[38;2;76;38;94m⣤[38;2;81;33;78m⣤[38;2;85;28;64m⣄[39m     [38;2;81;27;37m⢠[38;2;83;28;52m⣾[38;2;84;30;71m⣿[38;2;77;37;89m⣿[38;2;72;42;104m⣿[38;2;50;54;118m⣿[38;2;15;69;130m⣿[38;2;5;74;134m⣿[38;2;32;61;124m⣿[38;2;75;39;97m⣦[39m    [38;2;84;30;69m⣠[38;2;81;33;79m⣤[38;2;80;34;81m⣤[38;2;83;31;73m⣄[38;2;84;28;59m⡀[39m    [38;2;82;27;39m⣸[38;2;83;28;52m⣿[38;2;85;29;66m⣿[38;2;83;31;73m⡿[38;2;85;29;68m⠟[39m          [38;2;81;27;38m⢻[39m          [38;2;17;30;55m▒[38;2;23;40;72m▓[38;2;28;50;90m▓[38;2;34;60;107m█[38;2;40;70;125m█[39m[48;2;47;11;7m                  
                  [38;2;40;70;125m[48;2;67;16;10m█[38;2;34;60;107m█[38;2;28;50;90m▓[38;2;23;40;72m▓[38;2;17;30;55m▒[39m        [38;2;81;27;38m⣿[39m                 [38;2;85;28;60m⢸[38;2;47;55;119m⣿[38;2;3;127;77m⣿[38;2;85;155;52m⣿[38;2;110;164;46m⣿[38;2;91;157;50m⣿[38;2;47;146;56m⣿[38;2;4;135;64m⣿[38;2;2;121;89m⣿[38;2;1;117;96m⣿[38;2;1;116;97m⣿[38;2;0;108;110m⣿[38;2;0;102;116m⣿⣿[38;2;0;103;115m⣿[38;2;0;91;124m⣿[38;2;12;71;131m⣿[38;2;48;54;119m⣿[38;2;59;49;115m⣿[38;2;53;52;117m⣿[38;2;38;59;122m⣿[38;2;22;66;128m⣿[38;2;6;74;133m⣿[38;2;0;81;132m⣿[38;2;0;91;124m⣿[38;2;0;99;118m⣿[38;2;0;93;123m⣿[38;2;3;75;134m⣿[38;2;31;62;125m⣶[38;2;21;67;128m⣶[38;2;20;67;128m⣾[38;2;54;51;117m⣿[38;2;79;35;83m⣿[38;2;84;28;56m⣿[38;2;82;27;40m⣷[38;2;80;27;31m⡄[39m  [38;2;80;27;31m⢸[38;2;81;27;34m⣿[38;2;81;27;38m⣿[38;2;82;27;40m⣿[38;2;82;28;45m⣷[38;2;84;28;55m⣶[38;2;85;28;63m⣦[38;2;83;31;73m⣄[38;2;67;46;112m⣠[38;2;0;85;129m⣴[38;2;0;100;117m⣾[38;2;0;93;123m⣿[38;2;24;65;127m⣿[38;2;57;50;116m⣿[38;2;64;47;113m⣿[38;2;54;52;117m⣿[38;2;28;63;126m⣿[38;2;0;78;134m⣿[38;2;0;100;118m⣿[38;2;4;135;64m⣿[38;2;81;153;53m⣿[38;2;94;158;50m⣿[38;2;54;148;56m⣿[38;2;2;122;86m⣿[38;2;0;98;119m⣿[38;2;0;86;128m⣿[38;2;6;74;133m⣿[38;2;48;54;119m⣷[38;2;77;37;91m⣶[38;2;84;28;58m⣶[38;2;82;27;42m⣾[38;2;82;27;40m⡿[38;2;83;28;50m⠿[38;2;85;29;68m⣿[38;2;79;35;85m⣿[38;2;73;41;101m⣿[38;2;52;53;118m⣿[38;2;11;71;131m⣿[38;2;0;79;133m⣿[38;2;3;75;134m⣿[38;2;36;60;123m⣿[38;2;58;50;115m⣿[38;2;44;56;120m⣿[38;2;0;82;132m⣿[38;2;0;109;109m⣿[38;2;3;125;80m⣿[38;2;3;127;78m⣿[38;2;2;120;91m⣿[38;2;0;107;112m⣿[38;2;0;92;123m⣿[38;2;14;70;130m⣿[38;2;70;44;109m⣷[38;2;84;30;69m⣶[38;2;83;28;47m⣾[38;2;82;27;41m⡟[38;2;82;27;42m⠋[39m             [38;2;81;27;36m⢰[38;2;81;27;35m⣇[39m         [38;2;17;30;55m▒[38;2;23;40;72m▓[38;2;28;50;90m▓[38;2;34;60;107m█[38;2;40;70;125m█[39m[48;2;47;11;7m                  
                  [38;2;40;70;125m[48;2;67;16;10m█[38;2;34;60;107m█[38;2;28;50;90m▓[38;2;23;40;72m▓[38;2;17;30;55m▒[39m        [38;2;80;34;80m⣶[39m                 [38;2;83;31;74m⢸[38;2;0;97;120m⣿[38;2;97;159;49m⣿[38;2;142;175;40m⣿[38;2;138;173;41m⣿[38;2;75;152;53m⣿[38;2;4;132;70m⣿[38;2;0;111;106m⣿[38;2;0;100;117m⣿[38;2;0;107;112m⣿[38;2;2;125;82m⣿[38;2;11;138;61m⣿[38;2;16;139;60m⣿[38;2;3;129;74m⣿[38;2;0;106;112m⣿[38;2;2;75;135m⡿[38;2;68;45;112m⠋[39m    [38;2;73;41;101m⠈[38;2;57;50;116m⠹[38;2;25;65;127m⢿[38;2;0;86;128m⣿[38;2;0;113;102m⣿[38;2;3;127;79m⣿[38;2;2;121;89m⣿[38;2;0;107;112m⣿[38;2;0;96;120m⣿[38;2;0;88;127m⣿[38;2;26;64;126m⣿[38;2;77;37;91m⣿[38;2;84;28;58m⣿[38;2;82;27;40m⠇[39m       [38;2;82;28;45m⠻[38;2;85;28;61m⣿[38;2;80;34;82m⣿[38;2;37;59;123m⣿[38;2;2;122;87m⣿[38;2;70;151;54m⣿[38;2;71;151;54m⣿[38;2;3;129;74m⣿[38;2;6;73;133m⣿[38;2;59;49;115m⣿[38;2;70;44;110m⣿[38;2;62;48;114m⣿[38;2;33;61;124m⣿[38;2;0;81;132m⣿[38;2;0;111;105m⣿[38;2;62;149;55m⣿[38;2;131;171;41m⣿[38;2;145;176;40m⣿[38;2;114;165;45m⣿[38;2;31;142;58m⣿[38;2;1;117;95m⣿[38;2;0;103;115m⣿[38;2;0;98;119m⣿[38;2;0;94;122m⣿[38;2;0;77;135m⣿[38;2;65;47;113m⣿[38;2;85;28;63m⣧[39m     [38;2;78;36;87m⠘[38;2;58;50;115m⠻[38;2;27;64;126m⢿[38;2;18;68;129m⣿[38;2;0;77;135m⣿[38;2;0;107;112m⣿[38;2;13;138;60m⣿[38;2;76;152;53m⣿[38;2;88;156;51m⣿[38;2;74;152;53m⣿[38;2;31;142;58m⣿[38;2;3;130;73m⣿[38;2;1;117;95m⣿[38;2;1;115;99m⣿[38;2;0;112;104m⣿[38;2;0;97;120m⣿[38;2;29;63;125m⣿[38;2;81;33;79m⣿[39m               [38;2;81;27;35m⢸[38;2;81;27;34m⡟[39m         [38;2;17;30;55m▒[38;2;23;40;72m▓[38;2;28;50;90m▓[38;2;34;60;107m█[38;2;40;70;125m█[39m[48;2;47;11;7m                  
                  [38;2;40;70;125m[48;2;67;16;10m█[38;2;34;60;107m█[38;2;28;50;90m▓[38;2;23;40;72m▓[38;2;17;30;55m▒[39m       [38;2;15;69;130m⣾[38;2;0;85;129m⣿[38;2;8;72;132m⣿[38;2;83;31;74m⡆[39m               [38;2;80;34;82m⢸[38;2;0;111;106m⣿[38;2;115;165;45m⣿[38;2;137;173;41m⣿[38;2;94;158;50m⣿[38;2;0;86;128m⣿[39m   [38;2;60;49;115m⢻[38;2;0;96;120m⣿[38;2;4;135;64m⣿[38;2;41;144;57m⣿[38;2;7;137;61m⣿[38;2;0;99;118m⣿[38;2;70;44;109m⣇[39m        [38;2;74;40;98m⠸[38;2;0;98;119m⣿[38;2;15;139;60m⣿[38;2;33;143;58m⣿[38;2;4;133;68m⣿[38;2;0;105;113m⣿[38;2;0;86;128m⣿[38;2;42;57;121m⣿[38;2;81;33;78m⡿[39m          [38;2;84;28;57m⠸[38;2;76;38;93m⣿[38;2;0;87;127m⣿[38;2;36;143;58m⣿[38;2;107;162;47m⣿[38;2;91;157;50m⣿[38;2;3;126;80m⣿[38;2;51;53;118m⡿[39m   [38;2;82;32;76m⠈[38;2;66;46;113m⢻[38;2;0;88;126m⣿[38;2;33;143;58m⣿[38;2;125;169;43m⣿[38;2;147;176;40m⣿[38;2;122;168;43m⣿[38;2;38;144;58m⣿[38;2;0;112;103m⣿[38;2;0;94;122m⣿[38;2;0;95;121m⣿[38;2;0;107;112m⣿[38;2;0;103;115m⣿[38;2;0;79;133m⣿[38;2;76;38;93m⣿[39m        [38;2;75;39;95m⢸[38;2;0;100;117m⣿[38;2;75;152;53m⣿[38;2;130;171;41m⣿[38;2;137;173;41m⣿[38;2;109;163;46m⣿[38;2;67;150;54m⣿[38;2;6;137;61m⣿[38;2;1;117;96m⣿[38;2;0;105;113m⣿[38;2;0;111;106m⣿[38;2;3;127;77m⣿[38;2;3;131;72m⣿[38;2;0;108;110m⣿[38;2;41;58;121m⣿[38;2;84;28;56m⡇[39m              [38;2;81;27;34m⠸[39m          [38;2;17;30;55m▒[38;2;23;40;72m▓[38;2;28;50;90m▓[38;2;34;60;107m█[38;2;40;70;125m█[39m[48;2;47;11;7m                  
                  [38;2;40;70;125m[48;2;67;16;10m█[38;2;34;60;107m█[38;2;28;50;90m▓[38;2;23;40;72m▓[38;2;17;30;55m▒[39m      [38;2;81;33;80m⢸[38;2;0;88;127m⣿[38;2;0;109;109m⣿[38;2;0;98;119m⣿[38;2;72;42;105m⣷[39m               [38;2;80;34;81m⣼[38;2;0;92;123m⣿[38;2;44;145;57m⣿[38;2;55;148;56m⣿[38;2;2;124;84m⣿[38;2;74;40;98m⡇[39m    [38;2;73;41;102m⢹[38;2;0;94;122m⣿[38;2;3;130;72m⣿[38;2;16;139;60m⣿[38;2;3;126;80m⣿[38;2;0;89;126m⣿[38;2;68;45;112m⣧[39m        [38;2;0;82;131m⣿[38;2;8;137;61m⣿[38;2;35;143;58m⣿[38;2;3;125;81m⣿[38;2;20;67;129m⣿[38;2;76;38;94m⡿[39m             [38;2;81;33;78m⢸[38;2;0;86;128m⣿[38;2;14;139;60m⣿[38;2;61;149;55m⣿[38;2;4;133;67m⣿[38;2;12;71;131m⡿[39m      [38;2;81;33;78m⠸[38;2;4;75;134m⢿[38;2;2;120;89m⣿[38;2;29;142;59m⣿[38;2;25;141;59m⣿[38;2;1;117;95m⣿[38;2;4;74;134m⣿[38;2;74;40;98m⠇[38;2;70;44;109m⠹[38;2;0;88;127m⣿[38;2;0;106;113m⣿[38;2;0;94;122m⣿[38;2;69;45;112m⣿[39m       [38;2;84;30;69m⢠[38;2;35;60;123m⣾[38;2;2;123;84m⣿[38;2;99;160;48m⣿[38;2;132;171;41m⣿[38;2;114;165;45m⣿[38;2;24;141;59m⣿[38;2;0;93;123m⣿[38;2;65;46;113m⠟[39m  [38;2;56;51;116m⢸[38;2;1;115;98m⣿[38;2;27;142;59m⣿[38;2;6;137;61m⣿[38;2;0;89;126m⣿[38;2;80;34;82m⣷[39m                         [38;2;17;30;55m▒[38;2;23;40;72m▓[38;2;28;50;90m▓[38;2;34;60;107m█[38;2;40;70;125m█[39m[48;2;47;11;7m                  
                  [38;2;40;70;125m[48;2;67;16;10m█[38;2;34;60;107m█[38;2;28;50;90m▓[38;2;23;40;72m▓[38;2;17;30;55m▒[39m      [38;2;83;31;72m⢸[38;2;0;76;135m⣿[38;2;0;100;117m⣿[38;2;0;94;122m⣿[38;2;57;50;116m⣿[38;2;84;30;71m⣇[39m            [38;2;81;27;36m⢠[38;2;83;28;46m⣾[38;2;85;29;67m⣿[38;2;65;47;113m⣿[38;2;0;87;128m⣿[38;2;0;94;122m⣿[38;2;0;77;135m⣿[38;2;74;40;99m⣿[38;2;85;29;67m⡄[39m    [38;2;72;42;104m⢸[38;2;0;88;127m⣿[38;2;2;120;90m⣿[38;2;4;134;66m⣿[38;2;3;128;76m⣿[38;2;0;109;109m⣿[38;2;0;76;135m⣷[38;2;72;42;105m⣦[39m    [38;2;75;39;97m⢠[38;2;0;86;128m⣾[38;2;11;138;61m⣿[38;2;81;153;53m⣿[38;2;45;145;57m⣿[38;2;0;106;112m⣿[38;2;74;40;98m⣿[39m              [38;2;85;29;67m⢸[38;2;19;67;129m⣿[38;2;0;97;119m⣿[38;2;0;95;121m⣿[38;2;45;56;120m⣿[39m        [38;2;82;32;76m⢸[38;2;46;55;119m⣿[38;2;0;93;123m⣿[38;2;1;115;99m⣿[38;2;1;114;100m⣿[38;2;0;93;123m⣿[38;2;43;57;121m⣷[38;2;73;41;100m⣤[38;2;24;65;127m⣿[38;2;0;85;129m⣿[38;2;0;80;133m⣿[38;2;73;41;103m⣿[39m      [38;2;75;39;96m⢰[38;2;21;67;128m⣾[38;2;0;98;119m⣿[38;2;4;132;70m⣿[38;2;70;151;54m⣿[38;2;72;151;54m⣿[38;2;4;132;69m⣿[38;2;19;68;129m⡿[39m    [38;2;74;40;99m⢸[38;2;1;118;93m⣿[38;2;52;147;56m⣿[38;2;41;145;57m⣿[38;2;0;103;115m⣿[38;2;73;41;102m⣿[38;2;85;29;68m⣷[38;2;84;28;57m⣶[38;2;85;28;63m⣴[38;2;83;31;74m⣶[38;2;78;36;86m⣶[38;2;73;41;101m⣶[38;2;57;50;116m⣶[38;2;31;62;125m⣶[38;2;16;69;130m⣾[38;2;12;71;131m⣿[38;2;10;71;132m⣿[38;2;8;72;132m⣿[38;2;16;69;130m⣿[38;2;52;52;117m⣿[38;2;79;35;85m⣷[39m          [38;2;17;30;55m▒[38;2;23;40;72m▓[38;2;28;50;90m▓[38;2;34;60;107m█[38;2;40;70;125m█[39m[48;2;47;11;7m                  
                  [38;2;40;70;125m[48;2;67;16;10m█[38;2;34;60;107m█[38;2;28;50;90m▓[38;2;23;40;72m▓[38;2;17;30;55m▒[39m       [38;2;79;35;84m⢹[38;2;65;46;113m⣿[38;2;55;51;116m⣿[38;2;70;44;110m⣿[38;2;63;47;114m⣿[38;2;22;66;128m⣿[38;2;0;87;127m⣿[38;2;0;92;124m⣿[38;2;12;71;131m⣷[38;2;76;38;94m⣆[39m       [38;2;81;27;37m⣿[38;2;82;28;43m⡿[38;2;83;28;47m⠟[38;2;84;28;54m⠋[38;2;82;32;76m⢻[38;2;75;39;97m⣿[38;2;70;44;109m⣿[38;2;69;45;112m⣿[38;2;63;48;114m⣿[38;2;45;56;120m⣿[38;2;33;61;124m⣷[38;2;35;60;123m⣶[38;2;44;56;120m⣶[38;2;49;54;118m⣾[38;2;19;68;129m⣿[38;2;0;94;122m⣿[38;2;2;122;86m⣿[38;2;13;138;60m⣿[38;2;30;142;58m⣿[38;2;15;139;60m⣿[38;2;3;130;72m⣿[38;2;2;121;88m⣿[38;2;2;125;82m⣿[38;2;4;135;64m⣿[38;2;28;142;59m⣿[38;2;64;150;55m⣿[38;2;104;161;47m⣿[38;2;124;169;43m⣿[38;2;108;163;47m⣿[38;2;16;139;60m⣿[38;2;0;79;133m⣿[38;2;82;32;74m⡇[39m              [38;2;83;28;51m⢸[38;2;71;43;106m⣿[38;2;19;67;129m⣿[38;2;12;71;131m⣿[38;2;64;47;113m⣿[38;2;81;33;79m⣄[38;2;80;34;82m⣀[38;2;53;52;117m⣤[38;2;0;78;135m⣴[38;2;0;83;130m⣦[38;2;23;66;127m⣤[38;2;75;39;95m⣄[38;2;85;28;60m⣰[38;2;83;28;51m⣾[38;2;85;29;68m⣿[38;2;70;44;111m⣿[38;2;0;81;132m⣿[38;2;0;107;112m⣿[38;2;1;119;92m⣿⣿[38;2;0;112;104m⣿[38;2;0;106;113m⣿[38;2;0;92;124m⣿[38;2;11;71;132m⣿[38;2;73;41;102m⣿[39m   [38;2;79;35;85m⢀[38;2;64;47;113m⣴[38;2;8;73;133m⣾[38;2;0;93;123m⣿[38;2;0;103;115m⣿[38;2;0;107;112m⣿[38;2;0;104;114m⣿[38;2;0;101;117m⣿[38;2;0;89;126m⣿[38;2;19;68;129m⣿[38;2;73;41;103m⣷[38;2;84;30;70m⡄[39m  [38;2;79;35;83m⢠[38;2;14;70;131m⣾[38;2;3;128;77m⣿[38;2;37;144;58m⣿[38;2;4;134;65m⣿[38;2;0;84;130m⣿[38;2;76;38;93m⣿[38;2;84;30;70m⣿[38;2;85;28;65m⣿[38;2;82;32;77m⣿[38;2;75;39;95m⣿[38;2;63;47;114m⣿[38;2;25;65;127m⣿[38;2;0;85;129m⣿[38;2;0;102;116m⣿[38;2;0;110;107m⣿[38;2;0;110;108m⣿[38;2;0;104;114m⣿[38;2;0;100;117m⣿[38;2;0;98;119m⣿[38;2;0;86;128m⣿[38;2;35;60;123m⣿[38;2;80;34;82m⣿[39m         [38;2;17;30;55m▒[38;2;23;40;72m▓[38;2;28;50;90m▓[38;2;34;60;107m█[38;2;40;70;125m█[39m[48;2;47;11;7m                  
                  [38;2;40;70;125m[48;2;67;16;10m█[38;2;34;60;107m█[38;2;28;50;90m▓[38;2;23;40;72m▓[38;2;17;30;55m▒[39m        [38;2;83;28;49m⠈[38;2;85;28;64m⢿[38;2;79;35;84m⣿[38;2;60;49;115m⣿[38;2;1;76;135m⣿[38;2;0;100;117m⣿[38;2;0;105;114m⣿[38;2;0;82;131m⣿[38;2;72;42;104m⣿[39m  [38;2;80;27;27m⠘⠋[39m        [38;2;84;28;53m⠘[38;2;82;32;76m⢿[38;2;74;40;98m⣿[38;2;60;49;115m⣿[38;2;29;63;125m⣿[38;2;7;73;133m⣿[38;2;2;75;135m⣿[38;2;11;71;131m⣿[38;2;29;63;125m⣿[38;2;38;59;122m⣿[38;2;27;64;126m⣿[38;2;0;85;129m⣿[38;2;1;114;100m⣿[38;2;4;136;62m⣿[38;2;29;142;59m⣿[38;2;32;143;58m⣿[38;2;41;145;57m⣿[38;2;81;153;53m⣿[38;2;104;162;47m⣿[38;2;113;165;45m⣿[38;2;116;166;45m⣿[38;2;125;169;42m⣿[38;2;121;167;43m⣿[38;2;78;153;53m⣿[38;2;1;113;101m⣿[38;2;49;54;118m⣿[38;2;81;33;79m⣷[38;2;84;28;58m⣆[39m              [38;2;82;32;75m⢻[38;2;64;47;114m⣿[38;2;30;63;125m⣿[38;2;23;66;128m⣿[38;2;0;80;133m⣿[38;2;2;121;88m⣿[38;2;76;152;53m⣿[38;2;122;168;43m⣿[38;2;107;163;47m⣿[38;2;23;141;59m⣿[38;2;8;73;133m⣿[38;2;82;32;75m⣿[38;2;82;28;45m⡿[38;2;82;28;44m⠛[38;2;84;28;56m⠻[38;2;74;40;97m⢿[38;2;3;75;134m⣿[38;2;0;107;112m⣿[38;2;2;124;83m⣿[38;2;3;128;77m⣿[38;2;2;122;86m⣿[38;2;0;109;109m⣿[38;2;0;96;120m⣿[38;2;0;86;128m⣿[38;2;0;81;132m⣿[38;2;0;77;135m⣿[38;2;0;78;134m⣿[38;2;0;82;131m⣿[38;2;0;88;127m⣿[38;2;0;95;121m⣿[38;2;0;101;117m⣿[38;2;0;97;120m⣿[38;2;0;79;134m⣿[38;2;51;53;118m⣿[38;2;71;43;106m⣿[38;2;70;44;109m⣿[38;2;67;45;112m⣿[38;2;72;42;104m⣿⣿[38;2;62;48;114m⣿[38;2;49;54;119m⣿[38;2;41;57;121m⣿[38;2;0;81;132m⣿[38;2;0;113;102m⣿[38;2;1;118;93m⣿[38;2;0;95;121m⣿[38;2;69;45;112m⣿[38;2;85;28;65m⠿[38;2;84;28;56m⠛[38;2;84;28;58m⠻[38;2;84;30;71m⢿[38;2;77;37;89m⣿[38;2;70;44;111m⣿[38;2;31;62;125m⣿[38;2;0;83;130m⣿[38;2;0;103;115m⣿[38;2;1;114;100m⣿[38;2;1;115;99m⣿[38;2;0;108;111m⣿[38;2;0;101;116m⣿[38;2;0;101;117m⣿[38;2;0;94;122m⣿[38;2;2;75;135m⣿[38;2;71;43;106m⣿[38;2;85;28;59m⣷[39m        [38;2;17;30;55m▒[38;2;23;40;72m▓[38;2;28;50;90m▓[38;2;34;60;107m█[38;2;40;70;125m█[39m[48;2;47;11;7m                  
                  [38;2;40;70;125m[48;2;67;16;10m█[38;2;34;60;107m█[38;2;28;50;90m▓[38;2;23;40;72m▓[38;2;17;30;55m▒[39m          [38;2;84;28;56m⠘[38;2;75;39;95m⢿[38;2;27;64;126m⣿[38;2;0;90;125m⣿[38;2;0;96;120m⣿[38;2;3;75;134m⣿[38;2;75;39;97m⠟[39m               [38;2;76;38;92m⠻[38;2;55;51;117m⣿[38;2;23;66;127m⣿[38;2;14;70;131m⣿[38;2;21;67;128m⣿[38;2;41;58;121m⣿[38;2;62;48;114m⣿[38;2;71;43;106m⣿[38;2;70;44;110m⣿[38;2;32;62;124m⣿[38;2;0;91;124m⣿[38;2;1;115;99m⣿[38;2;4;131;71m⣿[38;2;24;141;59m⣿[38;2;74;152;53m⣿[38;2;101;160;48m⣿[38;2;107;163;47m⣿[38;2;101;160;48m⣿[38;2;84;154;52m⣿[38;2;27;141;59m⣿[38;2;0;106;113m⣿[38;2;48;54;119m⣿[38;2;78;36;86m⣿[38;2;82;32;74m⣿[38;2;85;29;66m⣿[38;2;84;28;55m⣿[38;2;82;28;44m⣦[39m             [38;2;80;34;81m⣿[38;2;68;45;112m⣿[38;2;26;65;127m⣿[38;2;0;93;123m⣿[38;2;5;137;61m⣿[38;2;103;161;47m⣿[38;2;141;174;40m⣿[38;2;123;168;43m⣿[38;2;37;144;58m⣿[38;2;4;74;134m⣿[38;2;84;30;71m⠇[39m    [38;2;79;35;84m⠘[38;2;27;64;126m⢿[38;2;0;98;119m⣿[38;2;1;114;100m⣿[38;2;0;113;102m⣿[38;2;0;102;116m⣿[38;2;0;93;123m⣿[38;2;0;90;125m⣿[38;2;0;88;127m⣿[38;2;0;85;129m⣿[38;2;0;84;129m⣿[38;2;0;86;128m⣿[38;2;0;88;127m⣿⣿[38;2;0;79;133m⣿[38;2;41;57;121m⡿[38;2;79;35;86m⠋[39m  [38;2;85;28;65m⠘[38;2;80;34;82m⠿[38;2;77;37;90m⣿[38;2;72;42;103m⣿[38;2;58;50;115m⣿[38;2;44;56;120m⣿[38;2;42;57;121m⣿[38;2;27;64;126m⣿[38;2;19;67;129m⣿[38;2;44;56;120m⡿[38;2;78;36;86m⠏[39m       [38;2;80;34;81m⠈[38;2;72;42;106m⠻[38;2;38;59;122m⢿[38;2;9;72;132m⣿[38;2;1;76;135m⣿[38;2;9;72;132m⣿[38;2;12;71;131m⣿[38;2;0;78;134m⣿[38;2;0;82;131m⣿[38;2;12;71;131m⣿[38;2;71;43;106m⣿[38;2;85;28;60m⣿[39m        [38;2;17;30;55m▒[38;2;23;40;72m▓[38;2;28;50;90m▓[38;2;34;60;107m█[38;2;40;70;125m█[39m[48;2;47;11;7m                  
                  [38;2;40;70;125m[48;2;67;16;10m█[38;2;34;60;107m█[38;2;28;50;90m▓[38;2;23;40;72m▓[38;2;17;30;55m▒[39m                                           [38;2;81;33;79m⠙[38;2;71;43;107m⠿[38;2;22;66;128m⠿[38;2;0;92;123m⣿[38;2;0;106;113m⣿[38;2;0;102;116m⣿[38;2;0;82;131m⣿[38;2;49;54;119m⠿[38;2;77;37;89m⠟[39m  [38;2;84;28;54m⠈[38;2;85;28;60m⠻⢿[38;2;84;28;55m⣿[38;2;82;28;45m⣿[38;2;81;27;36m⣧[38;2;81;27;35m⣠[38;2;82;27;41m⣴[38;2;83;28;50m⣶[38;2;84;28;53m⣶[38;2;83;28;46m⣦[38;2;81;27;36m⡄[39m      [38;2;82;27;41m⠘[38;2;85;28;65m⢿[38;2;72;42;103m⣿[38;2;0;78;134m⣿[38;2;3;125;81m⣿[38;2;72;151;54m⣿[38;2;105;162;47m⣿[38;2;72;151;54m⣿[38;2;1;117;94m⣿[38;2;71;43;108m⠇[39m        [38;2;75;39;97m⠻[38;2;53;52;117m⠿[38;2;28;63;126m⠿[38;2;12;71;131m⣿[38;2;1;76;135m⣿[38;2;0;77;135m⣿[38;2;6;73;133m⣿[38;2;15;70;130m⣿[38;2;30;63;125m⣿[38;2;59;49;115m⠿[38;2;77;37;90m⠟[39m        [38;2;84;30;71m⠈[38;2;76;38;92m⠛[38;2;73;41;100m⠿[38;2;77;37;91m⠿[38;2;83;31;72m⠟[39m             [38;2;85;28;63m⠘[38;2;81;33;78m⢿[38;2;77;37;90m⣿[38;2;73;41;100m⣿[38;2;66;46;113m⣿[38;2;58;50;116m⣿[38;2;71;43;108m⣿[38;2;81;33;79m⣿[38;2;83;28;47m⠇[39m        [38;2;17;30;55m▒[38;2;23;40;72m▓[38;2;28;50;90m▓[38;2;34;60;107m█[38;2;40;70;125m█[39m[48;2;47;11;7m                  
                  [38;2;40;70;125m[48;2;67;16;10m█[38;2;34;60;107m█[38;2;28;50;90m▓[38;2;23;40;72m▓[38;2;17;30;55m▒[39m                                                            [38;2;81;27;34m⠘[38;2;82;27;42m⢻[38;2;83;28;52m⣿[38;2;84;28;55m⣿[38;2;83;28;49m⣿[38;2;81;27;39m⣿[39m         [38;2;84;30;71m⠹[38;2;75;39;97m⠿[38;2;61;48;114m⠿[38;2;63;47;114m⠿[38;2;76;38;93m⠏[39m                                                 [38;2;84;28;52m⠈[38;2;83;31;72m⠻[38;2;78;36;88m⠿[38;2;78;36;87m⠿[38;2;84;30;71m⠟[39m          [38;2;17;30;55m▒[38;2;23;40;72m▓[38;2;28;50;90m▓[38;2;34;60;107m█[38;2;40;70;125m█[39m[48;2;47;11;7m                  
                  [38;2;40;70;125m[48;2;67;16;10m█[38;2;34;60;107m█[38;2;28;50;90m▓[38;2;23;40;72m▓[38;2;17;30;55m▒[39m                                                                [38;2;82;27;41m⠉[39m                                                                               [38;2;17;30;55m▒[38;2;23;40;72m▓[38;2;28;50;90m▓[38;2;34;60;107m█[38;2;40;70;125m█[39m[48;2;47;11;7m                  
                  [38;2;40;70;125m[48;2;67;16;10m█[38;2;34;60;107m█[38;2;28;50;90m▓[38;2;23;40;72m▓[38;2;17;30;55m▒[39m                                                                                                                                                [38;2;17;30;55m▒[38;2;23;40;72m▓[38;2;28;50;90m▓[38;2;34;60;107m█[38;2;40;70;125m█[39m[48;2;47;11;7m                  
                  [38;2;40;70;125m[48;2;67;16;10m█[38;2;34;60;107m█[38;2;28;50;90m▓[38;2;23;40;72m▓[38;2;17;30;55m▒[39m                                                                                                                                                [38;2;17;30;55m▒[38;2;23;40;72m▓[38;2;28;50;90m▓[38;2;34;60;107m█[38;2;40;70;125m█[39m[48;2;47;11;7m                  
                  [38;2;40;70;125m[48;2;67;16;10m█[38;2;34;60;107m█[38;2;28;50;90m▓[38;2;23;40;72m▓[38;2;17;30;55m▒[39m                                                                                                                                                [38;2;17;30;55m▒[38;2;23;40;72m▓[38;2;28;50;90m▓[38;2;34;60;107m█[38;2;40;70;125m█[39m[48;2;47;11;7m                  
                  [38;2;40;70;125m[48;2;67;16;10m█[38;2;34;60;107m█[38;2;28;50;90m▓[38;2;23;40;72m▓[38;2;17;30;55m▒[39m                                                                                                                                                [38;2;17;30;55m▒[38;2;23;40;72m▓[38;2;28;50;90m▓[38;2;34;60;107m█[38;2;40;70;125m█[39m[48;2;47;11;7m                  
                  [38;2;40;70;125m[48;2;67;16;10m█[38;2;34;60;107m█[38;2;28;50;90m▓[38;2;23;40;72m▓[38;2;17;30;55m▒[39m                                                                                                                 [38;2;80;27;30m⣆[39m                              [38;2;17;30;55m▒[38;2;23;40;72m▓[38;2;28;50;90m▓[38;2;34;60;107m█[38;2;40;70;125m█[39m[48;2;47;11;7m                  
                  [38;2;40;70;125m[48;2;67;16;10m█[38;2;34;60;107m█[38;2;28;50;90m▓[38;2;23;40;72m▓[38;2;17;30;55m▒[39m                                                                                                                 [38;2;81;27;33m⣿[39m                              [38;2;17;30;55m▒[38;2;23;40;72m▓[38;2;28;50;90m▓[38;2;34;60;107m█[38;2;40;70;125m█[39m[48;2;47;11;7m                  
                  [38;2;40;70;125m[48;2;67;16;10m█[38;2;34;60;107m█[38;2;28;50;90m▓[38;2;23;40;72m▓[38;2;17;30;55m▒[39m                                                                                                                 [38;2;80;27;32m⢸[39m                              [38;2;17;30;55m▒[38;2;23;40;72m▓[38;2;28;50;90m▓[38;2;34;60;107m█[38;2;40;70;125m█[39m[48;2;47;11;7m                  
                  [38;2;40;70;125m[48;2;67;16;10m█[38;2;34;60;107m█[38;2;28;50;90m▓[38;2;23;40;72m▓[38;2;17;30;55m▒[39m                                                                                                                                                [38;2;17;30;55m▒[38;2;23;40;72m▓[38;2;28;50;90m▓[38;2;34;60;107m█[38;2;40;70;125m█[39m[48;2;47;11;7m                  
                  [38;2;40;70;125m[48;2;67;16;10m█[38;2;34;60;107m█[38;2;28;50;90m▓[38;2;23;40;72m▓[38;2;17;30;55m▒[39m                                                                                                                                                [38;2;17;30;55m▒[38;2;23;40;72m▓[38;2;28;50;90m▓[38;2;34;60;107m█[38;2;40;70;125m█[39m[48;2;47;11;7m                  
                  [38;2;40;70;125m[48;2;67;16;10m█[38;2;34;60;107m█[38;2;28;50;90m▓[38;2;23;40;72m▓[38;2;17;30;55m▒[39m                                                                                                                                   [38;2;81;27;33m⢸[38;2;81;27;35m⣷[39m           [38;2;17;30;55m▒[38;2;23;40;72m▓[38;2;28;50;90m▓[38;2;34;60;107m█[38;2;40;70;125m█[39m[48;2;47;11;7m                  
                  [38;2;40;70;125m[48;2;67;16;10m█[38;2;34;60;107m█[38;2;28;50;90m▓[38;2;23;40;72m▓[38;2;17;30;55m▒[39m                                                                                                                                    [38;2;81;27;36m⢿[38;2;81;27;34m⣷[39m          [38;2;17;30;55m▒[38;2;23;40;72m▓[38;2;28;50;90m▓[38;2;34;60;107m█[38;2;40;70;125m█[39m[48;2;47;11;7m                  
                  [38;2;40;70;125m[48;2;67;16;10m█[38;2;34;60;107m█[38;2;28;50;90m▓[38;2;23;40;72m▓[38;2;17;30;55m▒[39m                                                                                                                                                [38;2;17;30;55m▒[38;2;23;40;72m▓[38;2;28;50;90m▓[38;2;34;60;107m█[38;2;40;70;125m█[39m[48;2;47;11;7m                  
                  [38;2;40;70;125m[48;2;67;16;10m█[38;2;34;60;107m█[38;2;28;50;90m▓[38;2;23;40;72m▓[38;2;17;30;55m▒[39m                                                                                                                                                [38;2;17;30;55m▒[38;2;23;40;72m▓[38;2;28;50;90m▓[38;2;34;60;107m█[38;2;40;70;125m█[39m[48;2;47;11;7m                  
                  [38;2;40;70;125m[48;2;67;16;10m█[38;2;34;60;107m█[38;2;28;50;90m▓[38;2;23;40;72m▓[38;2;17;30;55m▒[39m      [38;2;80;27;27m⠘[38;2;80;27;28m⠋[38;2;80;27;27m⠈[39m                           [38;2;80;27;29m⢰[38;2;80;27;32m⣶[38;2;80;27;31m⣾[39m                                                                                                         [38;2;17;30;55m▒[38;2;23;40;72m▓[38;2;28;50;90m▓[38;2;34;60;107m█[38;2;40;70;125m█[39m[48;2;47;11;7m                  
                  [38;2;40;70;125m[48;2;67;16;10m█[38;2;34;60;107m█[38;2;28;50;90m▓[38;2;23;40;72m▓[38;2;17;30;55m▒[39m                                                                                                                                                [38;2;17;30;55m▒[38;2;23;40;72m▓[38;2;28;50;90m▓[38;2;34;60;107m█[38;2;40;70;125m█[39m[48;2;47;11;7m                  
                  [38;2;40;70;125m[48;2;67;16;10m█[38;2;34;60;107m█[38;2;28;50;90m▓[38;2;23;40;72m▓[38;2;17;30;55m▒[39m                                                                                                                                                [38;2;17;30;55m▒[38;2;23;40;72m▓[38;2;28;50;90m▓[38;2;34;60;107m█[38;2;40;70;125m█[39m[48;2;47;11;7m                  
                  [38;2;40;70;125m[48;2;67;16;10m█[38;2;34;60;107m█[38;2;28;50;90m▓[38;2;23;40;72m▓[38;2;17;30;55m▒[39m                                                                                                                                                [38;2;17;30;55m▒[38;2;23;40;72m▓[38;2;28;50;90m▓[38;2;34;60;107m█[38;2;40;70;125m█[39m[48;2;47;11;7m                  
                  [38;2;40;70;125m[48;2;67;16;10m█[38;2;34;60;107m█[38;2;28;50;90m▓[38;2;23;40;72m▓[38;2;17;30;55m▒[39m                                                                                                                                                [38;2;17;30;55m▒[38;2;23;40;72m▓[38;2;28;50;90m▓[38;2;34;60;107m█[38;2;40;70;125m█[39m[48;2;47;11;7m                  
                  [38;2;40;70;125m[48;2;67;16;10m█[38;2;34;60;107m█[38;2;28;50;90m▓[38;2;23;40;72m▓[38;2;17;30;55m▒[39m                                                                                                                                                [38;2;17;30;55m▒[38;2;23;40;72m▓[38;2;28;50;90m▓[38;2;34;60;107m█[38;2;40;70;125m█[39m[48;2;47;11;7m                  
                  [38;2;40;70;125m[48;2;67;16;10m█[38;2;34;60;107m█[38;2;28;50;90m▓[38;2;23;40;72m▓[38;2;17;30;55m▒[39m                                                                                                                                                [38;2;17;30;55m▒[38;2;23;40;72m▓[38;2;28;50;90m▓[38;2;34;60;107m█[38;2;40;70;125m█[39m[48;2;47;11;7m                  
                  [38;2;40;70;125m[48;2;67;16;10m█[38;2;34;60;107m█[38;2;28;50;90m▓[38;2;26;45;81m▓▓▓▓▓▓▓▓▓▓▓▓▓▓▓▓▓▓▓▓▓▓▓▓▓▓▓▓▓▓▓▓▓▓▓▓▓▓▓▓▓▓▓▓▓▓▓▓▓▓▓▓▓▓▓▓▓▓▓▓▓▓▓▓▓▓▓▓▓▓▓▓▓▓▓▓▓▓▓▓▓▓▓▓▓▓▓▓▓▓▓▓▓▓▓▓▓▓▓▓▓▓▓▓▓▓▓▓▓▓▓▓▓▓▓▓▓▓▓▓▓▓▓▓▓▓▓▓▓▓▓▓▓▓▓▓▓▓▓▓▓▓▓▓▓▓▓▓[38;2;28;50;90m▓[38;2;34;60;107m█[38;2;40;70;125m█[39m[48;2;47;11;7m                  
                  [38;2;40;70;125m[48;2;67;16;10m██████████████████████████████████████████████████████████████████████████████████████████████████████████████████████████████████████████████████████████[39m[48;2;47;11;7m                  
                                                                                                                                                                                              
                                                                                                                                                                                              
