[48;2;131;27;17m                                                                                                                                                                                              
                                                                                                                                                                                              
                  [38;2;40;70;125m[48;2;34;29;24m██████████████████████████████████████████████████████████████████████████████████████████████████████████████████████████████████████████████████████████[39m[48;2;131;27;17m                  
                  [38;2;40;70;125m[48;2;34;29;24m█[38;2;34;60;107m█[38;2;28;50;90m▓[38;2;26;45;81m▓▓▓▓▓▓▓▓▓▓▓▓▓▓▓▓▓▓▓▓▓▓▓▓▓▓▓▓▓▓▓▓▓▓▓▓▓▓▓▓▓▓▓▓▓▓▓▓▓▓▓▓▓▓▓▓▓▓▓▓▓▓▓▓▓▓▓▓▓▓▓▓▓▓▓▓▓▓▓▓▓▓▓▓▓▓▓▓▓▓▓▓▓▓▓▓▓▓▓▓▓▓▓▓▓▓▓▓▓▓▓▓▓▓▓▓▓▓▓▓▓▓▓▓▓▓▓▓▓▓▓▓▓▓▓▓▓▓▓▓▓▓▓▓▓▓▓▓[38;2;28;50;90m▓[38;2;34;60;107m█[38;2;40;70;125m█[39m[48;2;131;27;17m                  
                  [38;2;40;70;125m[48;2;34;29;24m█[38;2;34;60;107m█[38;2;28;50;90m▓[38;2;23;40;72m▓[38;2;17;30;55m▒[38;2;60;33;41m⡏[38;2;61;33;43m⢰[38;2;62;33;44m⣇[39m                                                                                                                                             [38;2;17;30;55m▒[38;2;23;40;72m▓[38;2;28;50;90m▓[38;2;34;60;107m█[38;2;40;70;125m█[39m[48;2;131;27;17m                  
                  [38;2;40;70;125m[48;2;34;29;24m█[38;2;34;60;107m█[38;2;28;50;90m▓[38;2;23;40;72m▓[38;2;17;30;55m▒[38;2;59;33;40m⣀[38;2;62;33;43m⣿[38;2;65;33;48m⣿⣿[39m                                                                                                                                            [38;2;17;30;55m▒[38;2;23;40;72m▓[38;2;28;50;90m▓[38;2;34;60;107m█[38;2;40;70;125m█[39m[48;2;131;27;17m                  
                  [38;2;40;70;125m[48;2;34;29;24m█[38;2;34;60;107m█[38;2;28;50;90m▓[38;2;23;40;72m▓[38;2;17;30;55m▒[38;2;57;33;37m⠈[38;2;61;33;42m⠸[38;2;68;33;51m⢿[38;2;71;34;57m⣿[38;2;70;33;54m⣿[39m                                                                                                                                           [38;2;17;30;55m▒[38;2;23;40;72m▓[38;2;28;50;90m▓[38;2;34;60;107m█[38;2;40;70;125m█[39m[48;2;131;27;17m                  
                  [38;2;40;70;125m[48;2;34;29;24m█[38;2;34;60;107m█[38;2;28;50;90m▓[38;2;23;40;72m▓[38;2;17;30;55m▒[39m  [38;2;65;33;48m⢸[38;2;71;35;63m⣿[38;2;70;37;69m⣿[38;2;70;33;55m⣷[39m                                                                                                                                          [38;2;17;30;55m▒[38;2;23;40;72m▓[38;2;28;50;90m▓[38;2;34;60;107m█[38;2;40;70;125m█[39m[48;2;131;27;17m                  
                  [38;2;40;70;125m[48;2;34;29;24m█[38;2;34;60;107m█[38;2;28;50;90m▓[38;2;23;40;72m▓[38;2;17;30;55m▒[39m   [38;2;69;33;53m⢹[38;2;71;36;67m⣿[38;2;71;35;64m⣿[38;2;66;33;49m⡇[39m                                                                                                                                         [38;2;17;30;55m▒[38;2;23;40;72m▓[38;2;28;50;90m▓[38;2;34;60;107m█[38;2;40;70;125m█[39m[48;2;131;27;17m                  
                  [38;2;40;70;125m[48;2;34;29;24m█[38;2;34;60;107m█[38;2;28;50;90m▓[38;2;23;40;72m▓[38;2;17;30;55m▒[39m    [38;2;68;33;52m⢻[38;2;71;33;55m⣿[38;2;67;33;50m⣿[39m                                                                                                                                         [38;2;17;30;55m▒[38;2;23;40;72m▓[38;2;28;50;90m▓[38;2;34;60;107m█[38;2;40;70;125m█[39m[48;2;131;27;17m                  
                  [38;2;40;70;125m[48;2;34;29;24m█[38;2;34;60;107m█[38;2;28;50;90m▓[38;2;23;40;72m▓[38;2;17;30;55m▒[39m     [38;2;63;33;45m⠸[38;2;65;33;47m⣿[38;2;62;33;44m⣷[39m                                                                                                                                        [38;2;17;30;55m▒[38;2;23;40;72m▓[38;2;28;50;90m▓[38;2;34;60;107m█[38;2;40;70;125m█[39m[48;2;131;27;17m                  
                  [38;2;40;70;125m[48;2;34;29;24m█[38;2;34;60;107m█[38;2;28;50;90m▓[38;2;23;40;72m▓[38;2;17;30;55m▒[39m      [38;2;60;33;41m⢸[38;2;60;33;42m⣿[39m                                                                                                                                        [38;2;17;30;55m▒[38;2;23;40;72m▓[38;2;28;50;90m▓[38;2;34;60;107m█[38;2;40;70;125m█[39m[48;2;131;27;17m                  
                  [38;2;40;70;125m[48;2;34;29;24m█[38;2;34;60;107m█[38;2;28;50;90m▓[38;2;23;40;72m▓[38;2;17;30;55m▒[39m       [38;2;59;33;40m⠘[39m                                                                                                                                        [38;2;17;30;55m▒[38;2;23;40;72m▓[38;2;28;50;90m▓[38;2;34;60;107m█[38;2;40;70;125m█[39m[48;2;131;27;17m                  
                  [38;2;40;70;125m[48;2;34;29;24m█[38;2;34;60;107m█[38;2;28;50;90m▓[38;2;23;40;72m▓[38;2;17;30;55m▒[39m        [38;2;65;33;48m⣶[38;2;64;33;47m⡄[39m                                                                                                                                      [38;2;17;30;55m▒[38;2;23;40;72m▓[38;2;28;50;90m▓[38;2;34;60;107m█[38;2;40;70;125m█[39m[48;2;131;27;17m                  
                  [38;2;40;70;125m[48;2;34;29;24m█[38;2;34;60;107m█[38;2;28;50;90m▓[38;2;23;40;72m▓[38;2;17;30;55m▒[39m       [38;2;65;33;47m⢠[38;2;70;37;71m⣿[38;2;70;38;75m⣿[38;2;71;33;55m⡇[39m                                                                                                                                     [38;2;17;30;55m▒[38;2;23;40;72m▓[38;2;28;50;90m▓[38;2;34;60;107m█[38;2;40;70;125m█[39m[48;2;131;27;17m                  
                  [38;2;40;70;125m[48;2;34;29;24m█[38;2;34;60;107m█[38;2;28;50;90m▓[38;2;23;40;72m▓[38;2;17;30;55m▒[39m       [38;2;67;33;50m⢸[38;2;69;41;86m⣿[38;2;69;42;92m⣿[38;2;70;37;69m⣿[39m                                                                                                                                     [38;2;17;30;55m▒[38;2;23;40;72m▓[38;2;28;50;90m▓[38;2;34;60;107m█[38;2;40;70;125m█[39m[48;2;131;27;17m                  
                  [38;2;40;70;125m[48;2;34;29;24m█[38;2;34;60;107m█[38;2;28;50;90m▓[38;2;23;40;72m▓[38;2;17;30;55m▒[39m        [38;2;69;40;83m⣿[38;2;69;42;89m⣿[38;2;71;36;68m⣿[39m                                                     [38;2;56;33;35m⢰[38;2;56;33;36m⣦[39m                                                                              [38;2;17;30;55m▒[38;2;23;40;72m▓[38;2;28;50;90m▓[38;2;34;60;107m█[38;2;40;70;125m█[39m[48;2;131;27;17m                  
                  [38;2;40;70;125m[48;2;34;29;24m█[38;2;34;60;107m█[38;2;28;50;90m▓[38;2;23;40;72m▓[38;2;17;30;55m▒[39m        [38;2;71;35;63m⣿[38;2;71;36;67m⣿[38;2;69;33;53m⡇[39m                                                     [38;2;56;33;36m⠸⡟[39m                                                         [38;2;67;33;51m⣴[38;2;66;33;49m⣶[38;2;61;33;42m⣦[39m                  [38;2;17;30;55m▒[38;2;23;40;72m▓[38;2;28;50;90m▓[38;2;34;60;107m█[38;2;40;70;125m█[39m[48;2;131;27;17m                  
                  [38;2;40;70;125m[48;2;34;29;24m█[38;2;34;60;107m█[38;2;28;50;90m▓[38;2;23;40;72m▓[38;2;17;30;55m▒[39m        [38;2;70;33;54m⣿[38;2;70;33;55m⣿[38;2;63;33;45m⡇[39m          [38;2;55;33;34m⡄[39m                                                                                                  [38;2;66;33;49m⢠[38;2;71;35;64m⣶[38;2;70;38;76m⣿[38;2;70;37;72m⣿[38;2;71;33;56m⣿[38;2;62;33;44m⣿[39m    [38;2;56;33;35m⠈[38;2;59;33;40m⢻[38;2;60;33;41m⣷[38;2;58;33;39m⡄[39m          [38;2;17;30;55m▒[38;2;23;40;72m▓[38;2;28;50;90m▓[38;2;34;60;107m█[38;2;40;70;125m█[39m[48;2;131;27;17m                  
                  [38;2;40;70;125m[48;2;34;29;24m█[38;2;34;60;107m█[38;2;28;50;90m▓[38;2;23;40;72m▓[38;2;17;30;55m▒[39m        [38;2;66;33;49m⣿[38;2;65;33;48m⣿[39m             [38;2;57;33;36m⢻[38;2;58;33;38m⣷⣦[39m   [38;2;69;33;53m⢀[38;2;70;39;79m⣴[38;2;68;45;105m⣶[38;2;51;53;113m⣶[38;2;58;50;110m⣶[38;2;68;43;95m⣶[38;2;70;37;71m⣤[38;2;69;33;53m⡀[39m  [38;2;70;33;54m⢀[38;2;70;37;69m⣤[38;2;70;39;78m⣤⣤[38;2;70;38;74m⣤⣤[38;2;70;38;77m⣤[38;2;70;39;80m⣤[38;2;70;39;78m⣤[38;2;70;37;70m⣄[38;2;71;34;58m⡀[39m                                               [38;2;67;33;50m⣠[38;2;71;34;58m⣤[38;2;71;36;65m⣤[38;2;71;36;68m⣴[38;2;71;36;67m⣶[38;2;71;34;58m⣄[39m                [38;2;65;33;47m⢰[38;2;71;34;60m⣿[38;2;70;38;76m⣿[38;2;70;39;81m⣿[38;2;70;37;70m⣿[38;2;69;33;53m⡟[39m      [38;2;59;33;39m⠘[38;2;61;33;42m⣿[38;2;60;33;41m⣿[39m          [38;2;17;30;55m▒[38;2;23;40;72m▓[38;2;28;50;90m▓[38;2;34;60;107m█[38;2;40;70;125m█[39m[48;2;131;27;17m                  
                  [38;2;40;70;125m[48;2;34;29;24m█[38;2;34;60;107m█[38;2;28;50;90m▓[38;2;23;40;72m▓[38;2;17;30;55m▒[39m        [38;2;62;33;43m⣿[38;2;60;33;41m⡇[39m              [38;2;58;33;38m⠘[38;2;59;33;40m⢿[38;2;63;33;45m⣿[38;2;70;33;55m⣶[38;2;68;45;103m⣾[38;2;0;92;124m⣿[38;2;3;130;73m⣿[38;2;34;143;58m⣿[38;2;28;142;59m⣿[38;2;4;131;71m⣿[38;2;0;113;102m⣿[38;2;0;92;123m⣿[38;2;16;69;128m⣿[38;2;65;47;107m⣿[38;2;55;51;111m⣿[38;2;6;73;133m⣿[38;2;0;89;125m⣿[38;2;0;86;128m⣿[38;2;12;71;130m⣿[38;2;43;57;116m⣿[38;2;53;52;112m⣿[38;2;47;55;114m⣿[38;2;33;61;121m⣿[38;2;20;67;127m⣿[38;2;9;72;131m⣿[38;2;4;74;133m⣿[38;2;18;68;128m⣿[38;2;54;52;111m⣷[38;2;70;39;78m⣦[39m                       [38;2;71;36;67m⣠[38;2;70;38;77m⣴[38;2;69;40;85m⣶[38;2;69;42;92m⣶[38;2;68;44;99m⣶⣶[38;2;68;44;98m⣶[38;2;67;46;106m⣶[38;2;50;54;113m⣶[38;2;46;55;115m⣶[38;2;64;47;107m⣤[38;2;69;41;87m⣤[38;2;70;37;70m⣤[38;2;71;33;56m⣄[39m     [38;2;59;33;40m⢠[38;2;66;33;49m⣾[38;2;71;35;63m⣿[38;2;69;40;81m⣿[38;2;68;44;98m⣿[38;2;48;54;114m⣿[38;2;15;70;129m⣿[38;2;5;74;133m⣿[38;2;32;62;121m⣿[38;2;69;42;90m⣦[39m    [38;2;71;34;61m⣠[38;2;70;37;71m⣤[38;2;70;37;73m⣤[38;2;71;35;64m⣄[38;2;69;33;53m⡀[39m    [38;2;60;33;41m⣸[38;2;66;33;49m⣿[38;2;71;34;57m⣿[38;2;71;35;65m⡿[38;2;71;34;59m⠟[39m          [38;2;60;33;41m⢻[39m          [38;2;17;30;55m▒[38;2;23;40;72m▓[38;2;28;50;90m▓[38;2;34;60;107m█[38;2;40;70;125m█[39m[48;2;131;27;17m                  
                  [38;2;40;70;125m[48;2;34;29;24m█[38;2;34;60;107m█[38;2;28;50;90m▓[38;2;23;40;72m▓[38;2;17;30;55m▒[39m        [38;2;59;33;40m⣿[39m                 [38;2;69;33;53m⢸[38;2;45;56;115m⣿[38;2;3;127;77m⣿[38;2;85;155;52m⣿[38;2;110;164;46m⣿[38;2;91;157;50m⣿[38;2;47;146;56m⣿[38;2;4;135;64m⣿[38;2;2;121;89m⣿[38;2;1;117;96m⣿[38;2;1;116;97m⣿[38;2;0;108;110m⣿[38;2;0;102;116m⣿⣿[38;2;0;103;115m⣿[38;2;0;91;124m⣿[38;2;12;71;130m⣿[38;2;47;55;115m⣿[38;2;57;50;110m⣿[38;2;52;53;112m⣿[38;2;37;60;119m⣿[38;2;21;67;126m⣿[38;2;5;74;133m⣿[38;2;0;81;132m⣿[38;2;0;91;124m⣿[38;2;0;99;118m⣿[38;2;0;93;123m⣿[38;2;3;75;134m⣿[38;2;31;62;122m⣶[38;2;20;67;126m⣶[38;2;19;67;127m⣾[38;2;53;52;112m⣿[38;2;70;38;75m⣿[38;2;67;33;51m⣿[38;2;60;33;42m⣷[38;2;57;33;36m⡄[39m  [38;2;56;33;36m⢸[38;2;58;33;38m⣿[38;2;59;33;40m⣿[38;2;60;33;42m⣿[38;2;62;33;44m⣷[38;2;67;33;50m⣶[38;2;71;33;55m⣦[38;2;71;36;65m⣄[38;2;65;47;107m⣠[38;2;0;85;129m⣴[38;2;0;100;117m⣾[38;2;0;93;123m⣿[38;2;24;66;125m⣿[38;2;55;51;111m⣿[38;2;62;48;108m⣿[38;2;52;53;112m⣿[38;2;27;64;123m⣿[38;2;0;78;134m⣿[38;2;0;100;118m⣿[38;2;4;135;64m⣿[38;2;81;153;53m⣿[38;2;94;158;50m⣿[38;2;54;148;56m⣿[38;2;2;122;86m⣿[38;2;0;98;119m⣿[38;2;0;86;128m⣿[38;2;6;74;133m⣿[38;2;47;55;115m⣷[38;2;69;40;83m⣶[38;2;68;33;52m⣶[38;2;61;33;42m⣾[38;2;60;33;41m⡿[38;2;65;33;48m⠿[38;2;71;34;59m⣿[38;2;70;39;77m⣿[38;2;68;43;95m⣿[38;2;50;53;113m⣿[38;2;11;71;130m⣿[38;2;0;79;133m⣿[38;2;3;75;134m⣿[38;2;35;60;120m⣿[38;2;56;51;110m⣿[38;2;43;57;116m⣿[38;2;0;82;132m⣿[38;2;0;109;109m⣿[38;2;3;125;80m⣿[38;2;3;127;78m⣿[38;2;2;120;91m⣿[38;2;0;107;112m⣿[38;2;0;92;123m⣿[38;2;14;70;129m⣿[38;2;68;45;103m⣷[38;2;71;34;61m⣶[38;2;64;33;46m⣾[38;2;61;33;42m⡟[38;2;61;33;43m⠋[39m             [38;2;59;33;39m⢰[38;2;58;33;38m⣇[39m         [38;2;17;30;55m▒[38;2;23;40;72m▓[38;2;28;50;90m▓[38;2;34;60;107m█[38;2;40;70;125m█[39m[48;2;131;27;17m                  
                  [38;2;40;70;125m[48;2;34;29;24m█[38;2;34;60;107m█[38;2;28;50;90m▓[38;2;23;40;72m▓[38;2;17;30;55m▒[39m        [38;2;70;37;72m⣶[39m                 [38;2;71;36;65m⢸[38;2;0;97;120m⣿[38;2;97;159;49m⣿[38;2;142;175;40m⣿[38;2;138;173;41m⣿[38;2;75;152;53m⣿[38;2;4;132;70m⣿[38;2;0;111;106m⣿[38;2;0;100;117m⣿[38;2;0;107;112m⣿[38;2;2;125;82m⣿[38;2;11;138;61m⣿[38;2;16;139;60m⣿[38;2;3;129;74m⣿[38;2;0;106;112m⣿[38;2;2;75;134m⡿[38;2;66;46;106m⠋[39m    [38;2;68;43;95m⠈[38;2;56;51;111m⠹[38;2;24;65;125m⢿[38;2;0;86;128m⣿[38;2;0;113;102m⣿[38;2;3;127;79m⣿[38;2;2;121;89m⣿[38;2;0;107;112m⣿[38;2;0;96;120m⣿[38;2;0;88;127m⣿[38;2;26;65;124m⣿[38;2;69;40;84m⣿[38;2;68;33;52m⣿[38;2;60;33;41m⠇[39m       [38;2;63;33;45m⠻[38;2;70;33;54m⣿[38;2;70;38;74m⣿[38;2;36;60;119m⣿[38;2;2;122;87m⣿[38;2;70;151;54m⣿[38;2;71;151;54m⣿[38;2;3;129;74m⣿[38;2;6;73;133m⣿[38;2;57;50;110m⣿[38;2;68;45;104m⣿[38;2;60;49;109m⣿[38;2;32;62;121m⣿[38;2;0;81;132m⣿[38;2;0;111;105m⣿[38;2;62;149;55m⣿[38;2;131;171;41m⣿[38;2;145;176;40m⣿[38;2;114;165;45m⣿[38;2;31;142;58m⣿[38;2;1;117;95m⣿[38;2;0;103;115m⣿[38;2;0;98;119m⣿[38;2;0;94;122m⣿[38;2;0;77;135m⣿[38;2;63;48;107m⣿[38;2;71;33;55m⣧[39m     [38;2;70;39;79m⠘[38;2;56;51;110m⠻[38;2;26;64;124m⢿[38;2;17;69;128m⣿[38;2;0;77;135m⣿[38;2;0;107;112m⣿[38;2;13;138;60m⣿[38;2;76;152;53m⣿[38;2;88;156;51m⣿[38;2;74;152;53m⣿[38;2;31;142;58m⣿[38;2;3;130;73m⣿[38;2;1;117;95m⣿[38;2;1;115;99m⣿[38;2;0;112;104m⣿[38;2;0;97;120m⣿[38;2;28;63;123m⣿[38;2;70;37;71m⣿[39m               [38;2;58;33;39m⢸[38;2;58;33;38m⡟[39m         [38;2;17;30;55m▒[38;2;23;40;72m▓[38;2;28;50;90m▓[38;2;34;60;107m█[38;2;40;70;125m█[39m[48;2;131;27;17m                  
                  [38;2;40;70;125m[48;2;34;29;24m█[38;2;34;60;107m█[38;2;28;50;90m▓[38;2;23;40;72m▓[38;2;17;30;55m▒[39m       [38;2;15;70;129m⣾[38;2;0;85;129m⣿[38;2;8;73;132m⣿[38;2;71;36;66m⡆[39m               [38;2;70;38;74m⢸[38;2;0;111;106m⣿[38;2;115;165;45m⣿[38;2;137;173;41m⣿[38;2;94;158;50m⣿[38;2;0;86;128m⣿[39m   [38;2;58;50;110m⢻[38;2;0;96;120m⣿[38;2;4;135;64m⣿[38;2;41;144;57m⣿[38;2;7;137;61m⣿[38;2;0;99;118m⣿[38;2;68;45;103m⣇[39m        [38;2;69;42;91m⠸[38;2;0;98;119m⣿[38;2;15;139;60m⣿[38;2;33;143;58m⣿[38;2;4;133;68m⣿[38;2;0;105;113m⣿[38;2;0;86;128m⣿[38;2;41;58;117m⣿[38;2;70;37;70m⡿[39m          [38;2;68;33;52m⠸[38;2;69;41;86m⣿[38;2;0;87;127m⣿[38;2;36;143;58m⣿[38;2;107;162;47m⣿[38;2;91;157;50m⣿[38;2;3;126;80m⣿[38;2;49;54;114m⡿[39m   [38;2;71;36;68m⠈[38;2;64;47;107m⢻[38;2;0;88;126m⣿[38;2;33;143;58m⣿[38;2;125;169;43m⣿[38;2;147;176;40m⣿[38;2;122;168;43m⣿[38;2;38;144;58m⣿[38;2;0;112;103m⣿[38;2;0;94;122m⣿[38;2;0;95;121m⣿[38;2;0;107;112m⣿[38;2;0;103;115m⣿[38;2;0;79;133m⣿[38;2;69;41;85m⣿[39m        [38;2;69;41;88m⢸[38;2;0;100;117m⣿[38;2;75;152;53m⣿[38;2;130;171;41m⣿[38;2;137;173;41m⣿[38;2;109;163;46m⣿[38;2;67;150;54m⣿[38;2;6;137;61m⣿[38;2;1;117;96m⣿[38;2;0;105;113m⣿[38;2;0;111;106m⣿[38;2;3;127;77m⣿[38;2;3;131;72m⣿[38;2;0;108;110m⣿[38;2;39;58;118m⣿[38;2;67;33;51m⡇[39m              [38;2;58;33;38m⠸[39m          [38;2;17;30;55m▒[38;2;23;40;72m▓[38;2;28;50;90m▓[38;2;34;60;107m█[38;2;40;70;125m█[39m[48;2;131;27;17m                  
                  [38;2;40;70;125m[48;2;34;29;24m█[38;2;34;60;107m█[38;2;28;50;90m▓[38;2;23;40;72m▓[38;2;17;30;55m▒[39m      [38;2;70;37;71m⢸[38;2;0;88;127m⣿[38;2;0;109;109m⣿[38;2;0;98;119m⣿[38;2;68;44;99m⣷[39m               [38;2;70;38;73m⣼[38;2;0;92;123m⣿[38;2;44;145;57m⣿[38;2;55;148;56m⣿[38;2;2;124;84m⣿[38;2;69;42;91m⡇[39m    [38;2;68;43;95m⢹[38;2;0;94;122m⣿[38;2;3;130;72m⣿[38;2;16;139;60m⣿[38;2;3;126;80m⣿[38;2;0;89;126m⣿[38;2;66;46;106m⣧[39m        [38;2;0;82;131m⣿[38;2;8;137;61m⣿[38;2;35;143;58m⣿[38;2;3;125;81m⣿[38;2;19;67;127m⣿[38;2;69;41;86m⡿[39m             [38;2;70;37;70m⢸[38;2;0;86;128m⣿[38;2;14;139;60m⣿[38;2;61;149;55m⣿[38;2;4;133;67m⣿[38;2;12;71;130m⡿[39m      [38;2;70;37;70m⠸[38;2;4;75;134m⢿[38;2;2;120;89m⣿[38;2;29;142;59m⣿[38;2;25;141;59m⣿[38;2;1;117;95m⣿[38;2;4;74;133m⣿[38;2;69;42;91m⠇[38;2;68;45;103m⠹[38;2;0;88;127m⣿[38;2;0;106;113m⣿[38;2;0;94;122m⣿[38;2;67;46;106m⣿[39m       [38;2;71;34;60m⢠[38;2;34;61;120m⣾[38;2;2;123;84m⣿[38;2;99;160;48m⣿[38;2;132;171;41m⣿[38;2;114;165;45m⣿[38;2;24;141;59m⣿[38;2;0;93;123m⣿[38;2;63;47;107m⠟[39m  [38;2;54;52;111m⢸[38;2;1;115;98m⣿[38;2;27;142;59m⣿[38;2;6;137;61m⣿[38;2;0;89;126m⣿[38;2;70;38;74m⣷[39m                         [38;2;17;30;55m▒[38;2;23;40;72m▓[38;2;28;50;90m▓[38;2;34;60;107m█[38;2;40;70;125m█[39m[48;2;131;27;17m                  
                  [38;2;40;70;125m[48;2;34;29;24m█[38;2;34;60;107m█[38;2;28;50;90m▓[38;2;23;40;72m▓[38;2;17;30;55m▒[39m      [38;2;71;35;63m⢸[38;2;0;76;135m⣿[38;2;0;100;117m⣿[38;2;0;94;122m⣿[38;2;55;51;111m⣿[38;2;71;35;63m⣇[39m            [38;2;59;33;39m⢠[38;2;63;33;45m⣾[38;2;71;34;58m⣿[38;2;63;47;107m⣿[38;2;0;87;128m⣿[38;2;0;94;122m⣿[38;2;0;77;135m⣿[38;2;69;42;92m⣿[38;2;71;34;58m⡄[39m    [38;2;68;44;98m⢸[38;2;0;88;127m⣿[38;2;2;120;90m⣿[38;2;4;134;66m⣿[38;2;3;128;76m⣿[38;2;0;109;109m⣿[38;2;0;76;135m⣷[38;2;68;44;99m⣦[39m    [38;2;69;42;90m⢠[38;2;0;86;128m⣾[38;2;11;138;61m⣿[38;2;81;153;53m⣿[38;2;45;145;57m⣿[38;2;0;106;112m⣿[38;2;69;42;91m⣿[39m              [38;2;71;34;58m⢸[38;2;19;68;127m⣿[38;2;0;97;119m⣿[38;2;0;95;121m⣿[38;2;44;56;116m⣿[39m        [38;2;71;36;67m⢸[38;2;45;56;115m⣿[38;2;0;93;123m⣿[38;2;1;115;99m⣿[38;2;1;114;100m⣿[38;2;0;93;123m⣿[38;2;41;57;117m⣷[38;2;68;43;93m⣤[38;2;24;65;125m⣿[38;2;0;85;129m⣿[38;2;0;80;133m⣿[38;2;68;43;96m⣿[39m      [38;2;69;41;89m⢰[38;2;21;67;126m⣾[38;2;0;98;119m⣿[38;2;4;132;70m⣿[38;2;70;151;54m⣿[38;2;72;151;54m⣿[38;2;4;132;69m⣿[38;2;18;68;127m⡿[39m    [38;2;69;42;92m⢸[38;2;1;118;93m⣿[38;2;52;147;56m⣿[38;2;41;145;57m⣿[38;2;0;103;115m⣿[38;2;68;43;95m⣿[38;2;71;34;59m⣷[38;2;68;33;52m⣶[38;2;70;33;55m⣴[38;2;71;36;65m⣶[38;2;70;39;78m⣶[38;2;68;43;95m⣶[38;2;56;51;111m⣶[38;2;31;62;122m⣶[38;2;16;69;128m⣾[38;2;12;71;130m⣿[38;2;10;72;131m⣿[38;2;8;73;132m⣿[38;2;16;69;128m⣿[38;2;51;53;113m⣿[38;2;70;39;78m⣷[39m          [38;2;17;30;55m▒[38;2;23;40;72m▓[38;2;28;50;90m▓[38;2;34;60;107m█[38;2;40;70;125m█[39m[48;2;131;27;17m                  
                  [38;2;40;70;125m[48;2;34;29;24m█[38;2;34;60;107m█[38;2;28;50;90m▓[38;2;23;40;72m▓[38;2;17;30;55m▒[39m       [38;2;70;38;76m⢹[38;2;63;47;107m⣿[38;2;53;52;112m⣿[38;2;68;45;104m⣿[38;2;61;48;108m⣿[38;2;21;67;126m⣿[38;2;0;87;127m⣿[38;2;0;92;124m⣿[38;2;11;71;130m⣷[38;2;69;41;86m⣆[39m       [38;2;59;33;40m⣿[38;2;62;33;43m⡿[38;2;64;33;46m⠟[38;2;66;33;50m⠋[38;2;71;36;68m⢻[38;2;69;42;90m⣿[38;2;68;45;103m⣿[38;2;67;46;106m⣿[38;2;61;49;108m⣿[38;2;44;56;116m⣿[38;2;32;61;121m⣷[38;2;34;61;120m⣶[38;2;43;57;116m⣶[38;2;48;54;114m⣾[38;2;18;68;127m⣿[38;2;0;94;122m⣿[38;2;2;122;86m⣿[38;2;13;138;60m⣿[38;2;30;142;58m⣿[38;2;15;139;60m⣿[38;2;3;130;72m⣿[38;2;2;121;88m⣿[38;2;2;125;82m⣿[38;2;4;135;64m⣿[38;2;28;142;59m⣿[38;2;64;150;55m⣿[38;2;104;161;47m⣿[38;2;124;169;43m⣿[38;2;108;163;47m⣿[38;2;16;139;60m⣿[38;2;0;79;133m⣿[38;2;71;36;66m⡇[39m              [38;2;65;33;48m⢸[38;2;68;44;100m⣿[38;2;19;68;127m⣿[38;2;12;71;130m⣿[38;2;62;48;108m⣿[38;2;70;37;71m⣄[38;2;70;38;74m⣀[38;2;52;53;113m⣤[38;2;0;78;135m⣴[38;2;0;83;130m⣦[38;2;22;66;125m⣤[38;2;69;41;88m⣄[38;2;69;33;53m⣰[38;2;65;33;48m⣾[38;2;71;34;59m⣿[38;2;68;45;104m⣿[38;2;0;81;132m⣿[38;2;0;107;112m⣿[38;2;1;119;92m⣿⣿[38;2;0;112;104m⣿[38;2;0;106;113m⣿[38;2;0;92;124m⣿[38;2;11;71;131m⣿[38;2;68;43;95m⣿[39m   [38;2;70;39;77m⢀[38;2;62;48;108m⣴[38;2;8;73;132m⣾[38;2;0;93;123m⣿[38;2;0;103;115m⣿[38;2;0;107;112m⣿[38;2;0;104;114m⣿[38;2;0;101;117m⣿[38;2;0;89;126m⣿[38;2;18;68;127m⣿[38;2;68;43;96m⣷[38;2;71;35;62m⡄[39m  [38;2;70;38;75m⢠[38;2;13;70;129m⣾[38;2;3;128;77m⣿[38;2;37;144;58m⣿[38;2;4;134;65m⣿[38;2;0;84;130m⣿[38;2;69;41;85m⣿[38;2;71;35;61m⣿[38;2;71;33;56m⣿[38;2;71;36;68m⣿[38;2;69;41;87m⣿[38;2;61;48;108m⣿[38;2;25;65;124m⣿[38;2;0;85;129m⣿[38;2;0;102;116m⣿[38;2;0;110;107m⣿[38;2;0;110;108m⣿[38;2;0;104;114m⣿[38;2;0;100;117m⣿[38;2;0;98;119m⣿[38;2;0;86;128m⣿[38;2;34;61;120m⣿[38;2;70;38;74m⣿[39m         [38;2;17;30;55m▒[38;2;23;40;72m▓[38;2;28;50;90m▓[38;2;34;60;107m█[38;2;40;70;125m█[39m[48;2;131;27;17m                  
                  [38;2;40;70;125m[48;2;34;29;24m█[38;2;34;60;107m█[38;2;28;50;90m▓[38;2;23;40;72m▓[38;2;17;30;55m▒[39m        [38;2;64;33;47m⠈[38;2;71;33;56m⢿[38;2;70;38;77m⣿[38;2;59;50;109m⣿[38;2;1;76;135m⣿[38;2;0;100;117m⣿[38;2;0;105;114m⣿[38;2;0;82;131m⣿[38;2;68;43;97m⣿[39m  [38;2;55;33;34m⠘⠋[39m        [38;2;66;33;49m⠘[38;2;71;36;68m⢿[38;2;69;42;92m⣿[38;2;58;50;110m⣿[38;2;28;63;123m⣿[38;2;7;73;132m⣿[38;2;2;75;134m⣿[38;2;11;71;130m⣿[38;2;28;63;123m⣿[38;2;37;60;119m⣿[38;2;26;64;124m⣿[38;2;0;85;129m⣿[38;2;1;114;100m⣿[38;2;4;136;62m⣿[38;2;29;142;59m⣿[38;2;32;143;58m⣿[38;2;41;145;57m⣿[38;2;81;153;53m⣿[38;2;104;162;47m⣿[38;2;113;165;45m⣿[38;2;116;166;45m⣿[38;2;125;169;42m⣿[38;2;121;167;43m⣿[38;2;78;153;53m⣿[38;2;1;113;101m⣿[38;2;48;54;114m⣿[38;2;70;37;70m⣷[38;2;68;33;52m⣆[39m              [38;2;71;36;67m⢻[38;2;62;48;108m⣿[38;2;29;63;123m⣿[38;2;22;66;126m⣿[38;2;0;80;133m⣿[38;2;2;121;88m⣿[38;2;76;152;53m⣿[38;2;122;168;43m⣿[38;2;107;163;47m⣿[38;2;23;141;59m⣿[38;2;8;73;132m⣿[38;2;71;36;66m⣿[38;2;63;33;44m⡿[38;2;62;33;44m⠛[38;2;67;33;51m⠻[38;2;69;42;90m⢿[38;2;3;75;134m⣿[38;2;0;107;112m⣿[38;2;2;124;83m⣿[38;2;3;128;77m⣿[38;2;2;122;86m⣿[38;2;0;109;109m⣿[38;2;0;96;120m⣿[38;2;0;86;128m⣿[38;2;0;81;132m⣿[38;2;0;77;135m⣿[38;2;0;78;134m⣿[38;2;0;82;131m⣿[38;2;0;88;127m⣿[38;2;0;95;121m⣿[38;2;0;101;117m⣿[38;2;0;97;120m⣿[38;2;0;79;134m⣿[38;2;50;54;113m⣿[38;2;68;44;100m⣿[38;2;68;45;103m⣿[38;2;65;46;106m⣿[38;2;68;44;98m⣿⣿[38;2;60;49;109m⣿[38;2;47;55;114m⣿[38;2;40;58;118m⣿[38;2;0;81;132m⣿[38;2;0;113;102m⣿[38;2;1;118;93m⣿[38;2;0;95;121m⣿[38;2;67;46;106m⣿[38;2;71;33;56m⠿[38;2;67;33;51m⠛[38;2;68;33;52m⠻[38;2;71;35;62m⢿[38;2;69;40;82m⣿[38;2;68;45;105m⣿[38;2;30;62;122m⣿[38;2;0;83;130m⣿[38;2;0;103;115m⣿[38;2;1;114;100m⣿[38;2;1;115;99m⣿[38;2;0;108;111m⣿[38;2;0;101;116m⣿[38;2;0;101;117m⣿[38;2;0;94;122m⣿[38;2;2;75;135m⣿[38;2;68;44;100m⣿[38;2;69;33;53m⣷[39m        [38;2;17;30;55m▒[38;2;23;40;72m▓[38;2;28;50;90m▓[38;2;34;60;107m█[38;2;40;70;125m█[39m[48;2;131;27;17m                  
                  [38;2;40;70;125m[48;2;34;29;24m█[38;2;34;60;107m█[38;2;28;50;90m▓[38;2;23;40;72m▓[38;2;17;30;55m▒[39m          [38;2;68;33;51m⠘[38;2;69;41;88m⢿[38;2;26;64;124m⣿[38;2;0;90;125m⣿[38;2;0;96;120m⣿[38;2;3;75;134m⣿[38;2;69;42;90m⠟[39m               [38;2;69;40;85m⠻[38;2;53;52;112m⣿[38;2;23;66;125m⣿[38;2;13;70;129m⣿[38;2;20;67;126m⣿[38;2;40;58;118m⣿[38;2;60;49;109m⣿[38;2;68;44;100m⣿[38;2;68;45;103m⣿[38;2;31;62;122m⣿[38;2;0;91;124m⣿[38;2;1;115;99m⣿[38;2;4;131;71m⣿[38;2;24;141;59m⣿[38;2;74;152;53m⣿[38;2;101;160;48m⣿[38;2;107;163;47m⣿[38;2;101;160;48m⣿[38;2;84;154;52m⣿[38;2;27;141;59m⣿[38;2;0;106;113m⣿[38;2;46;55;115m⣿[38;2;70;39;79m⣿[38;2;71;36;66m⣿[38;2;71;34;57m⣿[38;2;67;33;50m⣿[38;2;62;33;44m⣦[39m             [38;2;70;38;73m⣿[38;2;66;46;106m⣿[38;2;25;65;124m⣿[38;2;0;93;123m⣿[38;2;5;137;61m⣿[38;2;103;161;47m⣿[38;2;141;174;40m⣿[38;2;123;168;43m⣿[38;2;37;144;58m⣿[38;2;4;75;134m⣿[38;2;71;35;62m⠇[39m    [38;2;70;38;76m⠘[38;2;26;64;124m⢿[38;2;0;98;119m⣿[38;2;1;114;100m⣿[38;2;0;113;102m⣿[38;2;0;102;116m⣿[38;2;0;93;123m⣿[38;2;0;90;125m⣿[38;2;0;88;127m⣿[38;2;0;85;129m⣿[38;2;0;84;129m⣿[38;2;0;86;128m⣿[38;2;0;88;127m⣿⣿[38;2;0;79;133m⣿[38;2;40;58;118m⡿[38;2;70;39;78m⠋[39m  [38;2;71;33;56m⠘[38;2;70;38;74m⠿[38;2;69;40;83m⣿[38;2;68;43;97m⣿[38;2;57;50;110m⣿[38;2;43;57;116m⣿[38;2;41;57;117m⣿[38;2;26;64;124m⣿[38;2;19;68;127m⣿[38;2;43;57;116m⡿[38;2;70;39;79m⠏[39m       [38;2;70;38;73m⠈[38;2;68;44;99m⠻[38;2;37;59;119m⢿[38;2;8;72;132m⣿[38;2;1;76;135m⣿[38;2;9;72;131m⣿[38;2;12;71;130m⣿[38;2;0;78;134m⣿[38;2;0;82;131m⣿[38;2;12;71;130m⣿[38;2;68;44;100m⣿[38;2;69;33;53m⣿[39m        [38;2;17;30;55m▒[38;2;23;40;72m▓[38;2;28;50;90m▓[38;2;34;60;107m█[38;2;40;70;125m█[39m[48;2;131;27;17m                  
                  [38;2;40;70;125m[48;2;34;29;24m█[38;2;34;60;107m█[38;2;28;50;90m▓[38;2;23;40;72m▓[38;2;17;30;55m▒[39m                                           [38;2;70;37;71m⠙[38;2;68;44;101m⠿[38;2;22;66;126m⠿[38;2;0;92;123m⣿[38;2;0;106;113m⣿[38;2;0;102;116m⣿[38;2;0;82;131m⣿[38;2;47;55;114m⠿[38;2;69;40;81m⠟[39m  [38;2;66;33;49m⠈[38;2;69;33;53m⠻⢿[38;2;67;33;50m⣿[38;2;63;33;45m⣿[38;2;59;33;39m⣧[38;2;58;33;38m⣠[38;2;61;33;42m⣴[38;2;65;33;48m⣶[38;2;66;33;49m⣶[38;2;63;33;45m⣦[38;2;59;33;39m⡄[39m      [38;2;61;33;42m⠘[38;2;71;33;56m⢿[38;2;68;43;97m⣿[38;2;0;78;134m⣿[38;2;3;125;81m⣿[38;2;72;151;54m⣿[38;2;105;162;47m⣿[38;2;72;151;54m⣿[38;2;1;117;94m⣿[38;2;68;45;101m⠇[39m        [38;2;69;42;90m⠻[38;2;51;53;113m⠿[38;2;28;64;123m⠿[38;2;11;71;130m⣿[38;2;1;76;135m⣿[38;2;0;77;135m⣿[38;2;6;74;133m⣿[38;2;14;70;129m⣿[38;2;29;63;122m⣿[38;2;58;50;110m⠿[38;2;69;40;82m⠟[39m        [38;2;71;35;62m⠈[38;2;69;40;84m⠛[38;2;68;43;93m⠿[38;2;69;40;84m⠿[38;2;71;35;64m⠟[39m             [38;2;70;33;55m⠘[38;2;70;37;70m⢿[38;2;69;40;82m⣿[38;2;68;43;93m⣿[38;2;64;47;107m⣿[38;2;56;51;111m⣿[38;2;68;45;102m⣿[38;2;70;37;70m⣿[38;2;64;33;46m⠇[39m        [38;2;17;30;55m▒[38;2;23;40;72m▓[38;2;28;50;90m▓[38;2;34;60;107m█[38;2;40;70;125m█[39m[48;2;131;27;17m                  
                  [38;2;40;70;125m[48;2;34;29;24m█[38;2;34;60;107m█[38;2;28;50;90m▓[38;2;23;40;72m▓[38;2;17;30;55m▒[39m                                                            [38;2;58;33;38m⠘[38;2;61;33;42m⢻[38;2;66;33;48m⣿[38;2;67;33;50m⣿[38;2;64;33;47m⣿[38;2;60;33;41m⣿[39m         [38;2;71;35;62m⠹[38;2;69;42;90m⠿[38;2;60;49;109m⠿[38;2;61;48;108m⠿[38;2;69;41;86m⠏[39m                                                 [38;2;66;33;49m⠈[38;2;71;35;64m⠻[38;2;70;39;80m⠿[38;2;70;39;79m⠿[38;2;71;35;62m⠟[39m          [38;2;17;30;55m▒[38;2;23;40;72m▓[38;2;28;50;90m▓[38;2;34;60;107m█[38;2;40;70;125m█[39m[48;2;131;27;17m                  
                  [38;2;40;70;125m[48;2;34;29;24m█[38;2;34;60;107m█[38;2;28;50;90m▓[38;2;23;40;72m▓[38;2;17;30;55m▒[39m                                                                [38;2;61;33;42m⠉[39m                                                                               [38;2;17;30;55m▒[38;2;23;40;72m▓[38;2;28;50;90m▓[38;2;34;60;107m█[38;2;40;70;125m█[39m[48;2;131;27;17m                  
                  [38;2;40;70;125m[48;2;34;29;24m█[38;2;34;60;107m█[38;2;28;50;90m▓[38;2;23;40;72m▓[38;2;17;30;55m▒[39m                                                                                                                                                [38;2;17;30;55m▒[38;2;23;40;72m▓[38;2;28;50;90m▓[38;2;34;60;107m█[38;2;40;70;125m█[39m[48;2;131;27;17m                  
                  [38;2;40;70;125m[48;2;34;29;24m█[38;2;34;60;107m█[38;2;28;50;90m▓[38;2;23;40;72m▓[38;2;17;30;55m▒[39m                                                                                                                                                [38;2;17;30;55m▒[38;2;23;40;72m▓[38;2;28;50;90m▓[38;2;34;60;107m█[38;2;40;70;125m█[39m[48;2;131;27;17m                  
                  [38;2;40;70;125m[48;2;34;29;24m█[38;2;34;60;107m█[38;2;28;50;90m▓[38;2;23;40;72m▓[38;2;17;30;55m▒[39m                                                                                                                                                [38;2;17;30;55m▒[38;2;23;40;72m▓[38;2;28;50;90m▓[38;2;34;60;107m█[38;2;40;70;125m█[39m[48;2;131;27;17m                  
                  [38;2;40;70;125m[48;2;34;29;24m█[38;2;34;60;107m█[38;2;28;50;90m▓[38;2;23;40;72m▓[38;2;17;30;55m▒[39m                                                                                                                                                [38;2;17;30;55m▒[38;2;23;40;72m▓[38;2;28;50;90m▓[38;2;34;60;107m█[38;2;40;70;125m█[39m[48;2;131;27;17m                  
                  [38;2;40;70;125m[48;2;34;29;24m█[38;2;34;60;107m█[38;2;28;50;90m▓[38;2;23;40;72m▓[38;2;17;30;55m▒[39m                                                                                                                 [38;2;56;33;36m⣆[39m                              [38;2;17;30;55m▒[38;2;23;40;72m▓[38;2;28;50;90m▓[38;2;34;60;107m█[38;2;40;70;125m█[39m[48;2;131;27;17m                  
                  [38;2;40;70;125m[48;2;34;29;24m█[38;2;34;60;107m█[38;2;28;50;90m▓[38;2;23;40;72m▓[38;2;17;30;55m▒[39m                                                                                                                 [38;2;57;33;37m⣿[39m                              [38;2;17;30;55m▒[38;2;23;40;72m▓[38;2;28;50;90m▓[38;2;34;60;107m█[38;2;40;70;125m█[39m[48;2;131;27;17m                  
                  [38;2;40;70;125m[48;2;34;29;24m█[38;2;34;60;107m█[38;2;28;50;90m▓[38;2;23;40;72m▓[38;2;17;30;55m▒[39m                                                                                                                 [38;2;57;33;37m⢸[39m                              [38;2;17;30;55m▒[38;2;23;40;72m▓[38;2;28;50;90m▓[38;2;34;60;107m█[38;2;40;70;125m█[39m[48;2;131;27;17m                  
                  [38;2;40;70;125m[48;2;34;29;24m█[38;2;34;60;107m█[38;2;28;50;90m▓[38;2;23;40;72m▓[38;2;17;30;55m▒[39m                                                                                                                                                [38;2;17;30;55m▒[38;2;23;40;72m▓[38;2;28;50;90m▓[38;2;34;60;107m█[38;2;40;70;125m█[39m[48;2;131;27;17m                  
                  [38;2;40;70;125m[48;2;34;29;24m█[38;2;34;60;107m█[38;2;28;50;90m▓[38;2;23;40;72m▓[38;2;17;30;55m▒[39m                                                                                                                                                [38;2;17;30;55m▒[38;2;23;40;72m▓[38;2;28;50;90m▓[38;2;34;60;107m█[38;2;40;70;125m█[39m[48;2;131;27;17m                  
                  [38;2;40;70;125m[48;2;34;29;24m█[38;2;34;60;107m█[38;2;28;50;90m▓[38;2;23;40;72m▓[38;2;17;30;55m▒[39m                                                                                                                                   [38;2;57;33;37m⢸[38;2;58;33;39m⣷[39m           [38;2;17;30;55m▒[38;2;23;40;72m▓[38;2;28;50;90m▓[38;2;34;60;107m█[38;2;40;70;125m█[39m[48;2;131;27;17m                  
                  [38;2;40;70;125m[48;2;34;29;24m█[38;2;34;60;107m█[38;2;28;50;90m▓[38;2;23;40;72m▓[38;2;17;30;55m▒[39m                                                                                                                                    [38;2;59;33;39m⢿[38;2;58;33;38m⣷[39m          [38;2;17;30;55m▒[38;2;23;40;72m▓[38;2;28;50;90m▓[38;2;34;60;107m█[38;2;40;70;125m█[39m[48;2;131;27;17m                  
                  [38;2;40;70;125m[48;2;34;29;24m█[38;2;34;60;107m█[38;2;28;50;90m▓[38;2;23;40;72m▓[38;2;17;30;55m▒[39m                                                                                                                                                [38;2;17;30;55m▒[38;2;23;40;72m▓[38;2;28;50;90m▓[38;2;34;60;107m█[38;2;40;70;125m█[39m[48;2;131;27;17m                  
                  [38;2;40;70;125m[48;2;34;29;24m█[38;2;34;60;107m█[38;2;28;50;90m▓[38;2;23;40;72m▓[38;2;17;30;55m▒[39m                                                                                                                                                [38;2;17;30;55m▒[38;2;23;40;72m▓[38;2;28;50;90m▓[38;2;34;60;107m█[38;2;40;70;125m█[39m[48;2;131;27;17m                  
                  [38;2;40;70;125m[48;2;34;29;24m█[38;2;34;60;107m█[38;2;28;50;90m▓[38;2;23;40;72m▓[38;2;17;30;55m▒[39m      [38;2;55;33;34m⠘⠋⠈[39m                           [38;2;56;33;35m⢰[38;2;57;33;37m⣶[38;2;57;33;36m⣾[39m                                                                                                         [38;2;17;30;55m▒[38;2;23;40;72m▓[38;2;28;50;90m▓[38;2;34;60;107m█[38;2;40;70;125m█[39m[48;2;131;27;17m                  
                  [38;2;40;70;125m[48;2;34;29;24m█[38;2;34;60;107m█[38;2;28;50;90m▓[38;2;23;40;72m▓[38;2;17;30;55m▒[39m                                                                                                                                                [38;2;17;30;55m▒[38;2;23;40;72m▓[38;2;28;50;90m▓[38;2;34;60;107m█[38;2;40;70;125m█[39m[48;2;131;27;17m                  
                  [38;2;40;70;125m[48;2;34;29;24m█[38;2;34;60;107m█[38;2;28;50;90m▓[38;2;23;40;72m▓[38;2;17;30;55m▒[39m                                                                                                                                                [38;2;17;30;55m▒[38;2;23;40;72m▓[38;2;28;50;90m▓[38;2;34;60;107m█[38;2;40;70;125m█[39m[48;2;131;27;17m                  
                  [38;2;40;70;125m[48;2;34;29;24m█[38;2;34;60;107m█[38;2;28;50;90m▓[38;2;23;40;72m▓[38;2;17;30;55m▒[39m                                                                                                                                                [38;2;17;30;55m▒[38;2;23;40;72m▓[38;2;28;50;90m▓[38;2;34;60;107m█[38;2;40;70;125m█[39m[48;2;131;27;17m                  
                  [38;2;40;70;125m[48;2;34;29;24m█[38;2;34;60;107m█[38;2;28;50;90m▓[38;2;23;40;72m▓[38;2;17;30;55m▒[39m                                                                                                                                                [38;2;17;30;55m▒[38;2;23;40;72m▓[38;2;28;50;90m▓[38;2;34;60;107m█[38;2;40;70;125m█[39m[48;2;131;27;17m                  
                  [38;2;40;70;125m[48;2;34;29;24m█[38;2;34;60;107m█[38;2;28;50;90m▓[38;2;23;40;72m▓[38;2;17;30;55m▒[39m                                                                                                                                                [38;2;17;30;55m▒[38;2;23;40;72m▓[38;2;28;50;90m▓[38;2;34;60;107m█[38;2;40;70;125m█[39m[48;2;131;27;17m                  
                  [38;2;40;70;125m[48;2;34;29;24m█[38;2;34;60;107m█[38;2;28;50;90m▓[38;2;23;40;72m▓[38;2;17;30;55m▒[39m                                                                                                                                                [38;2;17;30;55m▒[38;2;23;40;72m▓[38;2;28;50;90m▓[38;2;34;60;107m█[38;2;40;70;125m█[39m[48;2;131;27;17m                  
                  [38;2;40;70;125m[48;2;34;29;24m█[38;2;34;60;107m█[38;2;28;50;90m▓[38;2;26;45;81m▓▓▓▓▓▓▓▓▓▓▓▓▓▓▓▓▓▓▓▓▓▓▓▓▓▓▓▓▓▓▓▓▓▓▓▓▓▓▓▓▓▓▓▓▓▓▓▓▓▓▓▓▓▓▓▓▓▓▓▓▓▓▓▓▓▓▓▓▓▓▓▓▓▓▓▓▓▓▓▓▓▓▓▓▓▓▓▓▓▓▓▓▓▓▓▓▓▓▓▓▓▓▓▓▓▓▓▓▓▓▓▓▓▓▓▓▓▓▓▓▓▓▓▓▓▓▓▓▓▓▓▓▓▓▓▓▓▓▓▓▓▓▓▓▓▓▓▓[38;2;28;50;90m▓[38;2;34;60;107m█[38;2;40;70;125m█[39m[48;2;131;27;17m                  
                  [38;2;40;70;125m[48;2;34;29;24m██████████████████████████████████████████████████████████████████████████████████████████████████████████████████████████████████████████████████████████[39m[48;2;131;27;17m                  
                                                                                                                                                                                              
                                                                                                                                                                                              
