[48;2;20;20;20m                                                                                                                                                                                              
                                                                                                                                                                                              
                  [38;2;230;46;30m[48;2;30;30;30m██████████████████████████████████████████████████████████████████████████████████████████████████████████████████████████████████████████████████████████[39m[48;2;20;20;20m                  
                  [38;2;230;46;30m[48;2;30;30;30m█[38;2;197;39;25m█[38;2;165;33;21m▓[38;2;149;29;19m▓▓▓▓▓▓▓▓▓▓▓▓▓▓▓▓▓▓▓▓▓▓▓▓▓▓▓▓▓▓▓▓▓▓▓▓▓▓▓▓▓▓▓▓▓▓▓▓▓▓▓▓▓▓▓▓▓▓▓▓▓▓▓▓▓▓▓▓▓▓▓▓▓▓▓▓▓▓▓▓▓▓▓▓▓▓▓▓▓▓▓▓▓▓▓▓▓▓▓▓▓▓▓▓▓▓▓▓▓▓▓▓▓▓▓▓▓▓▓▓▓▓▓▓▓▓▓▓▓▓▓▓▓▓▓▓▓▓▓▓▓▓▓▓▓▓▓▓[38;2;165;33;21m▓[38;2;197;39;25m█[38;2;230;46;30m█[39m[48;2;20;20;20m                  
                  [38;2;230;46;30m[48;2;30;30;30m█[38;2;197;39;25m█[38;2;165;33;21m▓[38;2;133;26;17m▓[38;2;101;20;13m▒[38;2;53;38;51m⡏[38;2;56;38;53m⢰[38;2;57;38;54m⣇[39m                                                                                                                                             [38;2;101;20;13m▒[38;2;133;26;17m▓[38;2;165;33;21m▓[38;2;197;39;25m█[38;2;230;46;30m█[39m[48;2;20;20;20m                  
                  [38;2;230;46;30m[48;2;30;30;30m█[38;2;197;39;25m█[38;2;165;33;21m▓[38;2;133;26;17m▓[38;2;101;20;13m▒[38;2;52;38;50m⣀[38;2;57;38;53m⣿[38;2;63;38;59m⣿[38;2;62;38;58m⣿[39m                                                                                                                                            [38;2;101;20;13m▒[38;2;133;26;17m▓[38;2;165;33;21m▓[38;2;197;39;25m█[38;2;230;46;30m█[39m[48;2;20;20;20m                  
                  [38;2;230;46;30m[48;2;30;30;30m█[38;2;197;39;25m█[38;2;165;33;21m▓[38;2;133;26;17m▓[38;2;101;20;13m▒[38;2;48;38;47m⠈[38;2;54;38;52m⠸[38;2;68;38;63m⢿[38;2;75;38;70m⣿[38;2;71;38;66m⣿[39m                                                                                                                                           [38;2;101;20;13m▒[38;2;133;26;17m▓[38;2;165;33;21m▓[38;2;197;39;25m█[38;2;230;46;30m█[39m[48;2;20;20;20m                  
                  [38;2;230;46;30m[48;2;30;30;30m█[38;2;197;39;25m█[38;2;165;33;21m▓[38;2;133;26;17m▓[38;2;101;20;13m▒[39m  [38;2;63;38;59m⢸[38;2;76;38;76m⣿[38;2;78;38;84m⣿[38;2;72;38;67m⣷[39m                                                                                                                                          [38;2;101;20;13m▒[38;2;133;26;17m▓[38;2;165;33;21m▓[38;2;197;39;25m█[38;2;230;46;30m█[39m[48;2;20;20;20m                  
                  [38;2;230;46;30m[48;2;30;30;30m█[38;2;197;39;25m█[38;2;165;33;21m▓[38;2;133;26;17m▓[38;2;101;20;13m▒[39m   [38;2;70;38;65m⢹[38;2;77;38;82m⣿[38;2;76;38;77m⣿[38;2;65;38;60m⡇[39m                                                                                                                                         [38;2;101;20;13m▒[38;2;133;26;17m▓[38;2;165;33;21m▓[38;2;197;39;25m█[38;2;230;46;30m█[39m[48;2;20;20;20m                  
                  [38;2;230;46;30m[48;2;30;30;30m█[38;2;197;39;25m█[38;2;165;33;21m▓[38;2;133;26;17m▓[38;2;101;20;13m▒[39m    [38;2;68;38;63m⢻[38;2;73;38;67m⣿[38;2;66;38;62m⣿[39m                                                                                                                                         [38;2;101;20;13m▒[38;2;133;26;17m▓[38;2;165;33;21m▓[38;2;197;39;25m█[38;2;230;46;30m█[39m[48;2;20;20;20m                  
                  [38;2;230;46;30m[48;2;30;30;30m█[38;2;197;39;25m█[38;2;165;33;21m▓[38;2;133;26;17m▓[38;2;101;20;13m▒[39m     [38;2;59;38;55m⠸[38;2;62;38;58m⣿[38;2;57;38;54m⣷[39m                                                                                                                                        [38;2;101;20;13m▒[38;2;133;26;17m▓[38;2;165;33;21m▓[38;2;197;39;25m█[38;2;230;46;30m█[39m[48;2;20;20;20m                  
                  [38;2;230;46;30m[48;2;30;30;30m█[38;2;197;39;25m█[38;2;165;33;21m▓[38;2;133;26;17m▓[38;2;101;20;13m▒[39m      [38;2;53;38;50m⢸[38;2;54;38;51m⣿[39m                                                                                                                                        [38;2;101;20;13m▒[38;2;133;26;17m▓[38;2;165;33;21m▓[38;2;197;39;25m█[38;2;230;46;30m█[39m[48;2;20;20;20m                  
                  [38;2;230;46;30m[48;2;30;30;30m█[38;2;197;39;25m█[38;2;165;33;21m▓[38;2;133;26;17m▓[38;2;101;20;13m▒[39m       [38;2;51;38;49m⠘[39m                                                                                                                                        [38;2;101;20;13m▒[38;2;133;26;17m▓[38;2;165;33;21m▓[38;2;197;39;25m█[38;2;230;46;30m█[39m[48;2;20;20;20m                  
                  [38;2;230;46;30m[48;2;30;30;30m█[38;2;197;39;25m█[38;2;165;33;21m▓[38;2;133;26;17m▓[38;2;101;20;13m▒[39m        [38;2;62;38;58m⣶⡄[39m                                                                                                                                      [38;2;101;20;13m▒[38;2;133;26;17m▓[38;2;165;33;21m▓[38;2;197;39;25m█[38;2;230;46;30m█[39m[48;2;20;20;20m                  
                  [38;2;230;46;30m[48;2;30;30;30m█[38;2;197;39;25m█[38;2;165;33;21m▓[38;2;133;26;17m▓[38;2;101;20;13m▒[39m       [38;2;62;38;58m⢠[38;2;78;38;87m⣿[38;2;79;38;91m⣿[38;2;73;38;67m⡇[39m                                                                                                                                     [38;2;101;20;13m▒[38;2;133;26;17m▓[38;2;165;33;21m▓[38;2;197;39;25m█[38;2;230;46;30m█[39m[48;2;20;20;20m                  
                  [38;2;230;46;30m[48;2;30;30;30m█[38;2;197;39;25m█[38;2;165;33;21m▓[38;2;133;26;17m▓[38;2;101;20;13m▒[39m       [38;2;66;38;62m⢸[38;2;82;38;104m⣿[38;2;84;38;112m⣿[38;2;78;38;84m⣿[39m                                                                                                                                     [38;2;101;20;13m▒[38;2;133;26;17m▓[38;2;165;33;21m▓[38;2;197;39;25m█[38;2;230;46;30m█[39m[48;2;20;20;20m                  
                  [38;2;230;46;30m[48;2;30;30;30m█[38;2;197;39;25m█[38;2;165;33;21m▓[38;2;133;26;17m▓[38;2;101;20;13m▒[39m        [38;2;81;38;101m⣿[38;2;83;38;109m⣿[38;2;78;38;83m⣿[39m                                                     [38;2;45;38;44m⢰[38;2;46;38;44m⣦[39m                                                                              [38;2;101;20;13m▒[38;2;133;26;17m▓[38;2;165;33;21m▓[38;2;197;39;25m█[38;2;230;46;30m█[39m[48;2;20;20;20m                  
                  [38;2;230;46;30m[48;2;30;30;30m█[38;2;197;39;25m█[38;2;165;33;21m▓[38;2;133;26;17m▓[38;2;101;20;13m▒[39m        [38;2;76;38;77m⣿[38;2;77;38;82m⣿[38;2;69;38;64m⡇[39m                                                     [38;2;46;38;45m⠸⡟[39m                                                         [38;2;67;38;62m⣴[38;2;64;38;60m⣶[38;2;55;38;52m⣦[39m                  [38;2;101;20;13m▒[38;2;133;26;17m▓[38;2;165;33;21m▓[38;2;197;39;25m█[38;2;230;46;30m█[39m[48;2;20;20;20m                  
                  [38;2;230;46;30m[48;2;30;30;30m█[38;2;197;39;25m█[38;2;165;33;21m▓[38;2;133;26;17m▓[38;2;101;20;13m▒[39m        [38;2;72;38;66m⣿⣿[38;2;59;38;56m⡇[39m          [38;2;44;38;43m⡄[39m                                                                                                  [38;2;64;38;60m⢠[38;2;77;38;78m⣶[38;2;80;38;93m⣿[38;2;79;38;87m⣿[38;2;74;38;68m⣿[38;2;58;38;54m⣿[39m    [38;2;46;38;44m⠈[38;2;51;38;49m⢻[38;2;53;38;51m⣷[38;2;50;38;48m⡄[39m          [38;2;101;20;13m▒[38;2;133;26;17m▓[38;2;165;33;21m▓[38;2;197;39;25m█[38;2;230;46;30m█[39m[48;2;20;20;20m                  
                  [38;2;230;46;30m[48;2;30;30;30m█[38;2;197;39;25m█[38;2;165;33;21m▓[38;2;133;26;17m▓[38;2;101;20;13m▒[39m        [38;2;64;38;60m⣿[38;2;63;38;58m⣿[39m             [38;2;47;38;45m⢻[38;2;49;38;47m⣷[38;2;50;38;48m⣦[39m   [38;2;70;38;65m⢀[38;2;81;38;96m⣴[38;2;87;38;128m⣶[38;2;100;38;129m⣶[38;2;95;38;129m⣶[38;2;85;38;116m⣶[38;2;78;38;86m⣤[38;2;69;38;64m⡀[39m  [38;2;71;38;66m⢀[38;2;78;38;84m⣤[38;2;80;38;95m⣤⣤[38;2;79;38;90m⣤⣤[38;2;80;38;93m⣤[38;2;81;38;97m⣤[38;2;80;38;95m⣤[38;2;78;38;86m⣄[38;2;75;38;71m⡀[39m                                               [38;2;66;38;61m⣠[38;2;75;38;70m⣤[38;2;77;38;79m⣤[38;2;78;38;83m⣴[38;2;77;38;82m⣶[38;2;75;38;70m⣄[39m                [38;2;62;38;58m⢰[38;2;75;38;73m⣿[38;2;80;38;93m⣿[38;2;81;38;98m⣿[38;2;78;38;85m⣿[38;2;69;38;64m⡟[39m      [38;2;51;38;48m⠘[38;2;55;38;52m⣿[38;2;53;38;51m⣿[39m          [38;2;101;20;13m▒[38;2;133;26;17m▓[38;2;165;33;21m▓[38;2;197;39;25m█[38;2;230;46;30m█[39m[48;2;20;20;20m                  
                  [38;2;230;46;30m[48;2;30;30;30m█[38;2;197;39;25m█[38;2;165;33;21m▓[38;2;133;26;17m▓[38;2;101;20;13m▒[39m        [38;2;57;38;53m⣿[38;2;54;38;51m⡇[39m              [38;2;49;38;47m⠘[38;2;52;38;50m⢿[38;2;58;38;55m⣿[38;2;72;38;66m⣶[38;2;87;38;125m⣾[38;2;167;37;108m⣿[38;2;205;77;20m⣿[38;2;201;106;0m⣿[38;2;202;102;0m⣿[38;2;205;79;16m⣿[38;2;198;48;68m⣿[38;2;167;38;107m⣿[38;2;126;37;131m⣿[38;2;89;38;129m⣿[38;2;97;38;129m⣿[38;2;133;37;131m⣿[38;2;162;37;111m⣿[38;2;156;37;116m⣿[38;2;129;37;131m⣿[38;2;106;38;130m⣿[38;2;99;38;129m⣿[38;2;103;38;129m⣿[38;2;113;37;130m⣿[38;2;123;37;131m⣿[38;2;132;37;131m⣿[38;2;135;37;131m⣿[38;2;125;37;131m⣿[38;2;98;38;129m⣷[38;2;80;38;95m⣦[39m                       [38;2;77;38;82m⣠[38;2;80;38;93m⣴[38;2;82;38;103m⣶[38;2;84;38;112m⣶[38;2;86;38;120m⣶⣶[38;2;85;38;119m⣶[38;2;88;38;129m⣶[38;2;101;38;129m⣶[38;2;103;38;129m⣶[38;2;90;38;129m⣤[38;2;82;38;105m⣤[38;2;78;38;85m⣤[38;2;73;38;68m⣄[39m     [38;2;52;38;50m⢠[38;2;64;38;59m⣾[38;2;76;38;76m⣿[38;2;81;38;99m⣿[38;2;86;38;119m⣿[38;2;102;38;129m⣿[38;2;127;37;131m⣿[38;2;134;37;131m⣿[38;2;114;37;130m⣿[38;2;83;38;109m⣦[39m    [38;2;76;38;73m⣠[38;2;78;38;86m⣤[38;2;79;38;88m⣤[38;2;77;38;78m⣄[38;2;69;38;64m⡀[39m    [38;2;53;38;51m⣸[38;2;64;38;59m⣿[38;2;75;38;69m⣿[38;2;77;38;78m⡿[38;2;75;38;71m⠟[39m          [38;2;53;38;50m⢻[39m          [38;2;101;20;13m▒[38;2;133;26;17m▓[38;2;165;33;21m▓[38;2;197;39;25m█[38;2;230;46;30m█[39m[48;2;20;20;20m                  
                  [38;2;230;46;30m[48;2;30;30;30m█[38;2;197;39;25m█[38;2;165;33;21m▓[38;2;133;26;17m▓[38;2;101;20;13m▒[39m        [38;2;52;38;50m⣿[39m                 [38;2;70;38;65m⢸[38;2;104;38;129m⣿[38;2;204;73;26m⣿[38;2;187;137;0m⣿[38;2;172;155;0m⣿[38;2;184;141;0m⣿[38;2;197;114;0m⣿[38;2;207;86;4m⣿[38;2;201;61;45m⣿[38;2;199;54;57m⣿[38;2;199;53;60m⣿[38;2;196;40;81m⣿[38;2;186;38;92m⣿[38;2;185;38;93m⣿[38;2;187;38;91m⣿[38;2;165;37;109m⣿[38;2;129;37;131m⣿[38;2;103;38;129m⣿[38;2;95;38;129m⣿[38;2;99;38;129m⣿[38;2;111;38;130m⣿[38;2;122;37;131m⣿[38;2;134;37;131m⣿[38;2;147;37;125m⣿[38;2;165;37;109m⣿[38;2;179;38;97m⣿[38;2;168;38;106m⣿[38;2;136;37;131m⣿[38;2;115;37;130m⣶[38;2;123;37;131m⣶[38;2;124;37;131m⣾[38;2;99;38;129m⣿[38;2;79;38;91m⣿[38;2;67;38;62m⣿[38;2;54;38;51m⣷[38;2;47;38;45m⡄[39m  [38;2;46;38;45m⢸[38;2;49;38;48m⣿[38;2;52;38;50m⣿[38;2;54;38;51m⣿[38;2;58;38;54m⣷[38;2;66;38;62m⣶[38;2;73;38;67m⣦[38;2;77;38;79m⣄[38;2;90;38;129m⣠[38;2;155;37;118m⣴[38;2;181;38;95m⣾[38;2;169;38;106m⣿[38;2;120;37;130m⣿[38;2;97;38;129m⣿[38;2;92;38;129m⣿[38;2;99;38;129m⣿[38;2;118;37;130m⣿[38;2;142;37;129m⣿[38;2;181;38;96m⣿[38;2;207;86;4m⣿[38;2;190;134;0m⣿[38;2;182;143;0m⣿[38;2;196;118;0m⣿[38;2;202;64;41m⣿[38;2;178;38;98m⣿[38;2;157;37;116m⣿[38;2;134;37;131m⣿[38;2;103;38;129m⣷[38;2;82;38;101m⣶[38;2;69;38;64m⣶[38;2;55;38;52m⣾[38;2;54;38;51m⡿[38;2;62;38;58m⠿[38;2;75;38;72m⣿[38;2;80;38;94m⣿[38;2;85;38;115m⣿[38;2;100;38;129m⣿[38;2;130;37;131m⣿[38;2;144;37;127m⣿[38;2;136;37;131m⣿[38;2;112;38;130m⣿[38;2;96;38;129m⣿[38;2;106;38;130m⣿[38;2;148;37;124m⣿[38;2;196;41;79m⣿[38;2;203;70;31m⣿[38;2;204;72;27m⣿[38;2;200;59;49m⣿[38;2;195;38;84m⣿[38;2;167;38;107m⣿[38;2;128;37;131m⣿[38;2;87;38;125m⣷[38;2;76;38;73m⣶[38;2;60;38;56m⣾[38;2;55;38;52m⡟[38;2;56;38;53m⠋[39m             [38;2;51;38;49m⢰[38;2;50;38;48m⣇[39m         [38;2;101;20;13m▒[38;2;133;26;17m▓[38;2;165;33;21m▓[38;2;197;39;25m█[38;2;230;46;30m█[39m[48;2;20;20;20m                  
                  [38;2;230;46;30m[48;2;30;30;30m█[38;2;197;39;25m█[38;2;165;33;21m▓[38;2;133;26;17m▓[38;2;101;20;13m▒[39m        [38;2;79;38;87m⣶[39m                 [38;2;77;38;79m⢸[38;2;176;38;100m⣿[38;2;180;146;0m⣿[38;2;149;177;24m⣿[38;2;153;174;16m⣿[38;2;191;130;0m⣿[38;2;206;80;13m⣿[38;2;197;44;73m⣿[38;2;181;38;95m⣿[38;2;195;38;84m⣿[38;2;203;68;34m⣿[38;2;206;92;0m⣿[38;2;205;96;0m⣿[38;2;205;76;20m⣿[38;2;193;38;85m⣿[38;2;136;37;131m⡿[38;2;89;38;129m⠋[39m    [38;2;85;38;115m⠈[38;2;96;38;129m⠹[38;2;120;37;130m⢿[38;2;156;37;117m⣿[38;2;198;48;68m⣿[38;2;203;71;28m⣿[38;2;201;61;45m⣿[38;2;194;38;85m⣿[38;2;174;38;101m⣿[38;2;160;37;114m⣿[38;2;119;37;130m⣿[38;2;82;38;102m⣿[38;2;69;38;64m⣿[38;2;54;38;51m⠇[39m       [38;2;58;38;55m⠻[38;2;71;38;66m⣿[38;2;79;38;89m⣿[38;2;111;38;130m⣿[38;2;201;63;43m⣿[38;2;192;128;0m⣿⣿[38;2;204;76;21m⣿[38;2;134;37;131m⣿[38;2;95;38;129m⣿[38;2;87;38;127m⣿[38;2;93;38;129m⣿[38;2;114;37;130m⣿[38;2;146;37;125m⣿[38;2;197;45;73m⣿[38;2;194;123;0m⣿[38;2;159;170;2m⣿[38;2;147;179;29m⣿[38;2;170;158;0m⣿[38;2;201;105;0m⣿[38;2;199;55;56m⣿[38;2;188;38;90m⣿[38;2;178;38;98m⣿[38;2;171;38;104m⣿[38;2;140;37;130m⣿[38;2;91;38;129m⣿[38;2;73;38;67m⣧[39m     [38;2;80;38;96m⠘[38;2;96;38;129m⠻[38;2;119;37;130m⢿[38;2;125;37;131m⣿[38;2;139;37;131m⣿[38;2;195;38;84m⣿[38;2;205;94;0m⣿[38;2;191;131;0m⣿[38;2;186;139;0m⣿[38;2;191;130;0m⣿[38;2;201;105;0m⣿[38;2;205;77;19m⣿[38;2;199;55;56m⣿[38;2;198;51;63m⣿[38;2;197;46;71m⣿[38;2;176;38;100m⣿[38;2;117;37;130m⣿[38;2;78;38;86m⣿[39m               [38;2;50;38;48m⢸[38;2;49;38;47m⡟[39m         [38;2;101;20;13m▒[38;2;133;26;17m▓[38;2;165;33;21m▓[38;2;197;39;25m█[38;2;230;46;30m█[39m[48;2;20;20;20m                  
                  [38;2;230;46;30m[48;2;30;30;30m█[38;2;197;39;25m█[38;2;165;33;21m▓[38;2;133;26;17m▓[38;2;101;20;13m▒[39m       [38;2;127;37;131m⣾[38;2;154;37;118m⣿[38;2;132;37;131m⣿[38;2;77;38;80m⡆[39m               [38;2;79;38;90m⢸[38;2;197;44;74m⣿[38;2;169;158;0m⣿[38;2;154;173;13m⣿[38;2;182;143;0m⣿[38;2;157;37;116m⣿[39m   [38;2;95;38;129m⢻[38;2;175;38;101m⣿[38;2;207;86;3m⣿[38;2;199;110;0m⣿[38;2;207;90;0m⣿[38;2;180;38;97m⣿[38;2;87;38;125m⣇[39m        [38;2;84;38;111m⠸[38;2;178;38;98m⣿[38;2;205;95;0m⣿[38;2;201;106;0m⣿[38;2;206;82;11m⣿[38;2;191;38;87m⣿[38;2;157;37;116m⣿[38;2;108;38;130m⣿[38;2;78;38;85m⡿[39m          [38;2;68;38;63m⠸[38;2;82;38;104m⣿[38;2;158;37;115m⣿[38;2;200;107;0m⣿[38;2;174;152;0m⣿[38;2;184;141;0m⣿[38;2;203;70;31m⣿[38;2;101;38;129m⡿[39m   [38;2;78;38;82m⠈[38;2;90;38;129m⢻[38;2;160;37;113m⣿[38;2;201;106;0m⣿[38;2;163;165;0m⣿[38;2;145;181;34m⣿[38;2;165;163;0m⣿[38;2;200;109;0m⣿[38;2;197;47;70m⣿[38;2;170;38;105m⣿[38;2;172;38;103m⣿[38;2;195;38;84m⣿[38;2;188;38;90m⣿[38;2;144;37;127m⣿[38;2;82;38;104m⣿[39m        [38;2;83;38;107m⢸[38;2;182;38;95m⣿[38;2;191;131;0m⣿[38;2;160;169;0m⣿[38;2;153;174;15m⣿[38;2;173;154;0m⣿[38;2;193;126;0m⣿[38;2;207;90;0m⣿[38;2;199;54;57m⣿[38;2;191;38;87m⣿[38;2;197;44;74m⣿[38;2;204;73;26m⣿[38;2;205;78;17m⣿[38;2;196;40;81m⣿[38;2;109;38;130m⣿[38;2;67;38;62m⡇[39m              [38;2;49;38;47m⠸[39m          [38;2;101;20;13m▒[38;2;133;26;17m▓[38;2;165;33;21m▓[38;2;197;39;25m█[38;2;230;46;30m█[39m[48;2;20;20;20m                  
                  [38;2;230;46;30m[48;2;30;30;30m█[38;2;197;39;25m█[38;2;165;33;21m▓[38;2;133;26;17m▓[38;2;101;20;13m▒[39m      [38;2;78;38;87m⢸[38;2;159;37;114m⣿[38;2;196;41;79m⣿[38;2;178;38;98m⣿[38;2;86;38;120m⣷[39m               [38;2;79;38;89m⣼[38;2;168;38;107m⣿[38;2;198;112;0m⣿[38;2;196;119;0m⣿[38;2;202;66;37m⣿[38;2;84;38;111m⡇[39m    [38;2;85;38;116m⢹[38;2;170;38;105m⣿[38;2;205;78;17m⣿[38;2;205;95;0m⣿[38;2;203;70;31m⣿[38;2;162;37;112m⣿[38;2;89;38;129m⣧[39m        [38;2;149;37;122m⣿[38;2;207;90;0m⣿[38;2;200;107;0m⣿[38;2;203;69;33m⣿[38;2;124;37;131m⣿[38;2;82;38;105m⡿[39m             [38;2;78;38;84m⢸[38;2;155;37;117m⣿[38;2;205;94;0m⣿[38;2;194;122;0m⣿[38;2;206;83;9m⣿[38;2;129;37;131m⡿[39m      [38;2;78;38;85m⠸[38;2;135;37;131m⢿[38;2;201;61;46m⣿[38;2;202;103;0m⣿[38;2;203;101;0m⣿[38;2;199;55;56m⣿[38;2;135;37;131m⣿[38;2;84;38;111m⠇[38;2;87;38;126m⠹[38;2;159;37;114m⣿[38;2;193;38;86m⣿[38;2;171;38;104m⣿[38;2;88;38;129m⣿[39m       [38;2;76;38;73m⢠[38;2;113;38;130m⣾[38;2;202;66;37m⣿[38;2;179;147;0m⣿[38;2;158;170;4m⣿[38;2;170;158;0m⣿[38;2;203;100;0m⣿[38;2;168;38;106m⣿[38;2;91;38;129m⠟[39m  [38;2;98;38;129m⢸[38;2;199;52;61m⣿[38;2;202;102;0m⣿[38;2;207;90;0m⣿[38;2;162;37;112m⣿[38;2;79;38;90m⣷[39m                         [38;2;101;20;13m▒[38;2;133;26;17m▓[38;2;165;33;21m▓[38;2;197;39;25m█[38;2;230;46;30m█[39m[48;2;20;20;20m                  
                  [38;2;230;46;30m[48;2;30;30;30m█[38;2;197;39;25m█[38;2;165;33;21m▓[38;2;133;26;17m▓[38;2;101;20;13m▒[39m      [38;2;76;38;77m⢸[38;2;138;37;131m⣿[38;2;182;38;95m⣿[38;2;170;38;105m⣿[38;2;97;38;129m⣿[38;2;76;38;76m⣇[39m            [38;2;51;38;49m⢠[38;2;59;38;55m⣾[38;2;75;38;70m⣿[38;2;91;38;129m⣿[38;2;157;37;116m⣿[38;2;170;38;105m⣿[38;2;140;37;130m⣿[38;2;84;38;112m⣿[38;2;75;38;71m⡄[39m    [38;2;85;38;119m⢸[38;2;159;37;114m⣿[38;2;201;60;47m⣿[38;2;206;84;7m⣿[38;2;204;74;25m⣿[38;2;196;41;79m⣿[38;2;138;37;131m⣷[38;2;86;38;120m⣦[39m    [38;2;83;38;109m⢠[38;2;157;37;116m⣾[38;2;206;92;0m⣿[38;2;190;134;0m⣿[38;2;198;113;0m⣿[38;2;193;38;85m⣿[38;2;84;38;111m⣿[39m              [38;2;75;38;70m⢸[38;2;124;37;131m⣿[38;2;177;38;99m⣿[38;2;173;38;102m⣿[38;2;105;38;130m⣿[39m        [38;2;77;38;82m⢸[38;2;104;38;129m⣿[38;2;169;38;106m⣿[38;2;199;51;62m⣿[38;2;198;50;64m⣿[38;2;168;38;106m⣿[38;2;107;38;130m⣷[38;2;84;38;114m⣤[38;2;120;37;130m⣿[38;2;153;37;119m⣿[38;2;145;37;126m⣿[38;2;85;38;117m⣿[39m      [38;2;83;38;108m⢰[38;2;123;37;131m⣾[38;2;179;38;98m⣿[38;2;206;80;13m⣿[38;2;192;127;0m⣿[38;2;192;129;0m⣿[38;2;206;81;12m⣿[38;2;125;37;131m⡿[39m    [38;2;84;38;112m⢸[38;2;200;57;52m⣿[38;2;196;117;0m⣿[38;2;199;110;0m⣿[38;2;187;38;91m⣿[38;2;85;38;116m⣿[38;2;75;38;72m⣷[38;2;68;38;63m⣶[38;2;72;38;67m⣴[38;2;77;38;79m⣶[38;2;80;38;95m⣶[38;2;85;38;115m⣶[38;2;96;38;129m⣶[38;2;115;37;130m⣶[38;2;126;37;131m⣾[38;2;129;37;131m⣿[38;2;130;37;131m⣿[38;2;132;37;131m⣿[38;2;126;37;131m⣿[38;2;100;38;129m⣿[38;2;80;38;95m⣷[39m          [38;2;101;20;13m▒[38;2;133;26;17m▓[38;2;165;33;21m▓[38;2;197;39;25m█[38;2;230;46;30m█[39m[48;2;20;20;20m                  
                  [38;2;230;46;30m[48;2;30;30;30m█[38;2;197;39;25m█[38;2;165;33;21m▓[38;2;133;26;17m▓[38;2;101;20;13m▒[39m       [38;2;80;38;92m⢹[38;2;91;38;129m⣿[38;2;98;38;129m⣿[38;2;87;38;127m⣿[38;2;92;38;129m⣿[38;2;122;37;131m⣿[38;2;158;37;115m⣿[38;2;167;37;108m⣿[38;2;130;37;131m⣷[38;2;82;38;105m⣆[39m       [38;2;52;38;49m⣿[38;2;56;38;53m⡿[38;2;60;38;56m⠟[38;2;65;38;61m⠋[38;2;78;38;83m⢻[38;2;83;38;109m⣿[38;2;87;38;126m⣿[38;2;88;38;129m⣿[38;2;92;38;129m⣿[38;2;105;38;130m⣿[38;2;114;37;130m⣷[38;2;113;38;130m⣶[38;2;106;38;130m⣶[38;2;102;38;129m⣾[38;2;124;37;131m⣿[38;2;171;38;104m⣿[38;2;202;64;41m⣿[38;2;205;94;0m⣿[38;2;201;104;0m⣿[38;2;205;95;0m⣿[38;2;205;78;18m⣿[38;2;201;62;44m⣿[38;2;203;68;33m⣿[38;2;207;86;4m⣿[38;2;202;102;0m⣿[38;2;194;124;0m⣿[38;2;176;150;0m⣿[38;2;164;165;0m⣿[38;2;174;153;0m⣿[38;2;205;95;0m⣿[38;2;144;37;127m⣿[38;2;77;38;80m⡇[39m              [38;2;63;38;59m⢸[38;2;86;38;122m⣿[38;2;124;37;131m⣿[38;2;129;37;131m⣿[38;2;91;38;129m⣿[38;2;78;38;86m⣄[38;2;79;38;90m⣀[38;2;99;38;129m⣤[38;2;140;37;130m⣴[38;2;151;37;121m⣦[38;2;121;37;130m⣤[38;2;83;38;107m⣄[38;2;70;38;65m⣰[38;2;63;38;59m⣾[38;2;75;38;71m⣿[38;2;87;38;127m⣿[38;2;146;37;125m⣿[38;2;195;38;84m⣿[38;2;200;58;50m⣿⣿[38;2;197;46;71m⣿[38;2;192;38;86m⣿[38;2;167;37;108m⣿[38;2;130;37;131m⣿[38;2;85;38;116m⣿[39m   [38;2;80;38;94m⢀[38;2;92;38;129m⣴[38;2;132;37;131m⣾[38;2;168;38;107m⣿[38;2;188;38;90m⣿[38;2;194;38;85m⣿[38;2;189;38;89m⣿[38;2;183;38;94m⣿[38;2;161;37;112m⣿[38;2;124;37;131m⣿[38;2;85;38;117m⣷[38;2;76;38;75m⡄[39m  [38;2;79;38;92m⢠[38;2;128;37;131m⣾[38;2;204;73;25m⣿[38;2;200;108;0m⣿[38;2;207;85;5m⣿[38;2;153;37;120m⣿[38;2;82;38;104m⣿[38;2;76;38;74m⣿[38;2;74;38;68m⣿[38;2;78;38;83m⣿[38;2;83;38;106m⣿[38;2;92;38;129m⣿[38;2;120;37;130m⣿[38;2;154;37;119m⣿[38;2;185;38;92m⣿[38;2;197;43;75m⣿[38;2;196;42;78m⣿[38;2;188;38;89m⣿[38;2;182;38;95m⣿[38;2;178;38;98m⣿[38;2;156;37;117m⣿[38;2;113;38;130m⣿[38;2;79;38;90m⣿[39m         [38;2;101;20;13m▒[38;2;133;26;17m▓[38;2;165;33;21m▓[38;2;197;39;25m█[38;2;230;46;30m█[39m[48;2;20;20;20m                  
                  [38;2;230;46;30m[48;2;30;30;30m█[38;2;197;39;25m█[38;2;165;33;21m▓[38;2;133;26;17m▓[38;2;101;20;13m▒[39m        [38;2;62;38;58m⠈[38;2;74;38;68m⢿[38;2;80;38;93m⣿[38;2;94;38;129m⣿[38;2;138;37;131m⣿[38;2;182;38;95m⣿[38;2;190;38;88m⣿[38;2;149;37;123m⣿[38;2;85;38;118m⣿[39m  [38;2;44;38;43m⠘⠋[39m        [38;2;65;38;60m⠘[38;2;77;38;82m⢿[38;2;84;38;111m⣿[38;2;94;38;129m⣿[38;2;117;37;130m⣿[38;2;133;37;131m⣿[38;2;137;37;131m⣿[38;2;130;37;131m⣿[38;2;117;37;130m⣿[38;2;111;38;130m⣿[38;2;118;37;130m⣿[38;2;154;37;118m⣿[38;2;198;50;64m⣿[38;2;207;88;0m⣿[38;2;202;103;0m⣿[38;2;201;105;0m⣿[38;2;199;110;0m⣿[38;2;190;134;0m⣿[38;2;176;151;0m⣿[38;2;170;157;0m⣿[38;2;169;159;0m⣿[38;2;163;165;0m⣿[38;2;166;162;0m⣿[38;2;190;133;0m⣿[38;2;198;49;66m⣿[38;2;102;38;129m⣿[38;2;78;38;86m⣷[38;2;68;38;63m⣆[39m              [38;2;77;38;81m⢻[38;2;92;38;129m⣿[38;2;117;37;130m⣿[38;2;122;37;131m⣿[38;2;145;37;126m⣿[38;2;201;62;44m⣿[38;2;191;131;0m⣿[38;2;165;163;0m⣿[38;2;174;153;0m⣿[38;2;203;99;0m⣿[38;2;132;37;131m⣿[38;2;77;38;80m⣿[38;2;58;38;55m⡿[38;2;57;38;54m⠛[38;2;67;38;62m⠻[38;2;83;38;110m⢿[38;2;136;37;131m⣿[38;2;194;38;85m⣿[38;2;202;67;36m⣿[38;2;204;73;25m⣿[38;2;202;64;41m⣿[38;2;196;41;79m⣿[38;2;175;38;101m⣿[38;2;157;37;116m⣿[38;2;146;37;125m⣿[38;2;140;37;130m⣿[38;2;141;37;129m⣿[38;2;149;37;123m⣿[38;2;159;37;114m⣿[38;2;173;38;102m⣿[38;2;183;38;94m⣿[38;2;175;38;100m⣿[38;2;143;37;128m⣿[38;2;101;38;129m⣿[38;2;86;38;122m⣿[38;2;87;38;126m⣿[38;2;89;38;129m⣿[38;2;85;38;119m⣿⣿[38;2;93;38;129m⣿[38;2;103;38;129m⣿[38;2;108;38;130m⣿[38;2;147;37;125m⣿[38;2;198;48;68m⣿[38;2;200;57;52m⣿[38;2;172;38;103m⣿[38;2;88;38;129m⣿[38;2;74;38;68m⠿[38;2;67;38;62m⠛[38;2;68;38;63m⠻[38;2;76;38;76m⢿[38;2;81;38;100m⣿[38;2;87;38;128m⣿[38;2;115;37;130m⣿[38;2;151;37;121m⣿[38;2;187;38;91m⣿[38;2;198;50;64m⣿[38;2;198;51;63m⣿[38;2;196;39;83m⣿[38;2;184;38;93m⣿[38;2;183;38;94m⣿[38;2;171;38;104m⣿[38;2;137;37;131m⣿[38;2;86;38;121m⣿[38;2;69;38;64m⣷[39m        [38;2;101;20;13m▒[38;2;133;26;17m▓[38;2;165;33;21m▓[38;2;197;39;25m█[38;2;230;46;30m█[39m[48;2;20;20;20m                  
                  [38;2;230;46;30m[48;2;30;30;30m█[38;2;197;39;25m█[38;2;165;33;21m▓[38;2;133;26;17m▓[38;2;101;20;13m▒[39m          [38;2;67;38;62m⠘[38;2;83;38;107m⢿[38;2;119;37;130m⣿[38;2;163;37;110m⣿[38;2;174;38;101m⣿[38;2;136;37;131m⣿[38;2;83;38;110m⠟[39m               [38;2;82;38;103m⠻[38;2;98;38;129m⣿[38;2;121;37;130m⣿[38;2;128;37;131m⣿[38;2;123;37;131m⣿[38;2;108;38;130m⣿[38;2;93;38;129m⣿[38;2;86;38;122m⣿[38;2;87;38;126m⣿[38;2;115;37;130m⣿[38;2;165;37;109m⣿[38;2;198;51;63m⣿[38;2;205;79;16m⣿[38;2;203;100;0m⣿[38;2;191;130;0m⣿[38;2;178;148;0m⣿[38;2;174;153;0m⣿[38;2;178;148;0m⣿[38;2;188;136;0m⣿[38;2;202;102;0m⣿[38;2;192;38;87m⣿[38;2;103;38;129m⣿[38;2;80;38;96m⣿[38;2;77;38;80m⣿[38;2;75;38;69m⣿[38;2;66;38;61m⣿[38;2;57;38;54m⣦[39m             [38;2;79;38;89m⣿[38;2;89;38;129m⣿[38;2;119;37;130m⣿[38;2;168;38;107m⣿[38;2;207;89;0m⣿[38;2;176;150;0m⣿[38;2;150;176;22m⣿[38;2;165;164;0m⣿[38;2;200;108;0m⣿[38;2;135;37;131m⣿[38;2;76;38;75m⠇[39m    [38;2;80;38;92m⠘[38;2;118;37;130m⢿[38;2;177;38;99m⣿[38;2;198;50;64m⣿[38;2;198;48;67m⣿[38;2;185;38;92m⣿[38;2;168;38;107m⣿[38;2;163;37;111m⣿[38;2;159;37;114m⣿[38;2;154;37;119m⣿[38;2;153;37;119m⣿[38;2;157;37;116m⣿[38;2;160;37;114m⣿[38;2;159;37;114m⣿[38;2;143;37;127m⣿[38;2;108;38;130m⡿[38;2;80;38;95m⠋[39m  [38;2;74;38;68m⠘[38;2;79;38;90m⠿[38;2;82;38;101m⣿[38;2;85;38;118m⣿[38;2;96;38;129m⣿[38;2;106;38;130m⣿[38;2;107;38;130m⣿[38;2;118;37;130m⣿[38;2;124;37;131m⣿[38;2;106;38;130m⡿[38;2;80;38;96m⠏[39m       [38;2;79;38;89m⠈[38;2;86;38;121m⠻[38;2;110;38;130m⢿[38;2;132;37;131m⣿[38;2;138;37;131m⣿[38;2;132;37;131m⣿[38;2;129;37;131m⣿[38;2;142;37;129m⣿[38;2;148;37;123m⣿[38;2;129;37;131m⣿[38;2;86;38;122m⣿[38;2;70;38;65m⣿[39m        [38;2;101;20;13m▒[38;2;133;26;17m▓[38;2;165;33;21m▓[38;2;197;39;25m█[38;2;230;46;30m█[39m[48;2;20;20;20m                  
                  [38;2;230;46;30m[48;2;30;30;30m█[38;2;197;39;25m█[38;2;165;33;21m▓[38;2;133;26;17m▓[38;2;101;20;13m▒[39m                                           [38;2;78;38;87m⠙[38;2;86;38;123m⠿[38;2;122;37;131m⠿[38;2;167;38;107m⣿[38;2;193;38;86m⣿[38;2;186;38;92m⣿[38;2;149;37;123m⣿[38;2;103;38;129m⠿[38;2;81;38;99m⠟[39m  [38;2;65;38;60m⠈[38;2;70;38;65m⠻⢿[38;2;66;38;61m⣿[38;2;58;38;55m⣿[38;2;51;38;49m⣧[38;2;50;38;48m⣠[38;2;55;38;52m⣴[38;2;62;38;58m⣶[38;2;64;38;60m⣶[38;2;59;38;55m⣦[38;2;50;38;48m⡄[39m      [38;2;55;38;52m⠘[38;2;74;38;68m⢿[38;2;85;38;118m⣿[38;2;141;37;129m⣿[38;2;203;69;32m⣿[38;2;192;129;0m⣿[38;2;175;151;0m⣿[38;2;192;129;0m⣿[38;2;200;56;55m⣿[38;2;86;38;124m⠇[39m        [38;2;83;38;109m⠻[38;2;100;38;129m⠿[38;2;117;37;130m⠿[38;2;130;37;131m⣿[38;2;137;37;131m⣿[38;2;139;37;131m⣿[38;2;134;37;131m⣿[38;2;127;37;131m⣿[38;2;116;37;130m⣿[38;2;95;38;129m⠿[38;2;81;38;100m⠟[39m        [38;2;76;38;75m⠈[38;2;82;38;103m⠛[38;2;84;38;114m⠿[38;2;82;38;102m⠿[38;2;76;38;77m⠟[39m             [38;2;72;38;67m⠘[38;2;78;38;85m⢿[38;2;81;38;100m⣿[38;2;84;38;114m⣿[38;2;90;38;129m⣿[38;2;96;38;129m⣿[38;2;86;38;124m⣿[38;2;78;38;86m⣿[38;2;60;38;56m⠇[39m        [38;2;101;20;13m▒[38;2;133;26;17m▓[38;2;165;33;21m▓[38;2;197;39;25m█[38;2;230;46;30m█[39m[48;2;20;20;20m                  
                  [38;2;230;46;30m[48;2;30;30;30m█[38;2;197;39;25m█[38;2;165;33;21m▓[38;2;133;26;17m▓[38;2;101;20;13m▒[39m                                                            [38;2;49;38;47m⠘[38;2;55;38;52m⢻[38;2;63;38;59m⣿[38;2;66;38;61m⣿[38;2;61;38;57m⣿[38;2;53;38;50m⣿[39m         [38;2;76;38;76m⠹[38;2;83;38;109m⠿[38;2;93;38;129m⠿[38;2;92;38;129m⠿[38;2;82;38;104m⠏[39m                                                 [38;2;64;38;60m⠈[38;2;76;38;77m⠻[38;2;81;38;98m⠿[38;2;81;38;96m⠿[38;2;76;38;75m⠟[39m          [38;2;101;20;13m▒[38;2;133;26;17m▓[38;2;165;33;21m▓[38;2;197;39;25m█[38;2;230;46;30m█[39m[48;2;20;20;20m                  
                  [38;2;230;46;30m[48;2;30;30;30m█[38;2;197;39;25m█[38;2;165;33;21m▓[38;2;133;26;17m▓[38;2;101;20;13m▒[39m                                                                [38;2;55;38;52m⠉[39m                                                                               [38;2;101;20;13m▒[38;2;133;26;17m▓[38;2;165;33;21m▓[38;2;197;39;25m█[38;2;230;46;30m█[39m[48;2;20;20;20m                  
                  [38;2;230;46;30m[48;2;30;30;30m█[38;2;197;39;25m█[38;2;165;33;21m▓[38;2;133;26;17m▓[38;2;101;20;13m▒[39m                                                                                                                                                [38;2;101;20;13m▒[38;2;133;26;17m▓[38;2;165;33;21m▓[38;2;197;39;25m█[38;2;230;46;30m█[39m[48;2;20;20;20m                  
                  [38;2;230;46;30m[48;2;30;30;30m█[38;2;197;39;25m█[38;2;165;33;21m▓[38;2;133;26;17m▓[38;2;101;20;13m▒[39m                                                                                                                                                [38;2;101;20;13m▒[38;2;133;26;17m▓[38;2;165;33;21m▓[38;2;197;39;25m█[38;2;230;46;30m█[39m[48;2;20;20;20m                  
                  [38;2;230;46;30m[48;2;30;30;30m█[38;2;197;39;25m█[38;2;165;33;21m▓[38;2;133;26;17m▓[38;2;101;20;13m▒[39m                                                                                                                                                [38;2;101;20;13m▒[38;2;133;26;17m▓[38;2;165;33;21m▓[38;2;197;39;25m█[38;2;230;46;30m█[39m[48;2;20;20;20m                  
                  [38;2;230;46;30m[48;2;30;30;30m█[38;2;197;39;25m█[38;2;165;33;21m▓[38;2;133;26;17m▓[38;2;101;20;13m▒[39m                                                                                                                                                [38;2;101;20;13m▒[38;2;133;26;17m▓[38;2;165;33;21m▓[38;2;197;39;25m█[38;2;230;46;30m█[39m[48;2;20;20;20m                  
                  [38;2;230;46;30m[48;2;30;30;30m█[38;2;197;39;25m█[38;2;165;33;21m▓[38;2;133;26;17m▓[38;2;101;20;13m▒[39m                                                                                                                 [38;2;46;38;45m⣆[39m                              [38;2;101;20;13m▒[38;2;133;26;17m▓[38;2;165;33;21m▓[38;2;197;39;25m█[38;2;230;46;30m█[39m[48;2;20;20;20m                  
                  [38;2;230;46;30m[48;2;30;30;30m█[38;2;197;39;25m█[38;2;165;33;21m▓[38;2;133;26;17m▓[38;2;101;20;13m▒[39m                                                                                                                 [38;2;48;38;47m⣿[39m                              [38;2;101;20;13m▒[38;2;133;26;17m▓[38;2;165;33;21m▓[38;2;197;39;25m█[38;2;230;46;30m█[39m[48;2;20;20;20m                  
                  [38;2;230;46;30m[48;2;30;30;30m█[38;2;197;39;25m█[38;2;165;33;21m▓[38;2;133;26;17m▓[38;2;101;20;13m▒[39m                                                                                                                 [38;2;48;38;46m⢸[39m                              [38;2;101;20;13m▒[38;2;133;26;17m▓[38;2;165;33;21m▓[38;2;197;39;25m█[38;2;230;46;30m█[39m[48;2;20;20;20m                  
                  [38;2;230;46;30m[48;2;30;30;30m█[38;2;197;39;25m█[38;2;165;33;21m▓[38;2;133;26;17m▓[38;2;101;20;13m▒[39m                                                                                                                                                [38;2;101;20;13m▒[38;2;133;26;17m▓[38;2;165;33;21m▓[38;2;197;39;25m█[38;2;230;46;30m█[39m[48;2;20;20;20m                  
                  [38;2;230;46;30m[48;2;30;30;30m█[38;2;197;39;25m█[38;2;165;33;21m▓[38;2;133;26;17m▓[38;2;101;20;13m▒[39m                                                                                                                                                [38;2;101;20;13m▒[38;2;133;26;17m▓[38;2;165;33;21m▓[38;2;197;39;25m█[38;2;230;46;30m█[39m[48;2;20;20;20m                  
                  [38;2;230;46;30m[48;2;30;30;30m█[38;2;197;39;25m█[38;2;165;33;21m▓[38;2;133;26;17m▓[38;2;101;20;13m▒[39m                                                                                                                                   [38;2;48;38;46m⢸[38;2;50;38;48m⣷[39m           [38;2;101;20;13m▒[38;2;133;26;17m▓[38;2;165;33;21m▓[38;2;197;39;25m█[38;2;230;46;30m█[39m[48;2;20;20;20m                  
                  [38;2;230;46;30m[48;2;30;30;30m█[38;2;197;39;25m█[38;2;165;33;21m▓[38;2;133;26;17m▓[38;2;101;20;13m▒[39m                                                                                                                                    [38;2;51;38;49m⢿[38;2;49;38;47m⣷[39m          [38;2;101;20;13m▒[38;2;133;26;17m▓[38;2;165;33;21m▓[38;2;197;39;25m█[38;2;230;46;30m█[39m[48;2;20;20;20m                  
                  [38;2;230;46;30m[48;2;30;30;30m█[38;2;197;39;25m█[38;2;165;33;21m▓[38;2;133;26;17m▓[38;2;101;20;13m▒[39m                                                                                                                                                [38;2;101;20;13m▒[38;2;133;26;17m▓[38;2;165;33;21m▓[38;2;197;39;25m█[38;2;230;46;30m█[39m[48;2;20;20;20m                  
                  [38;2;230;46;30m[48;2;30;30;30m█[38;2;197;39;25m█[38;2;165;33;21m▓[38;2;133;26;17m▓[38;2;101;20;13m▒[39m                                                                                                                                                [38;2;101;20;13m▒[38;2;133;26;17m▓[38;2;165;33;21m▓[38;2;197;39;25m█[38;2;230;46;30m█[39m[48;2;20;20;20m                  
                  [38;2;230;46;30m[48;2;30;30;30m█[38;2;197;39;25m█[38;2;165;33;21m▓[38;2;133;26;17m▓[38;2;101;20;13m▒[39m      [38;2;44;38;43m⠘⠋[38;2;43;38;42m⠈[39m                           [38;2;45;38;44m⢰[38;2;47;38;46m⣶[38;2;47;38;45m⣾[39m                                                                                                         [38;2;101;20;13m▒[38;2;133;26;17m▓[38;2;165;33;21m▓[38;2;197;39;25m█[38;2;230;46;30m█[39m[48;2;20;20;20m                  
                  [38;2;230;46;30m[48;2;30;30;30m█[38;2;197;39;25m█[38;2;165;33;21m▓[38;2;133;26;17m▓[38;2;101;20;13m▒[39m                                                                                                                                                [38;2;101;20;13m▒[38;2;133;26;17m▓[38;2;165;33;21m▓[38;2;197;39;25m█[38;2;230;46;30m█[39m[48;2;20;20;20m                  
                  [38;2;230;46;30m[48;2;30;30;30m█[38;2;197;39;25m█[38;2;165;33;21m▓[38;2;133;26;17m▓[38;2;101;20;13m▒[39m                                                                                                                                                [38;2;101;20;13m▒[38;2;133;26;17m▓[38;2;165;33;21m▓[38;2;197;39;25m█[38;2;230;46;30m█[39m[48;2;20;20;20m                  
                  [38;2;230;46;30m[48;2;30;30;30m█[38;2;197;39;25m█[38;2;165;33;21m▓[38;2;133;26;17m▓[38;2;101;20;13m▒[39m                                                                                                                                                [38;2;101;20;13m▒[38;2;133;26;17m▓[38;2;165;33;21m▓[38;2;197;39;25m█[38;2;230;46;30m█[39m[48;2;20;20;20m                  
                  [38;2;230;46;30m[48;2;30;30;30m█[38;2;197;39;25m█[38;2;165;33;21m▓[38;2;133;26;17m▓[38;2;101;20;13m▒[39m                                                                                                                                                [38;2;101;20;13m▒[38;2;133;26;17m▓[38;2;165;33;21m▓[38;2;197;39;25m█[38;2;230;46;30m█[39m[48;2;20;20;20m                  
                  [38;2;230;46;30m[48;2;30;30;30m█[38;2;197;39;25m█[38;2;165;33;21m▓[38;2;133;26;17m▓[38;2;101;20;13m▒[39m                                                                                                                                                [38;2;101;20;13m▒[38;2;133;26;17m▓[38;2;165;33;21m▓[38;2;197;39;25m█[38;2;230;46;30m█[39m[48;2;20;20;20m                  
                  [38;2;230;46;30m[48;2;30;30;30m█[38;2;197;39;25m█[38;2;165;33;21m▓[38;2;133;26;17m▓[38;2;101;20;13m▒[39m                                                                                                                                                [38;2;101;20;13m▒[38;2;133;26;17m▓[38;2;165;33;21m▓[38;2;197;39;25m█[38;2;230;46;30m█[39m[48;2;20;20;20m                  
                  [38;2;230;46;30m[48;2;30;30;30m█[38;2;197;39;25m█[38;2;165;33;21m▓[38;2;149;29;19m▓▓▓▓▓▓▓▓▓▓▓▓▓▓▓▓▓▓▓▓▓▓▓▓▓▓▓▓▓▓▓▓▓▓▓▓▓▓▓▓▓▓▓▓▓▓▓▓▓▓▓▓▓▓▓▓▓▓▓▓▓▓▓▓▓▓▓▓▓▓▓▓▓▓▓▓▓▓▓▓▓▓▓▓▓▓▓▓▓▓▓▓▓▓▓▓▓▓▓▓▓▓▓▓▓▓▓▓▓▓▓▓▓▓▓▓▓▓▓▓▓▓▓▓▓▓▓▓▓▓▓▓▓▓▓▓▓▓▓▓▓▓▓▓▓▓▓▓[38;2;165;33;21m▓[38;2;197;39;25m█[38;2;230;46;30m█[39m[48;2;20;20;20m                  
                  [38;2;230;46;30m[48;2;30;30;30m██████████████████████████████████████████████████████████████████████████████████████████████████████████████████████████████████████████████████████████[39m[48;2;20;20;20m                  
                                                                                                                                                                                              
                                                                                                                                                                                              
