[48;2;20;22;28m                                                                                                                                                                                              
                                                                                                                                                                                              
                  [38;2;201;105;12m[48;2;27;30;36m██████████████████████████████████████████████████████████████████████████████████████████████████████████████████████████████████████████████████████████[39m[48;2;20;22;28m                  
                  [38;2;201;105;12m[48;2;27;30;36m█[38;2;172;90;10m█[38;2;144;75;8m▓[38;2;130;68;7m▓▓▓▓▓▓▓▓▓▓▓▓▓▓▓▓▓▓▓▓▓▓▓▓▓▓▓▓▓▓▓▓▓▓▓▓▓▓▓▓▓▓▓▓▓▓▓▓▓▓▓▓▓▓▓▓▓▓▓▓▓▓▓▓▓▓▓▓▓▓▓▓▓▓▓▓▓▓▓▓▓▓▓▓▓▓▓▓▓▓▓▓▓▓▓▓▓▓▓▓▓▓▓▓▓▓▓▓▓▓▓▓▓▓▓▓▓▓▓▓▓▓▓▓▓▓▓▓▓▓▓▓▓▓▓▓▓▓▓▓▓▓▓▓▓▓▓▓[38;2;144;75;8m▓[38;2;172;90;10m█[38;2;201;105;12m█[39m[48;2;20;22;28m                  
                  [38;2;201;105;12m[48;2;27;30;36m█[38;2;172;90;10m█[38;2;144;75;8m▓[38;2;116;60;6m▓[38;2;88;46;5m▒[38;2;37;41;81m⡏[38;2;37;41;82m⢰[38;2;37;42;83m⣇[39m                                                                                                                                             [38;2;88;46;5m▒[38;2;116;60;6m▓[38;2;144;75;8m▓[38;2;172;90;10m█[38;2;201;105;12m█[39m[48;2;20;22;28m                  
                  [38;2;201;105;12m[48;2;27;30;36m█[38;2;172;90;10m█[38;2;144;75;8m▓[38;2;116;60;6m▓[38;2;88;46;5m▒[38;2;36;40;80m⣀[38;2;37;42;83m⣿[38;2;38;43;87m⣿⣿[39m                                                                                                                                            [38;2;88;46;5m▒[38;2;116;60;6m▓[38;2;144;75;8m▓[38;2;172;90;10m█[38;2;201;105;12m█[39m[48;2;20;22;28m                  
                  [38;2;201;105;12m[48;2;27;30;36m█[38;2;172;90;10m█[38;2;144;75;8m▓[38;2;116;60;6m▓[38;2;88;46;5m▒[38;2;36;39;77m⠈[38;2;37;41;81m⠸[38;2;39;45;91m⢿[38;2;40;47;96m⣿[38;2;39;46;93m⣿[39m                                                                                                                                           [38;2;88;46;5m▒[38;2;116;60;6m▓[38;2;144;75;8m▓[38;2;172;90;10m█[38;2;201;105;12m█[39m[48;2;20;22;28m                  
                  [38;2;201;105;12m[48;2;27;30;36m█[38;2;172;90;10m█[38;2;144;75;8m▓[38;2;116;60;6m▓[38;2;88;46;5m▒[39m  [38;2;38;43;88m⢸[38;2;40;48;99m⣿[38;2;40;49;103m⣿[38;2;39;46;94m⣷[39m                                                                                                                                          [38;2;88;46;5m▒[38;2;116;60;6m▓[38;2;144;75;8m▓[38;2;172;90;10m█[38;2;201;105;12m█[39m[48;2;20;22;28m                  
                  [38;2;201;105;12m[48;2;27;30;36m█[38;2;172;90;10m█[38;2;144;75;8m▓[38;2;116;60;6m▓[38;2;88;46;5m▒[39m   [38;2;39;45;92m⢹[38;2;40;49;102m⣿[38;2;40;48;100m⣿[38;2;38;44;89m⡇[39m                                                                                                                                         [38;2;88;46;5m▒[38;2;116;60;6m▓[38;2;144;75;8m▓[38;2;172;90;10m█[38;2;201;105;12m█[39m[48;2;20;22;28m                  
                  [38;2;201;105;12m[48;2;27;30;36m█[38;2;172;90;10m█[38;2;144;75;8m▓[38;2;116;60;6m▓[38;2;88;46;5m▒[39m    [38;2;39;45;91m⢻[38;2;39;46;94m⣿[38;2;38;44;90m⣿[39m                                                                                                                                         [38;2;88;46;5m▒[38;2;116;60;6m▓[38;2;144;75;8m▓[38;2;172;90;10m█[38;2;201;105;12m█[39m[48;2;20;22;28m                  
                  [38;2;201;105;12m[48;2;27;30;36m█[38;2;172;90;10m█[38;2;144;75;8m▓[38;2;116;60;6m▓[38;2;88;46;5m▒[39m     [38;2;37;42;84m⠸[38;2;38;43;87m⣿[38;2;37;42;83m⣷[39m                                                                                                                                        [38;2;88;46;5m▒[38;2;116;60;6m▓[38;2;144;75;8m▓[38;2;172;90;10m█[38;2;201;105;12m█[39m[48;2;20;22;28m                  
                  [38;2;201;105;12m[48;2;27;30;36m█[38;2;172;90;10m█[38;2;144;75;8m▓[38;2;116;60;6m▓[38;2;88;46;5m▒[39m      [38;2;37;41;80m⢸[38;2;37;41;81m⣿[39m                                                                                                                                        [38;2;88;46;5m▒[38;2;116;60;6m▓[38;2;144;75;8m▓[38;2;172;90;10m█[38;2;201;105;12m█[39m[48;2;20;22;28m                  
                  [38;2;201;105;12m[48;2;27;30;36m█[38;2;172;90;10m█[38;2;144;75;8m▓[38;2;116;60;6m▓[38;2;88;46;5m▒[39m       [38;2;36;40;79m⠘[39m                                                                                                                                        [38;2;88;46;5m▒[38;2;116;60;6m▓[38;2;144;75;8m▓[38;2;172;90;10m█[38;2;201;105;12m█[39m[48;2;20;22;28m                  
                  [38;2;201;105;12m[48;2;27;30;36m█[38;2;172;90;10m█[38;2;144;75;8m▓[38;2;116;60;6m▓[38;2;88;46;5m▒[39m        [38;2;38;43;87m⣶[38;2;38;43;86m⡄[39m                                                                                                                                      [38;2;88;46;5m▒[38;2;116;60;6m▓[38;2;144;75;8m▓[38;2;172;90;10m█[38;2;201;105;12m█[39m[48;2;20;22;28m                  
                  [38;2;201;105;12m[48;2;27;30;36m█[38;2;172;90;10m█[38;2;144;75;8m▓[38;2;116;60;6m▓[38;2;88;46;5m▒[39m       [38;2;38;43;87m⢠[38;2;40;50;104m⣿[38;2;40;51;106m⣿[38;2;39;46;94m⡇[39m                                                                                                                                     [38;2;88;46;5m▒[38;2;116;60;6m▓[38;2;144;75;8m▓[38;2;172;90;10m█[38;2;201;105;12m█[39m[48;2;20;22;28m                  
                  [38;2;201;105;12m[48;2;27;30;36m█[38;2;172;90;10m█[38;2;144;75;8m▓[38;2;116;60;6m▓[38;2;88;46;5m▒[39m       [38;2;38;44;90m⢸[38;2;41;53;112m⣿[38;2;41;54;116m⣿[38;2;40;49;103m⣿[39m                                                                                                                                     [38;2;88;46;5m▒[38;2;116;60;6m▓[38;2;144;75;8m▓[38;2;172;90;10m█[38;2;201;105;12m█[39m[48;2;20;22;28m                  
                  [38;2;201;105;12m[48;2;27;30;36m█[38;2;172;90;10m█[38;2;144;75;8m▓[38;2;116;60;6m▓[38;2;88;46;5m▒[39m        [38;2;41;52;110m⣿[38;2;41;54;114m⣿[38;2;40;49;102m⣿[39m                                                     [38;2;36;39;75m⢰⣦[39m                                                                              [38;2;88;46;5m▒[38;2;116;60;6m▓[38;2;144;75;8m▓[38;2;172;90;10m█[38;2;201;105;12m█[39m[48;2;20;22;28m                  
                  [38;2;201;105;12m[48;2;27;30;36m█[38;2;172;90;10m█[38;2;144;75;8m▓[38;2;116;60;6m▓[38;2;88;46;5m▒[39m        [38;2;40;48;99m⣿[38;2;40;49;102m⣿[38;2;39;45;92m⡇[39m                                                     [38;2;36;39;76m⠸⡟[39m                                                         [38;2;38;44;90m⣴[38;2;38;44;88m⣶[38;2;37;41;82m⣦[39m                  [38;2;88;46;5m▒[38;2;116;60;6m▓[38;2;144;75;8m▓[38;2;172;90;10m█[38;2;201;105;12m█[39m[48;2;20;22;28m                  
                  [38;2;201;105;12m[48;2;27;30;36m█[38;2;172;90;10m█[38;2;144;75;8m▓[38;2;116;60;6m▓[38;2;88;46;5m▒[39m        [38;2;39;46;93m⣿[38;2;39;46;94m⣿[38;2;37;42;85m⡇[39m          [38;2;35;38;74m⡄[39m                                                                                                  [38;2;38;44;88m⢠[38;2;40;48;100m⣶[38;2;40;51;107m⣿[38;2;40;50;104m⣿[38;2;39;46;95m⣿[38;2;37;42;84m⣿[39m    [38;2;36;39;75m⠈[38;2;36;40;79m⢻[38;2;37;41;80m⣷[38;2;36;40;78m⡄[39m          [38;2;88;46;5m▒[38;2;116;60;6m▓[38;2;144;75;8m▓[38;2;172;90;10m█[38;2;201;105;12m█[39m[48;2;20;22;28m                  
                  [38;2;201;105;12m[48;2;27;30;36m█[38;2;172;90;10m█[38;2;144;75;8m▓[38;2;116;60;6m▓[38;2;88;46;5m▒[39m        [38;2;38;44;88m⣿[38;2;38;43;87m⣿[39m             [38;2;36;39;76m⢻[38;2;36;40;78m⣷⣦[39m   [38;2;39;45;93m⢀[38;2;40;52;109m⣴[38;2;41;57;123m⣶[38;2;41;60;130m⣶[38;2;41;59;127m⣶[38;2;41;55;117m⣶[38;2;40;50;104m⣤[38;2;39;45;92m⡀[39m  [38;2;39;46;93m⢀[38;2;40;49;103m⣤[38;2;40;51;108m⣤⣤[38;2;40;50;106m⣤⣤[38;2;40;51;107m⣤[38;2;40;52;109m⣤[38;2;40;51;108m⣤[38;2;40;50;103m⣄[38;2;40;47;96m⡀[39m                                               [38;2;38;44;89m⣠[38;2;40;47;96m⣤[38;2;40;48;100m⣤[38;2;40;49;102m⣴⣶[38;2;40;47;96m⣄[39m                [38;2;38;43;87m⢰[38;2;40;47;98m⣿[38;2;40;51;107m⣿[38;2;40;52;109m⣿[38;2;40;49;103m⣿[38;2;39;45;92m⡟[39m      [38;2;36;40;79m⠘[38;2;37;41;82m⣿[38;2;37;41;81m⣿[39m          [38;2;88;46;5m▒[38;2;116;60;6m▓[38;2;144;75;8m▓[38;2;172;90;10m█[38;2;201;105;12m█[39m[48;2;20;22;28m                  
                  [38;2;201;105;12m[48;2;27;30;36m█[38;2;172;90;10m█[38;2;144;75;8m▓[38;2;116;60;6m▓[38;2;88;46;5m▒[39m        [38;2;37;42;83m⣿[38;2;37;41;81m⡇[39m              [38;2;36;40;77m⠘[38;2;36;40;80m⢿[38;2;37;42;84m⣿[38;2;39;46;94m⣶[38;2;41;57;122m⣾[38;2;81;66;149m⣿[38;2;165;65;106m⣿[38;2;181;80;57m⣿[38;2;181;77;65m⣿[38;2;167;65;104m⣿[38;2;134;62;136m⣿[38;2;82;65;148m⣿[38;2;38;67;145m⣿[38;2;41;58;125m⣿[38;2;41;60;129m⣿[38;2;38;68;149m⣿[38;2;74;66;149m⣿[38;2;65;67;150m⣿[38;2;38;67;146m⣿[38;2;40;62;133m⣿[38;2;41;60;130m⣿[38;2;40;61;132m⣿[38;2;39;64;138m⣿[38;2;39;66;143m⣿[38;2;38;68;148m⣿[38;2;38;69;150m⣿[38;2;39;66;144m⣿[38;2;41;60;129m⣷[38;2;40;51;108m⣦[39m                       [38;2;40;49;102m⣠[38;2;40;51;107m⣴[38;2;41;53;112m⣶[38;2;41;55;116m⣶[38;2;41;56;120m⣶⣶[38;2;41;56;119m⣶[38;2;41;58;124m⣶[38;2;40;61;131m⣶[38;2;40;61;132m⣶[38;2;41;58;125m⣤[38;2;41;53;113m⣤[38;2;40;50;103m⣤[38;2;39;46;95m⣄[39m     [38;2;36;40;80m⢠[38;2;38;44;88m⣾[38;2;40;48;99m⣿[38;2;41;52;110m⣿[38;2;41;56;119m⣿[38;2;40;61;131m⣿[38;2;38;67;145m⣿[38;2;38;69;149m⣿[38;2;39;64;138m⣿[38;2;41;54;114m⣦[39m    [38;2;40;47;98m⣠[38;2;40;50;104m⣤[38;2;40;50;105m⣤[38;2;40;48;100m⣄[38;2;39;45;92m⡀[39m    [38;2;37;41;81m⣸[38;2;38;44;88m⣿[38;2;40;47;96m⣿[38;2;40;48;100m⡿[38;2;40;47;97m⠟[39m          [38;2;37;41;80m⢻[39m          [38;2;88;46;5m▒[38;2;116;60;6m▓[38;2;144;75;8m▓[38;2;172;90;10m█[38;2;201;105;12m█[39m[48;2;20;22;28m                  
                  [38;2;201;105;12m[48;2;27;30;36m█[38;2;172;90;10m█[38;2;144;75;8m▓[38;2;116;60;6m▓[38;2;88;46;5m▒[39m        [38;2;36;40;80m⣿[39m                 [38;2;39;45;92m⢸[38;2;40;61;133m⣿[38;2;161;64;110m⣿[38;2;189;105;0m⣿[38;2;201;118;0m⣿[38;2;192;108;0m⣿[38;2;183;87;41m⣿[38;2;175;65;96m⣿[38;2;149;63;122m⣿[38;2;141;63;129m⣿[38;2;139;63;131m⣿[38;2;126;62;144m⣿[38;2;110;63;147m⣿[38;2;108;63;147m⣿[38;2;111;63;146m⣿[38;2;78;66;149m⣿[38;2;38;67;146m⣿[38;2;40;61;132m⣿[38;2;41;59;128m⣿[38;2;41;60;130m⣿[38;2;40;63;136m⣿[38;2;39;66;143m⣿[38;2;38;68;149m⣿[38;2;50;68;151m⣿[38;2;78;66;149m⣿[38;2;100;64;147m⣿[38;2;83;65;148m⣿[38;2;38;69;150m⣿[38;2;39;64;139m⣶[38;2;39;66;143m⣶⣾[38;2;41;60;130m⣿[38;2;40;51;106m⣿[38;2;38;44;90m⣿[38;2;37;41;81m⣷[38;2;36;39;76m⡄[39m  [38;2;36;39;76m⢸[38;2;36;40;78m⣿[38;2;36;40;80m⣿[38;2;37;41;81m⣿[38;2;37;42;84m⣷[38;2;38;44;90m⣶[38;2;39;46;94m⣦[38;2;40;48;100m⣄[38;2;41;58;125m⣠[38;2;62;67;150m⣴[38;2;103;63;147m⣾[38;2;84;65;148m⣿[38;2;39;65;142m⣿[38;2;41;60;129m⣿[38;2;41;58;126m⣿[38;2;41;60;130m⣿[38;2;39;65;140m⣿[38;2;43;69;151m⣿[38;2;103;64;147m⣿[38;2;175;65;96m⣿[38;2;187;103;0m⣿[38;2;193;110;0m⣿[38;2;184;90;33m⣿[38;2;151;64;119m⣿[38;2;98;64;147m⣿[38;2;65;67;150m⣿[38;2;38;68;149m⣿[38;2;40;61;132m⣷[38;2;41;53;111m⣶[38;2;39;45;91m⣶[38;2;37;41;82m⣾[38;2;37;41;81m⡿[38;2;38;43;87m⠿[38;2;40;47;97m⣿[38;2;40;51;107m⣿[38;2;41;55;117m⣿[38;2;40;61;131m⣿[38;2;38;67;147m⣿[38;2;46;69;151m⣿[38;2;38;69;150m⣿[38;2;40;63;137m⣿[38;2;41;59;128m⣿[38;2;40;62;134m⣿[38;2;52;68;151m⣿[38;2;127;62;143m⣿[38;2;157;64;113m⣿[38;2;160;64;110m⣿[38;2;147;63;124m⣿[38;2;124;62;146m⣿[38;2;82;65;148m⣿[38;2;38;67;146m⣿[38;2;41;57;122m⣷[38;2;40;47;98m⣶[38;2;38;43;85m⣾[38;2;37;41;82m⡟⠋[39m             [38;2;36;40;79m⢰[38;2;36;40;78m⣇[39m         [38;2;88;46;5m▒[38;2;116;60;6m▓[38;2;144;75;8m▓[38;2;172;90;10m█[38;2;201;105;12m█[39m[48;2;20;22;28m                  
                  [38;2;201;105;12m[48;2;27;30;36m█[38;2;172;90;10m█[38;2;144;75;8m▓[38;2;116;60;6m▓[38;2;88;46;5m▒[39m        [38;2;40;50;104m⣶[39m                 [38;2;40;48;100m⢸[38;2;95;64;148m⣿[38;2;195;111;0m⣿[38;2;217;135;0m⣿[38;2;215;132;0m⣿[38;2;187;100;8m⣿[38;2;169;65;102m⣿[38;2;131;62;139m⣿[38;2;103;63;147m⣿[38;2;124;62;146m⣿[38;2;156;64;115m⣿[38;2;178;69;86m⣿[38;2;179;71;79m⣿[38;2;164;65;106m⣿[38;2;121;62;146m⣿[38;2;38;69;150m⡿[38;2;41;58;124m⠋[39m    [38;2;41;55;117m⠈[38;2;41;60;128m⠹[38;2;39;65;141m⢿[38;2;64;67;150m⣿[38;2;134;62;136m⣿[38;2;159;64;111m⣿[38;2;149;63;122m⣿[38;2;123;62;146m⣿[38;2;92;64;148m⣿[38;2;70;67;149m⣿[38;2;39;65;141m⣿[38;2;41;53;111m⣿[38;2;39;45;91m⣿[38;2;37;41;81m⠇[39m       [38;2;37;42;84m⠻[38;2;39;46;93m⣿[38;2;40;50;105m⣿[38;2;40;63;136m⣿[38;2;150;63;120m⣿[38;2;186;98;13m⣿[38;2;186;98;12m⣿[38;2;164;64;107m⣿[38;2;38;68;149m⣿[38;2;41;59;128m⣿[38;2;41;57;123m⣿[38;2;41;59;127m⣿[38;2;39;64;138m⣿[38;2;49;68;151m⣿[38;2;131;62;139m⣿[38;2;185;94;23m⣿[38;2;211;128;0m⣿[38;2;218;136;0m⣿[38;2;203;120;0m⣿[38;2;181;79;61m⣿[38;2;142;63;128m⣿[38;2;112;63;146m⣿[38;2;98;64;147m⣿[38;2;87;65;148m⣿[38;2;40;69;151m⣿[38;2;41;58;125m⣿[38;2;39;46;94m⣧[39m     [38;2;40;52;108m⠘[38;2;41;59;128m⠻[38;2;39;65;141m⢿[38;2;39;66;144m⣿[38;2;39;69;151m⣿[38;2;124;62;146m⣿[38;2;179;70;83m⣿[38;2;187;101;7m⣿[38;2;191;107;0m⣿[38;2;187;100;9m⣿[38;2;181;79;61m⣿[38;2;165;65;106m⣿[38;2;142;63;128m⣿[38;2;138;62;133m⣿[38;2;132;62;138m⣿[38;2;94;64;148m⣿[38;2;39;64;140m⣿[38;2;40;50;104m⣿[39m               [38;2;36;40;78m⢸⡟[39m         [38;2;88;46;5m▒[38;2;116;60;6m▓[38;2;144;75;8m▓[38;2;172;90;10m█[38;2;201;105;12m█[39m[48;2;20;22;28m                  
                  [38;2;201;105;12m[48;2;27;30;36m█[38;2;172;90;10m█[38;2;144;75;8m▓[38;2;116;60;6m▓[38;2;88;46;5m▒[39m       [38;2;38;67;145m⣾[38;2;61;67;150m⣿[38;2;38;68;148m⣿[38;2;40;49;101m⡆[39m               [38;2;40;51;106m⢸[38;2;130;62;140m⣿[38;2;204;120;0m⣿[38;2;214;132;0m⣿[38;2;194;110;0m⣿[38;2;65;67;150m⣿[39m   [38;2;41;59;127m⢻[38;2;93;64;148m⣿[38;2;175;65;96m⣿[38;2;182;83;49m⣿[38;2;178;67;90m⣿[38;2;101;64;147m⣿[38;2;41;57;122m⣇[39m        [38;2;41;54;115m⠸[38;2;98;64;147m⣿[38;2;179;71;80m⣿[38;2;181;80;58m⣿[38;2;170;65;101m⣿[38;2;118;62;146m⣿[38;2;66;67;150m⣿[38;2;40;62;134m⣿[38;2;40;49;103m⡿[39m          [38;2;39;45;91m⠸[38;2;41;53;112m⣿[38;2;67;67;149m⣿[38;2;182;81;55m⣿[38;2;200;116;0m⣿[38;2;192;108;0m⣿[38;2;157;64;113m⣿[38;2;40;61;131m⡿[39m   [38;2;40;49;102m⠈[38;2;41;58;125m⢻[38;2;70;66;149m⣿[38;2;181;80;58m⣿[38;2;208;125;0m⣿[38;2;220;137;0m⣿[38;2;207;124;0m⣿[38;2;182;82;52m⣿[38;2;133;62;137m⣿[38;2;86;65;148m⣿[38;2;89;65;148m⣿[38;2;123;62;146m⣿[38;2;113;63;146m⣿[38;2;46;69;151m⣿[38;2;41;53;112m⣿[39m        [38;2;41;54;113m⢸[38;2;104;63;147m⣿[38;2;187;100;7m⣿[38;2;211;128;0m⣿[38;2;215;132;0m⣿[38;2;201;117;0m⣿[38;2;186;96;17m⣿[38;2;178;66;91m⣿[38;2;141;63;129m⣿[38;2;118;62;146m⣿[38;2;131;62;139m⣿[38;2;161;64;110m⣿[38;2;167;65;104m⣿[38;2;126;62;144m⣿[38;2;40;62;135m⣿[38;2;38;44;90m⡇[39m              [38;2;36;40;78m⠸[39m          [38;2;88;46;5m▒[38;2;116;60;6m▓[38;2;144;75;8m▓[38;2;172;90;10m█[38;2;201;105;12m█[39m[48;2;20;22;28m                  
                  [38;2;201;105;12m[48;2;27;30;36m█[38;2;172;90;10m█[38;2;144;75;8m▓[38;2;116;60;6m▓[38;2;88;46;5m▒[39m      [38;2;40;50;104m⢸[38;2;69;67;149m⣿[38;2;127;62;143m⣿[38;2;97;64;147m⣿[38;2;41;56;120m⣷[39m               [38;2;40;50;105m⣼[38;2;82;65;148m⣿[38;2;183;85;46m⣿[38;2;184;90;32m⣿[38;2;154;64;117m⣿[38;2;41;54;115m⡇[39m    [38;2;41;55;118m⢹[38;2;86;65;148m⣿[38;2;166;65;104m⣿[38;2;179;71;79m⣿[38;2;158;64;113m⣿[38;2;73;66;149m⣿[38;2;41;58;124m⣧[39m        [38;2;54;68;150m⣿[38;2;178;67;90m⣿[38;2;181;80;56m⣿[38;2;156;64;114m⣿[38;2;39;66;143m⣿[38;2;41;53;113m⡿[39m             [38;2;40;49;103m⢸[38;2;63;67;150m⣿[38;2;179;70;82m⣿[38;2;185;93;25m⣿[38;2;172;65;99m⣿[38;2;38;67;147m⡿[39m      [38;2;40;50;103m⠸[38;2;38;69;150m⢿[38;2;148;63;122m⣿[38;2;181;77;64m⣿[38;2;180;76;68m⣿[38;2;142;63;129m⣿[38;2;38;69;150m⣿[38;2;41;54;115m⠇[38;2;41;57;122m⠹[38;2;68;67;149m⣿[38;2;120;62;146m⣿[38;2;88;65;148m⣿[38;2;41;58;124m⣿[39m       [38;2;40;47;98m⢠[38;2;40;63;137m⣾[38;2;154;64;117m⣿[38;2;196;112;0m⣿[38;2;212;129;0m⣿[38;2;203;120;0m⣿[38;2;180;75;69m⣿[38;2;83;65;148m⣿[38;2;41;58;125m⠟[39m  [38;2;41;60;129m⢸[38;2;139;63;131m⣿[38;2;180;77;66m⣿[38;2;178;66;91m⣿[38;2;74;66;149m⣿[38;2;40;50;105m⣷[39m                         [38;2;88;46;5m▒[38;2;116;60;6m▓[38;2;144;75;8m▓[38;2;172;90;10m█[38;2;201;105;12m█[39m[48;2;20;22;28m                  
                  [38;2;201;105;12m[48;2;27;30;36m█[38;2;172;90;10m█[38;2;144;75;8m▓[38;2;116;60;6m▓[38;2;88;46;5m▒[39m      [38;2;40;48;99m⢸[38;2;38;69;151m⣿[38;2;103;63;147m⣿[38;2;86;65;148m⣿[38;2;41;60;128m⣿[38;2;40;48;99m⣇[39m            [38;2;36;40;79m⢠[38;2;37;42;84m⣾[38;2;40;47;96m⣿[38;2;41;58;125m⣿[38;2;66;67;150m⣿[38;2;86;65;148m⣿[38;2;40;69;151m⣿[38;2;41;54;116m⣿[38;2;40;47;97m⡄[39m    [38;2;41;56;119m⢸[38;2;69;67;149m⣿[38;2;147;63;123m⣿[38;2;173;65;98m⣿[38;2;162;64;109m⣿[38;2;127;62;143m⣿[38;2;38;69;151m⣷[38;2;41;56;120m⣦[39m    [38;2;41;54;115m⢠[38;2;65;67;150m⣾[38;2;178;69;86m⣿[38;2;187;103;1m⣿[38;2;183;85;44m⣿[38;2;121;62;146m⣿[38;2;41;54;115m⣿[39m              [38;2;40;47;96m⢸[38;2;39;66;144m⣿[38;2;96;64;147m⣿[38;2;90;65;148m⣿[38;2;40;62;133m⣿[39m        [38;2;40;49;102m⢸[38;2;40;61;133m⣿[38;2;84;65;148m⣿[38;2;138;63;132m⣿[38;2;137;62;133m⣿[38;2;83;65;148m⣿[38;2;40;62;134m⣷[38;2;41;55;117m⣤[38;2;39;65;142m⣿[38;2;60;67;150m⣿[38;2;47;69;151m⣿[38;2;41;55;118m⣿[39m      [38;2;41;54;114m⢰[38;2;39;66;143m⣾[38;2;99;64;147m⣿[38;2;169;65;102m⣿[38;2;186;98;14m⣿[38;2;186;99;11m⣿[38;2;170;65;101m⣿[38;2;39;66;144m⡿[39m    [38;2;41;55;116m⢸[38;2;144;63;126m⣿[38;2;184;89;36m⣿[38;2;182;84;49m⣿[38;2;111;63;146m⣿[38;2;41;55;117m⣿[38;2;40;47;97m⣷[38;2;39;45;91m⣶[38;2;39;46;94m⣴[38;2;40;48;100m⣶[38;2;40;51;108m⣶[38;2;41;55;117m⣶[38;2;41;60;128m⣶[38;2;39;64;139m⣶[38;2;38;67;145m⣾[38;2;38;67;146m⣿[38;2;38;68;147m⣿[38;2;38;68;148m⣿[38;2;38;67;145m⣿[38;2;41;60;130m⣿[38;2;40;51;108m⣷[39m          [38;2;88;46;5m▒[38;2;116;60;6m▓[38;2;144;75;8m▓[38;2;172;90;10m█[38;2;201;105;12m█[39m[48;2;20;22;28m                  
                  [38;2;201;105;12m[48;2;27;30;36m█[38;2;172;90;10m█[38;2;144;75;8m▓[38;2;116;60;6m▓[38;2;88;46;5m▒[39m       [38;2;40;51;107m⢹[38;2;41;58;125m⣿[38;2;41;60;129m⣿[38;2;41;57;123m⣿[38;2;41;59;126m⣿[38;2;39;66;143m⣿[38;2;68;67;149m⣿[38;2;80;66;149m⣿[38;2;38;67;147m⣷[38;2;41;53;113m⣆[39m       [38;2;36;40;79m⣿[38;2;37;42;83m⡿[38;2;38;43;85m⠟[38;2;38;44;89m⠋[38;2;40;49;102m⢻[38;2;41;54;115m⣿[38;2;41;57;122m⣿[38;2;41;58;124m⣿[38;2;41;59;126m⣿[38;2;40;62;133m⣿[38;2;39;64;138m⣷[38;2;40;63;137m⣶[38;2;40;62;134m⣶[38;2;40;61;132m⣾[38;2;39;66;144m⣿[38;2;87;65;148m⣿[38;2;152;64;119m⣿[38;2;179;70;83m⣿[38;2;181;78;62m⣿[38;2;179;71;80m⣿[38;2;166;65;105m⣿[38;2;150;63;121m⣿[38;2;156;64;114m⣿[38;2;175;65;96m⣿[38;2;181;77;65m⣿[38;2;185;95;21m⣿[38;2;198;115;0m⣿[38;2;208;125;0m⣿[38;2;200;117;0m⣿[38;2;179;71;79m⣿[38;2;45;69;151m⣿[38;2;40;49;101m⡇[39m              [38;2;38;43;87m⢸[38;2;41;56;120m⣿[38;2;39;66;144m⣿[38;2;38;67;146m⣿[38;2;41;58;126m⣿[38;2;40;50;104m⣄[38;2;40;50;105m⣀[38;2;41;60;130m⣤[38;2;40;69;151m⣴[38;2;57;68;150m⣦[38;2;39;65;142m⣤[38;2;41;53;113m⣄[38;2;39;45;92m⣰[38;2;38;43;87m⣾[38;2;40;47;97m⣿[38;2;41;57;123m⣿[38;2;49;68;151m⣿[38;2;124;62;146m⣿[38;2;146;63;125m⣿⣿[38;2;132;62;138m⣿[38;2;120;62;146m⣿[38;2;81;66;149m⣿[38;2;38;68;147m⣿[38;2;41;55;118m⣿[39m   [38;2;40;51;107m⢀[38;2;41;58;126m⣴[38;2;38;68;148m⣾[38;2;83;65;148m⣿[38;2;113;63;146m⣿[38;2;122;62;146m⣿[38;2;115;62;146m⣿[38;2;106;63;147m⣿[38;2;72;66;149m⣿[38;2;39;66;144m⣿[38;2;41;55;118m⣷[38;2;40;48;99m⡄[39m  [38;2;40;51;106m⢠[38;2;38;67;146m⣾[38;2;161;64;110m⣿[38;2;182;82;54m⣿[38;2;174;65;97m⣿[38;2;59;68;150m⣿[38;2;41;53;112m⣿[38;2;40;48;98m⣿[38;2;39;46;95m⣿[38;2;40;49;102m⣿[38;2;41;53;113m⣿[38;2;41;59;126m⣿[38;2;39;65;141m⣿[38;2;60;67;150m⣿[38;2;109;63;147m⣿[38;2;130;62;140m⣿[38;2;128;62;142m⣿[38;2;114;62;146m⣿[38;2;104;63;147m⣿[38;2;98;64;147m⣿[38;2;64;67;150m⣿[38;2;40;63;137m⣿[38;2;40;50;105m⣿[39m         [38;2;88;46;5m▒[38;2;116;60;6m▓[38;2;144;75;8m▓[38;2;172;90;10m█[38;2;201;105;12m█[39m[48;2;20;22;28m                  
                  [38;2;201;105;12m[48;2;27;30;36m█[38;2;172;90;10m█[38;2;144;75;8m▓[38;2;116;60;6m▓[38;2;88;46;5m▒[39m        [38;2;38;43;86m⠈[38;2;39;46;95m⢿[38;2;40;51;107m⣿[38;2;41;59;127m⣿[38;2;38;69;151m⣿[38;2;103;63;147m⣿[38;2;117;62;146m⣿[38;2;53;68;150m⣿[38;2;41;56;119m⣿[39m  [38;2;35;38;74m⠘⠋[39m        [38;2;38;44;89m⠘[38;2;40;49;102m⢿[38;2;41;54;116m⣿[38;2;41;59;127m⣿[38;2;39;64;140m⣿[38;2;38;68;149m⣿[38;2;38;69;151m⣿[38;2;38;67;147m⣿[38;2;39;64;140m⣿[38;2;40;63;136m⣿[38;2;39;65;141m⣿[38;2;62;67;150m⣿[38;2;137;62;134m⣿[38;2;177;65;94m⣿[38;2;181;78;64m⣿[38;2;181;79;60m⣿[38;2;182;84;49m⣿[38;2;187;103;0m⣿[38;2;198;115;0m⣿[38;2;203;119;0m⣿[38;2;204;121;0m⣿[38;2;208;125;0m⣿[38;2;206;123;0m⣿[38;2;187;102;3m⣿[38;2;135;62;135m⣿[38;2;40;61;132m⣿[38;2;40;50;103m⣷[38;2;39;45;91m⣆[39m              [38;2;40;49;101m⢻[38;2;41;59;126m⣿[38;2;39;64;139m⣿[38;2;39;66;142m⣿[38;2;47;69;151m⣿[38;2;149;63;121m⣿[38;2;187;101;7m⣿[38;2;207;124;0m⣿[38;2;200;116;0m⣿[38;2;180;74;71m⣿[38;2;38;68;148m⣿[38;2;40;49;101m⣿[38;2;37;42;84m⡿[38;2;37;42;83m⠛[38;2;38;44;90m⠻[38;2;41;54;115m⢿[38;2;38;69;150m⣿[38;2;122;62;146m⣿[38;2;155;64;116m⣿[38;2;161;64;109m⣿[38;2;151;64;119m⣿[38;2;128;62;143m⣿[38;2;93;64;148m⣿[38;2;65;67;150m⣿[38;2;50;68;151m⣿[38;2;39;69;151m⣿[38;2;41;69;151m⣿[38;2;54;68;150m⣿[38;2;69;67;149m⣿[38;2;90;65;148m⣿[38;2;106;63;147m⣿[38;2;94;64;148m⣿[38;2;44;69;151m⣿[38;2;40;61;131m⣿[38;2;41;56;120m⣿[38;2;41;57;122m⣿[38;2;41;58;124m⣿[38;2;41;56;119m⣿⣿[38;2;41;59;126m⣿[38;2;40;61;132m⣿[38;2;40;62;135m⣿[38;2;50;68;151m⣿[38;2;134;62;136m⣿[38;2;144;63;126m⣿[38;2;88;65;148m⣿[38;2;41;58;124m⣿[38;2;39;46;95m⠿[38;2;38;44;90m⠛[38;2;39;45;91m⠻[38;2;40;48;99m⢿[38;2;41;52;110m⣿[38;2;41;57;123m⣿[38;2;39;64;139m⣿[38;2;56;68;150m⣿[38;2;111;63;146m⣿[38;2;137;62;133m⣿[38;2;138;62;133m⣿[38;2;125;62;145m⣿[38;2;107;63;147m⣿[38;2;105;63;147m⣿[38;2;88;65;148m⣿[38;2;38;69;151m⣿[38;2;41;56;120m⣿[38;2;39;45;92m⣷[39m        [38;2;88;46;5m▒[38;2;116;60;6m▓[38;2;144;75;8m▓[38;2;172;90;10m█[38;2;201;105;12m█[39m[48;2;20;22;28m                  
                  [38;2;201;105;12m[48;2;27;30;36m█[38;2;172;90;10m█[38;2;144;75;8m▓[38;2;116;60;6m▓[38;2;88;46;5m▒[39m          [38;2;39;45;90m⠘[38;2;41;54;114m⢿[38;2;39;65;141m⣿[38;2;76;66;149m⣿[38;2;92;64;148m⣿[38;2;38;69;150m⣿[38;2;41;54;115m⠟[39m               [38;2;41;53;112m⠻[38;2;41;60;129m⣿[38;2;39;65;142m⣿[38;2;38;67;146m⣿[38;2;39;66;143m⣿[38;2;40;62;135m⣿[38;2;41;59;127m⣿[38;2;41;56;120m⣿[38;2;41;57;122m⣿[38;2;39;64;138m⣿[38;2;78;66;149m⣿[38;2;137;62;133m⣿[38;2;167;65;104m⣿[38;2;180;75;70m⣿[38;2;187;100;8m⣿[38;2;197;113;0m⣿[38;2;200;116;0m⣿[38;2;197;113;0m⣿[38;2;189;105;0m⣿[38;2;180;76;67m⣿[38;2;119;62;146m⣿[38;2;40;61;132m⣿[38;2;40;52;108m⣿[38;2;40;49;101m⣿[38;2;40;47;96m⣿[38;2;38;44;90m⣿[38;2;37;42;83m⣦[39m             [38;2;40;50;105m⣿[38;2;41;58;124m⣿[38;2;39;65;141m⣿[38;2;82;65;148m⣿[38;2;178;66;93m⣿[38;2;198;114;0m⣿[38;2;217;134;0m⣿[38;2;207;124;0m⣿[38;2;182;82;53m⣿[38;2;38;69;150m⣿[38;2;40;48;99m⠇[39m    [38;2;40;51;107m⠘[38;2;39;65;140m⢿[38;2;97;64;147m⣿[38;2;137;62;133m⣿[38;2;135;62;136m⣿[38;2;109;63;147m⣿[38;2;83;65;148m⣿[38;2;74;66;149m⣿[38;2;69;67;149m⣿[38;2;61;67;150m⣿[38;2;60;67;150m⣿[38;2;65;67;150m⣿[38;2;70;67;149m⣿[38;2;69;67;149m⣿[38;2;45;69;151m⣿[38;2;40;62;135m⡿[38;2;40;51;108m⠋[39m  [38;2;39;46;95m⠘[38;2;40;50;106m⠿[38;2;41;52;111m⣿[38;2;41;56;118m⣿[38;2;41;59;128m⣿[38;2;40;62;134m⣿⣿[38;2;39;65;140m⣿[38;2;39;66;144m⣿[38;2;40;62;134m⡿[38;2;40;51;108m⠏[39m       [38;2;40;50;105m⠈[38;2;41;56;120m⠻[38;2;40;63;136m⢿[38;2;38;68;148m⣿[38;2;38;69;151m⣿[38;2;38;68;148m⣿[38;2;38;67;146m⣿[38;2;43;69;151m⣿[38;2;52;68;150m⣿[38;2;38;67;146m⣿[38;2;41;56;120m⣿[38;2;39;45;93m⣿[39m        [38;2;88;46;5m▒[38;2;116;60;6m▓[38;2;144;75;8m▓[38;2;172;90;10m█[38;2;201;105;12m█[39m[48;2;20;22;28m                  
                  [38;2;201;105;12m[48;2;27;30;36m█[38;2;172;90;10m█[38;2;144;75;8m▓[38;2;116;60;6m▓[38;2;88;46;5m▒[39m                                           [38;2;40;50;104m⠙[38;2;41;56;121m⠿[38;2;39;66;142m⠿[38;2;82;65;148m⣿[38;2;120;62;146m⣿[38;2;109;63;147m⣿[38;2;54;68;150m⣿[38;2;40;61;132m⠿[38;2;41;52;110m⠟[39m  [38;2;38;44;89m⠈[38;2;39;45;92m⠻[38;2;39;45;93m⢿[38;2;38;44;89m⣿[38;2;37;42;84m⣿[38;2;36;40;79m⣧[38;2;36;40;78m⣠[38;2;37;41;82m⣴[38;2;38;43;87m⣶[38;2;38;44;88m⣶[38;2;37;42;85m⣦[38;2;36;40;79m⡄[39m      [38;2;37;41;82m⠘[38;2;39;46;95m⢿[38;2;41;55;118m⣿[38;2;41;69;151m⣿[38;2;157;64;113m⣿[38;2;186;99;12m⣿[38;2;199;115;0m⣿[38;2;186;99;11m⣿[38;2;143;63;128m⣿[38;2;41;57;121m⠇[39m        [38;2;41;54;115m⠻[38;2;41;60;130m⠿[38;2;39;65;140m⠿[38;2;38;67;147m⣿[38;2;38;69;151m⣿⣿[38;2;38;68;149m⣿[38;2;38;67;145m⣿[38;2;39;64;139m⣿[38;2;41;59;128m⠿[38;2;41;52;110m⠟[39m        [38;2;40;48;99m⠈[38;2;41;53;111m⠛[38;2;41;55;117m⠿[38;2;41;53;111m⠿[38;2;40;48;100m⠟[39m             [38;2;39;46;94m⠘[38;2;40;50;103m⢿[38;2;41;52;110m⣿[38;2;41;55;117m⣿[38;2;41;58;125m⣿[38;2;41;60;128m⣿[38;2;41;57;121m⣿[38;2;40;50;103m⣿[38;2;38;43;85m⠇[39m        [38;2;88;46;5m▒[38;2;116;60;6m▓[38;2;144;75;8m▓[38;2;172;90;10m█[38;2;201;105;12m█[39m[48;2;20;22;28m                  
                  [38;2;201;105;12m[48;2;27;30;36m█[38;2;172;90;10m█[38;2;144;75;8m▓[38;2;116;60;6m▓[38;2;88;46;5m▒[39m                                                            [38;2;36;40;78m⠘[38;2;37;41;82m⢻[38;2;38;44;88m⣿[38;2;38;44;89m⣿[38;2;38;43;86m⣿[38;2;37;41;80m⣿[39m         [38;2;40;48;99m⠹[38;2;41;54;114m⠿[38;2;41;59;127m⠿[38;2;41;59;126m⠿[38;2;41;53;112m⠏[39m                                                 [38;2;38;44;88m⠈[38;2;40;48;100m⠻[38;2;40;52;109m⠿[38;2;40;52;108m⠿[38;2;40;48;99m⠟[39m          [38;2;88;46;5m▒[38;2;116;60;6m▓[38;2;144;75;8m▓[38;2;172;90;10m█[38;2;201;105;12m█[39m[48;2;20;22;28m                  
                  [38;2;201;105;12m[48;2;27;30;36m█[38;2;172;90;10m█[38;2;144;75;8m▓[38;2;116;60;6m▓[38;2;88;46;5m▒[39m                                                                [38;2;37;41;82m⠉[39m                                                                               [38;2;88;46;5m▒[38;2;116;60;6m▓[38;2;144;75;8m▓[38;2;172;90;10m█[38;2;201;105;12m█[39m[48;2;20;22;28m                  
                  [38;2;201;105;12m[48;2;27;30;36m█[38;2;172;90;10m█[38;2;144;75;8m▓[38;2;116;60;6m▓[38;2;88;46;5m▒[39m                                                                                                                                                [38;2;88;46;5m▒[38;2;116;60;6m▓[38;2;144;75;8m▓[38;2;172;90;10m█[38;2;201;105;12m█[39m[48;2;20;22;28m                  
                  [38;2;201;105;12m[48;2;27;30;36m█[38;2;172;90;10m█[38;2;144;75;8m▓[38;2;116;60;6m▓[38;2;88;46;5m▒[39m                                                                                                                                                [38;2;88;46;5m▒[38;2;116;60;6m▓[38;2;144;75;8m▓[38;2;172;90;10m█[38;2;201;105;12m█[39m[48;2;20;22;28m                  
                  [38;2;201;105;12m[48;2;27;30;36m█[38;2;172;90;10m█[38;2;144;75;8m▓[38;2;116;60;6m▓[38;2;88;46;5m▒[39m                                                                                                                                                [38;2;88;46;5m▒[38;2;116;60;6m▓[38;2;144;75;8m▓[38;2;172;90;10m█[38;2;201;105;12m█[39m[48;2;20;22;28m                  
                  [38;2;201;105;12m[48;2;27;30;36m█[38;2;172;90;10m█[38;2;144;75;8m▓[38;2;116;60;6m▓[38;2;88;46;5m▒[39m                                                                                                                                                [38;2;88;46;5m▒[38;2;116;60;6m▓[38;2;144;75;8m▓[38;2;172;90;10m█[38;2;201;105;12m█[39m[48;2;20;22;28m                  
                  [38;2;201;105;12m[48;2;27;30;36m█[38;2;172;90;10m█[38;2;144;75;8m▓[38;2;116;60;6m▓[38;2;88;46;5m▒[39m                                                                                                                 [38;2;36;39;76m⣆[39m                              [38;2;88;46;5m▒[38;2;116;60;6m▓[38;2;144;75;8m▓[38;2;172;90;10m█[38;2;201;105;12m█[39m[48;2;20;22;28m                  
                  [38;2;201;105;12m[48;2;27;30;36m█[38;2;172;90;10m█[38;2;144;75;8m▓[38;2;116;60;6m▓[38;2;88;46;5m▒[39m                                                                                                                 [38;2;36;39;77m⣿[39m                              [38;2;88;46;5m▒[38;2;116;60;6m▓[38;2;144;75;8m▓[38;2;172;90;10m█[38;2;201;105;12m█[39m[48;2;20;22;28m                  
                  [38;2;201;105;12m[48;2;27;30;36m█[38;2;172;90;10m█[38;2;144;75;8m▓[38;2;116;60;6m▓[38;2;88;46;5m▒[39m                                                                                                                 [38;2;36;39;77m⢸[39m                              [38;2;88;46;5m▒[38;2;116;60;6m▓[38;2;144;75;8m▓[38;2;172;90;10m█[38;2;201;105;12m█[39m[48;2;20;22;28m                  
                  [38;2;201;105;12m[48;2;27;30;36m█[38;2;172;90;10m█[38;2;144;75;8m▓[38;2;116;60;6m▓[38;2;88;46;5m▒[39m                                                                                                                                                [38;2;88;46;5m▒[38;2;116;60;6m▓[38;2;144;75;8m▓[38;2;172;90;10m█[38;2;201;105;12m█[39m[48;2;20;22;28m                  
                  [38;2;201;105;12m[48;2;27;30;36m█[38;2;172;90;10m█[38;2;144;75;8m▓[38;2;116;60;6m▓[38;2;88;46;5m▒[39m                                                                                                                                                [38;2;88;46;5m▒[38;2;116;60;6m▓[38;2;144;75;8m▓[38;2;172;90;10m█[38;2;201;105;12m█[39m[48;2;20;22;28m                  
                  [38;2;201;105;12m[48;2;27;30;36m█[38;2;172;90;10m█[38;2;144;75;8m▓[38;2;116;60;6m▓[38;2;88;46;5m▒[39m                                                                                                                                   [38;2;36;39;77m⢸[38;2;36;40;78m⣷[39m           [38;2;88;46;5m▒[38;2;116;60;6m▓[38;2;144;75;8m▓[38;2;172;90;10m█[38;2;201;105;12m█[39m[48;2;20;22;28m                  
                  [38;2;201;105;12m[48;2;27;30;36m█[38;2;172;90;10m█[38;2;144;75;8m▓[38;2;116;60;6m▓[38;2;88;46;5m▒[39m                                                                                                                                    [38;2;36;40;79m⢿[38;2;36;40;78m⣷[39m          [38;2;88;46;5m▒[38;2;116;60;6m▓[38;2;144;75;8m▓[38;2;172;90;10m█[38;2;201;105;12m█[39m[48;2;20;22;28m                  
                  [38;2;201;105;12m[48;2;27;30;36m█[38;2;172;90;10m█[38;2;144;75;8m▓[38;2;116;60;6m▓[38;2;88;46;5m▒[39m                                                                                                                                                [38;2;88;46;5m▒[38;2;116;60;6m▓[38;2;144;75;8m▓[38;2;172;90;10m█[38;2;201;105;12m█[39m[48;2;20;22;28m                  
                  [38;2;201;105;12m[48;2;27;30;36m█[38;2;172;90;10m█[38;2;144;75;8m▓[38;2;116;60;6m▓[38;2;88;46;5m▒[39m                                                                                                                                                [38;2;88;46;5m▒[38;2;116;60;6m▓[38;2;144;75;8m▓[38;2;172;90;10m█[38;2;201;105;12m█[39m[48;2;20;22;28m                  
                  [38;2;201;105;12m[48;2;27;30;36m█[38;2;172;90;10m█[38;2;144;75;8m▓[38;2;116;60;6m▓[38;2;88;46;5m▒[39m      [38;2;35;38;74m⠘⠋⠈[39m                           [38;2;36;39;75m⢰[38;2;36;39;76m⣶⣾[39m                                                                                                         [38;2;88;46;5m▒[38;2;116;60;6m▓[38;2;144;75;8m▓[38;2;172;90;10m█[38;2;201;105;12m█[39m[48;2;20;22;28m                  
                  [38;2;201;105;12m[48;2;27;30;36m█[38;2;172;90;10m█[38;2;144;75;8m▓[38;2;116;60;6m▓[38;2;88;46;5m▒[39m                                                                                                                                                [38;2;88;46;5m▒[38;2;116;60;6m▓[38;2;144;75;8m▓[38;2;172;90;10m█[38;2;201;105;12m█[39m[48;2;20;22;28m                  
                  [38;2;201;105;12m[48;2;27;30;36m█[38;2;172;90;10m█[38;2;144;75;8m▓[38;2;116;60;6m▓[38;2;88;46;5m▒[39m                                                                                                                                                [38;2;88;46;5m▒[38;2;116;60;6m▓[38;2;144;75;8m▓[38;2;172;90;10m█[38;2;201;105;12m█[39m[48;2;20;22;28m                  
                  [38;2;201;105;12m[48;2;27;30;36m█[38;2;172;90;10m█[38;2;144;75;8m▓[38;2;116;60;6m▓[38;2;88;46;5m▒[39m                                                                                                                                                [38;2;88;46;5m▒[38;2;116;60;6m▓[38;2;144;75;8m▓[38;2;172;90;10m█[38;2;201;105;12m█[39m[48;2;20;22;28m                  
                  [38;2;201;105;12m[48;2;27;30;36m█[38;2;172;90;10m█[38;2;144;75;8m▓[38;2;116;60;6m▓[38;2;88;46;5m▒[39m                                                                                                                                                [38;2;88;46;5m▒[38;2;116;60;6m▓[38;2;144;75;8m▓[38;2;172;90;10m█[38;2;201;105;12m█[39m[48;2;20;22;28m                  
                  [38;2;201;105;12m[48;2;27;30;36m█[38;2;172;90;10m█[38;2;144;75;8m▓[38;2;116;60;6m▓[38;2;88;46;5m▒[39m                                                                                                                                                [38;2;88;46;5m▒[38;2;116;60;6m▓[38;2;144;75;8m▓[38;2;172;90;10m█[38;2;201;105;12m█[39m[48;2;20;22;28m                  
                  [38;2;201;105;12m[48;2;27;30;36m█[38;2;172;90;10m█[38;2;144;75;8m▓[38;2;116;60;6m▓[38;2;88;46;5m▒[39m                                                                                                                                                [38;2;88;46;5m▒[38;2;116;60;6m▓[38;2;144;75;8m▓[38;2;172;90;10m█[38;2;201;105;12m█[39m[48;2;20;22;28m                  
                  [38;2;201;105;12m[48;2;27;30;36m█[38;2;172;90;10m█[38;2;144;75;8m▓[38;2;130;68;7m▓▓▓▓▓▓▓▓▓▓▓▓▓▓▓▓▓▓▓▓▓▓▓▓▓▓▓▓▓▓▓▓▓▓▓▓▓▓▓▓▓▓▓▓▓▓▓▓▓▓▓▓▓▓▓▓▓▓▓▓▓▓▓▓▓▓▓▓▓▓▓▓▓▓▓▓▓▓▓▓▓▓▓▓▓▓▓▓▓▓▓▓▓▓▓▓▓▓▓▓▓▓▓▓▓▓▓▓▓▓▓▓▓▓▓▓▓▓▓▓▓▓▓▓▓▓▓▓▓▓▓▓▓▓▓▓▓▓▓▓▓▓▓▓▓▓▓▓[38;2;144;75;8m▓[38;2;172;90;10m█[38;2;201;105;12m█[39m[48;2;20;22;28m                  
                  [38;2;201;105;12m[48;2;27;30;36m██████████████████████████████████████████████████████████████████████████████████████████████████████████████████████████████████████████████████████████[39m[48;2;20;22;28m                  
                                                                                                                                                                                              
                                                                                                                                                                                              
