[48;2;20;22;28m                                                                                                                                                                                              
                                                                                                                                                                                              
                  [38;2;221;174;195m[48;2;30;32;40m██████████████████████████████████████████████████████████████████████████████████████████████████████████████████████████████████████████████████████████[39m[48;2;20;22;28m                  
                  [38;2;221;174;195m[48;2;30;32;40m█[38;2;190;149;167m█[38;2;159;125;140m▓[38;2;143;113;126m▓▓▓▓▓▓▓▓▓▓▓▓▓▓▓▓▓▓▓▓▓▓▓▓▓▓▓▓▓▓▓▓▓▓▓▓▓▓▓▓▓▓▓▓▓▓▓▓▓▓▓▓▓▓▓▓▓▓▓▓▓▓▓▓▓▓▓▓▓▓▓▓▓▓▓▓▓▓▓▓▓▓▓▓▓▓▓▓▓▓▓▓▓▓▓▓▓▓▓▓▓▓▓▓▓▓▓▓▓▓▓▓▓▓▓▓▓▓▓▓▓▓▓▓▓▓▓▓▓▓▓▓▓▓▓▓▓▓▓▓▓▓▓▓▓▓▓▓[38;2;159;125;140m▓[38;2;190;149;167m█[38;2;221;174;195m█[39m[48;2;20;22;28m                  
                  [38;2;221;174;195m[48;2;30;32;40m█[38;2;190;149;167m█[38;2;159;125;140m▓[38;2;128;100;113m▓[38;2;97;76;85m▒[38;2;38;42;58m⡏[38;2;38;42;59m⢰[38;2;39;43;60m⣇[39m                                                                                                                                             [38;2;97;76;85m▒[38;2;128;100;113m▓[38;2;159;125;140m▓[38;2;190;149;167m█[38;2;221;174;195m█[39m[48;2;20;22;28m                  
                  [38;2;221;174;195m[48;2;30;32;40m█[38;2;190;149;167m█[38;2;159;125;140m▓[38;2;128;100;113m▓[38;2;97;76;85m▒[38;2;38;41;57m⣀[38;2;39;43;60m⣿[38;2;40;44;64m⣿⣿[39m                                                                                                                                            [38;2;97;76;85m▒[38;2;128;100;113m▓[38;2;159;125;140m▓[38;2;190;149;167m█[38;2;221;174;195m█[39m[48;2;20;22;28m                  
                  [38;2;221;174;195m[48;2;30;32;40m█[38;2;190;149;167m█[38;2;159;125;140m▓[38;2;128;100;113m▓[38;2;97;76;85m▒[38;2;37;40;54m⠈[38;2;38;42;58m⠸[38;2;40;46;68m⢿[38;2;42;48;74m⣿[38;2;41;47;71m⣿[39m                                                                                                                                           [38;2;97;76;85m▒[38;2;128;100;113m▓[38;2;159;125;140m▓[38;2;190;149;167m█[38;2;221;174;195m█[39m[48;2;20;22;28m                  
                  [38;2;221;174;195m[48;2;30;32;40m█[38;2;190;149;167m█[38;2;159;125;140m▓[38;2;128;100;113m▓[38;2;97;76;85m▒[39m  [38;2;40;44;65m⢸[38;2;42;48;77m⣿[38;2;43;50;81m⣿[38;2;41;47;72m⣷[39m                                                                                                                                          [38;2;97;76;85m▒[38;2;128;100;113m▓[38;2;159;125;140m▓[38;2;190;149;167m█[38;2;221;174;195m█[39m[48;2;20;22;28m                  
                  [38;2;221;174;195m[48;2;30;32;40m█[38;2;190;149;167m█[38;2;159;125;140m▓[38;2;128;100;113m▓[38;2;97;76;85m▒[39m   [38;2;41;46;70m⢹[38;2;43;49;80m⣿[38;2;43;49;78m⣿[38;2;40;45;66m⡇[39m                                                                                                                                         [38;2;97;76;85m▒[38;2;128;100;113m▓[38;2;159;125;140m▓[38;2;190;149;167m█[38;2;221;174;195m█[39m[48;2;20;22;28m                  
                  [38;2;221;174;195m[48;2;30;32;40m█[38;2;190;149;167m█[38;2;159;125;140m▓[38;2;128;100;113m▓[38;2;97;76;85m▒[39m    [38;2;40;46;68m⢻[38;2;41;47;72m⣿[38;2;40;45;67m⣿[39m                                                                                                                                         [38;2;97;76;85m▒[38;2;128;100;113m▓[38;2;159;125;140m▓[38;2;190;149;167m█[38;2;221;174;195m█[39m[48;2;20;22;28m                  
                  [38;2;221;174;195m[48;2;30;32;40m█[38;2;190;149;167m█[38;2;159;125;140m▓[38;2;128;100;113m▓[38;2;97;76;85m▒[39m     [38;2;39;43;62m⠸[38;2;39;44;64m⣿[38;2;39;43;60m⣷[39m                                                                                                                                        [38;2;97;76;85m▒[38;2;128;100;113m▓[38;2;159;125;140m▓[38;2;190;149;167m█[38;2;221;174;195m█[39m[48;2;20;22;28m                  
                  [38;2;221;174;195m[48;2;30;32;40m█[38;2;190;149;167m█[38;2;159;125;140m▓[38;2;128;100;113m▓[38;2;97;76;85m▒[39m      [38;2;38;42;57m⢸[38;2;38;42;58m⣿[39m                                                                                                                                        [38;2;97;76;85m▒[38;2;128;100;113m▓[38;2;159;125;140m▓[38;2;190;149;167m█[38;2;221;174;195m█[39m[48;2;20;22;28m                  
                  [38;2;221;174;195m[48;2;30;32;40m█[38;2;190;149;167m█[38;2;159;125;140m▓[38;2;128;100;113m▓[38;2;97;76;85m▒[39m       [38;2;38;41;56m⠘[39m                                                                                                                                        [38;2;97;76;85m▒[38;2;128;100;113m▓[38;2;159;125;140m▓[38;2;190;149;167m█[38;2;221;174;195m█[39m[48;2;20;22;28m                  
                  [38;2;221;174;195m[48;2;30;32;40m█[38;2;190;149;167m█[38;2;159;125;140m▓[38;2;128;100;113m▓[38;2;97;76;85m▒[39m        [38;2;40;44;64m⣶[38;2;39;44;64m⡄[39m                                                                                                                                      [38;2;97;76;85m▒[38;2;128;100;113m▓[38;2;159;125;140m▓[38;2;190;149;167m█[38;2;221;174;195m█[39m[48;2;20;22;28m                  
                  [38;2;221;174;195m[48;2;30;32;40m█[38;2;190;149;167m█[38;2;159;125;140m▓[38;2;128;100;113m▓[38;2;97;76;85m▒[39m       [38;2;39;44;64m⢠[38;2;44;50;82m⣿[38;2;44;51;85m⣿[38;2;41;47;72m⡇[39m                                                                                                                                     [38;2;97;76;85m▒[38;2;128;100;113m▓[38;2;159;125;140m▓[38;2;190;149;167m█[38;2;221;174;195m█[39m[48;2;20;22;28m                  
                  [38;2;221;174;195m[48;2;30;32;40m█[38;2;190;149;167m█[38;2;159;125;140m▓[38;2;128;100;113m▓[38;2;97;76;85m▒[39m       [38;2;40;45;67m⢸[38;2;46;52;91m⣿[38;2;47;53;94m⣿[38;2;43;50;81m⣿[39m                                                                                                                                     [38;2;97;76;85m▒[38;2;128;100;113m▓[38;2;159;125;140m▓[38;2;190;149;167m█[38;2;221;174;195m█[39m[48;2;20;22;28m                  
                  [38;2;221;174;195m[48;2;30;32;40m█[38;2;190;149;167m█[38;2;159;125;140m▓[38;2;128;100;113m▓[38;2;97;76;85m▒[39m        [38;2;45;52;89m⣿[38;2;46;53;93m⣿[38;2;43;49;80m⣿[39m                                                     [38;2;37;40;52m⢰⣦[39m                                                                              [38;2;97;76;85m▒[38;2;128;100;113m▓[38;2;159;125;140m▓[38;2;190;149;167m█[38;2;221;174;195m█[39m[48;2;20;22;28m                  
                  [38;2;221;174;195m[48;2;30;32;40m█[38;2;190;149;167m█[38;2;159;125;140m▓[38;2;128;100;113m▓[38;2;97;76;85m▒[39m        [38;2;42;49;78m⣿[38;2;43;49;80m⣿[38;2;41;46;70m⡇[39m                                                     [38;2;37;40;52m⠸⡟[39m                                                         [38;2;40;45;68m⣴[38;2;40;45;66m⣶[38;2;38;42;59m⣦[39m                  [38;2;97;76;85m▒[38;2;128;100;113m▓[38;2;159;125;140m▓[38;2;190;149;167m█[38;2;221;174;195m█[39m[48;2;20;22;28m                  
                  [38;2;221;174;195m[48;2;30;32;40m█[38;2;190;149;167m█[38;2;159;125;140m▓[38;2;128;100;113m▓[38;2;97;76;85m▒[39m        [38;2;41;47;71m⣿[38;2;41;47;72m⣿[38;2;39;43;62m⡇[39m          [38;2;37;39;51m⡄[39m                                                                                                  [38;2;40;45;66m⢠[38;2;43;49;78m⣶[38;2;44;51;85m⣿[38;2;44;50;83m⣿[38;2;41;47;73m⣿[38;2;39;43;61m⣿[39m    [38;2;37;40;52m⠈[38;2;38;41;56m⢻[38;2;38;42;57m⣷[38;2;38;41;55m⡄[39m          [38;2;97;76;85m▒[38;2;128;100;113m▓[38;2;159;125;140m▓[38;2;190;149;167m█[38;2;221;174;195m█[39m[48;2;20;22;28m                  
                  [38;2;221;174;195m[48;2;30;32;40m█[38;2;190;149;167m█[38;2;159;125;140m▓[38;2;128;100;113m▓[38;2;97;76;85m▒[39m        [38;2;40;45;65m⣿[38;2;40;44;64m⣿[39m             [38;2;37;40;53m⢻[38;2;37;41;54m⣷[38;2;37;41;55m⣦[39m   [38;2;41;46;70m⢀[38;2;45;51;87m⣴[38;2;48;55;102m⣶[38;2;48;61;109m⣶[38;2;48;59;106m⣶[38;2;47;54;96m⣶[38;2;44;50;82m⣤[38;2;41;46;70m⡀[39m  [38;2;41;47;71m⢀[38;2;43;50;81m⣤[38;2;45;51;87m⣤[38;2;45;51;86m⣤[38;2;44;50;84m⣤⣤[38;2;44;51;85m⣤[38;2;45;51;87m⣤[38;2;45;51;86m⣤[38;2;43;50;82m⣄[38;2;42;48;74m⡀[39m                                               [38;2;40;45;67m⣠[38;2;42;48;74m⣤[38;2;43;49;79m⣤[38;2;43;49;81m⣴[38;2;43;49;80m⣶[38;2;42;48;74m⣄[39m                [38;2;39;44;64m⢰[38;2;42;48;76m⣿[38;2;44;51;85m⣿[38;2;45;51;88m⣿[38;2;43;50;81m⣿[38;2;41;46;70m⡟[39m      [38;2;38;41;55m⠘[38;2;38;42;59m⣿[38;2;38;42;57m⣿[39m          [38;2;97;76;85m▒[38;2;128;100;113m▓[38;2;159;125;140m▓[38;2;190;149;167m█[38;2;221;174;195m█[39m[48;2;20;22;28m                  
                  [38;2;221;174;195m[48;2;30;32;40m█[38;2;190;149;167m█[38;2;159;125;140m▓[38;2;128;100;113m▓[38;2;97;76;85m▒[39m        [38;2;39;43;60m⣿[38;2;38;42;58m⡇[39m              [38;2;37;41;54m⠘[38;2;38;41;56m⢿[38;2;39;43;61m⣿[38;2;41;47;72m⣶[38;2;48;55;101m⣾[38;2;38;92;138m⣿[38;2;27;126;143m⣿[38;2;50;140;134m⣿[38;2;45;139;136m⣿[38;2;27;127;142m⣿[38;2;30;111;148m⣿[38;2;38;93;139m⣿[38;2;46;74;121m⣿[38;2;48;56;103m⣿[38;2;48;60;107m⣿[38;2;46;77;125m⣿[38;2;39;90;137m⣿[38;2;41;88;134m⣿[38;2;46;75;123m⣿[38;2;47;64;111m⣿[38;2;48;61;108m⣿[38;2;48;63;110m⣿[38;2;47;68;115m⣿[38;2;46;72;120m⣿[38;2;46;76;124m⣿[38;2;46;78;126m⣿[38;2;46;73;121m⣿[38;2;48;60;107m⣷[38;2;45;51;86m⣦[39m                       [38;2;43;49;80m⣠[38;2;44;51;85m⣴[38;2;46;52;90m⣶[38;2;47;53;95m⣶[38;2;48;54;98m⣶⣶[38;2;47;54;98m⣶[38;2;48;56;103m⣶[38;2;48;62;109m⣶[38;2;48;63;110m⣶[38;2;48;57;104m⣤[38;2;46;52;91m⣤[38;2;43;50;82m⣤[38;2;41;47;73m⣄[39m     [38;2;38;41;56m⢠[38;2;40;45;65m⣾[38;2;42;48;77m⣿[38;2;45;52;88m⣿[38;2;47;54;98m⣿[38;2;48;62;110m⣿[38;2;46;74;122m⣿[38;2;46;78;125m⣿[38;2;47;68;116m⣿[38;2;46;53;93m⣦[39m    [38;2;42;48;76m⣠[38;2;44;50;82m⣤[38;2;44;50;83m⣤[38;2;43;49;78m⣄[38;2;41;46;69m⡀[39m    [38;2;38;42;58m⣸[38;2;40;45;65m⣿[38;2;42;48;74m⣿[38;2;43;49;78m⡿[38;2;42;48;75m⠟[39m          [38;2;38;42;57m⢻[39m          [38;2;97;76;85m▒[38;2;128;100;113m▓[38;2;159;125;140m▓[38;2;190;149;167m█[38;2;221;174;195m█[39m[48;2;20;22;28m                  
                  [38;2;221;174;195m[48;2;30;32;40m█[38;2;190;149;167m█[38;2;159;125;140m▓[38;2;128;100;113m▓[38;2;97;76;85m▒[39m        [38;2;38;41;57m⣿[39m                 [38;2;41;46;70m⢸[38;2;48;63;111m⣿[38;2;28;124;143m⣿[38;2;94;153;123m⣿[38;2;147;153;111m⣿[38;2;107;153;120m⣿[38;2;60;144;132m⣿[38;2;27;131;141m⣿[38;2;29;118;145m⣿[38;2;29;114;147m⣿[38;2;29;113;147m⣿[38;2;30;106;149m⣿[38;2;33;101;146m⣿[38;2;33;101;145m⣿[38;2;33;101;146m⣿[38;2;38;92;138m⣿[38;2;46;75;123m⣿[38;2;48;63;110m⣿[38;2;48;59;106m⣿[38;2;48;61;108m⣿[38;2;47;66;114m⣿[38;2;46;72;120m⣿[38;2;46;77;125m⣿[38;2;43;83;131m⣿[38;2;38;92;138m⣿[38;2;35;98;143m⣿[38;2;38;93;139m⣿[38;2;46;78;126m⣿[38;2;47;69;116m⣶[38;2;46;72;120m⣶⣾[38;2;48;61;108m⣿[38;2;44;51;85m⣿[38;2;40;45;67m⣿[38;2;38;42;58m⣷[38;2;37;40;53m⡄[39m  [38;2;37;40;52m⢸[38;2;37;41;55m⣿[38;2;38;41;56m⣿[38;2;38;42;58m⣿[38;2;39;43;61m⣷[38;2;40;45;67m⣶[38;2;41;47;72m⣦[38;2;43;49;78m⣄[38;2;48;56;103m⣠[38;2;41;87;134m⣴[38;2;34;99;144m⣾[38;2;37;93;139m⣿[38;2;47;71;119m⣿[38;2;48;60;107m⣿[38;2;48;57;104m⣿[38;2;48;61;108m⣿[38;2;47;70;117m⣿[38;2;45;81;129m⣿[38;2;34;99;144m⣿[38;2;27;131;141m⣿[38;2;86;152;125m⣿[38;2;112;153;119m⣿[38;2;65;145;130m⣿[38;2;28;119;145m⣿[38;2;35;98;143m⣿[38;2;41;88;135m⣿[38;2;46;77;125m⣿[38;2;48;63;110m⣷[38;2;45;52;89m⣶[38;2;41;46;69m⣶[38;2;38;42;59m⣾[38;2;38;42;58m⡿[38;2;40;44;64m⠿[38;2;42;48;75m⣿[38;2;44;51;86m⣿[38;2;47;54;96m⣿[38;2;48;62;109m⣿[38;2;46;75;123m⣿[38;2;44;82;130m⣿[38;2;46;78;126m⣿[38;2;47;67;115m⣿[38;2;48;59;107m⣿[38;2;47;64;112m⣿[38;2;43;84;131m⣿[38;2;30;107;149m⣿[38;2;28;122;144m⣿[38;2;28;124;143m⣿[38;2;29;117;146m⣿[38;2;31;105;149m⣿[38;2;38;93;139m⣿[38;2;46;74;122m⣿[38;2;48;55;101m⣷[38;2;42;48;76m⣶[38;2;39;44;62m⣾[38;2;38;42;59m⡟⠋[39m             [38;2;38;41;56m⢰[38;2;37;41;55m⣇[39m         [38;2;97;76;85m▒[38;2;128;100;113m▓[38;2;159;125;140m▓[38;2;190;149;167m█[38;2;221;174;195m█[39m[48;2;20;22;28m                  
                  [38;2;221;174;195m[48;2;30;32;40m█[38;2;190;149;167m█[38;2;159;125;140m▓[38;2;128;100;113m▓[38;2;97;76;85m▒[39m        [38;2;44;50;83m⣶[39m                 [38;2;43;49;79m⢸[38;2;36;97;142m⣿[38;2;120;153;117m⣿[38;2;198;156;128m⣿[38;2;195;155;120m⣿[38;2;81;151;126m⣿[38;2;27;128;142m⣿[38;2;30;109;148m⣿[38;2;34;99;144m⣿[38;2;31;105;149m⣿[38;2;28;121;144m⣿[38;2;31;134;139m⣿[38;2;36;136;138m⣿[38;2;27;126;143m⣿[38;2;31;105;149m⣿[38;2;46;79;127m⡿[38;2;48;56;103m⠋[39m    [38;2;47;54;96m⠈[38;2;48;60;107m⠹[38;2;47;71;118m⢿[38;2;41;87;134m⣿[38;2;30;110;148m⣿[38;2;28;123;144m⣿[38;2;29;118;145m⣿[38;2;31;105;149m⣿[38;2;36;96;141m⣿[38;2;40;89;136m⣿[38;2;47;70;118m⣿[38;2;45;52;90m⣿[38;2;41;46;69m⣿[38;2;38;42;58m⠇[39m       [38;2;39;43;61m⠻[38;2;41;47;71m⣿[38;2;44;50;84m⣿[38;2;47;67;114m⣿[38;2;29;119;145m⣿[38;2;78;150;127m⣿⣿[38;2;28;126;143m⣿[38;2;46;77;125m⣿[38;2;48;59;106m⣿[38;2;48;55;102m⣿[38;2;48;58;105m⣿[38;2;47;68;116m⣿[38;2;44;83;130m⣿[38;2;30;109;148m⣿[38;2;72;148;128m⣿[38;2;189;154;105m⣿[38;2;200;157;133m⣿[38;2;156;153;109m⣿[38;2;47;139;135m⣿[38;2;29;114;147m⣿[38;2;33;102;146m⣿[38;2;35;98;143m⣿[38;2;37;94;140m⣿[38;2;45;80;128m⣿[38;2;48;57;104m⣿[38;2;41;47;72m⣧[39m     [38;2;45;51;87m⠘[38;2;48;59;107m⠻[38;2;47;70;118m⢿[38;2;46;73;121m⣿[38;2;45;80;128m⣿[38;2;31;105;149m⣿[38;2;33;135;139m⣿[38;2;82;151;126m⣿[38;2;100;153;121m⣿[38;2;81;151;126m⣿[38;2;47;139;135m⣿[38;2;27;126;143m⣿[38;2;29;114;147m⣿[38;2;30;112;147m⣿[38;2;30;109;148m⣿[38;2;36;96;142m⣿[38;2;47;69;117m⣿[38;2;44;50;82m⣿[39m               [38;2;38;41;55m⢸[38;2;37;41;54m⡟[39m         [38;2;97;76;85m▒[38;2;128;100;113m▓[38;2;159;125;140m▓[38;2;190;149;167m█[38;2;221;174;195m█[39m[48;2;20;22;28m                  
                  [38;2;221;174;195m[48;2;30;32;40m█[38;2;190;149;167m█[38;2;159;125;140m▓[38;2;128;100;113m▓[38;2;97;76;85m▒[39m       [38;2;46;74;122m⣾[38;2;41;87;134m⣿[38;2;46;76;124m⣿[38;2;43;49;79m⡆[39m               [38;2;44;50;84m⢸[38;2;30;109;148m⣿[38;2;157;153;108m⣿[38;2;193;155;116m⣿[38;2;113;153;118m⣿[38;2;41;88;134m⣿[39m   [38;2;48;59;106m⢻[38;2;36;96;142m⣿[38;2;27;131;141m⣿[38;2;55;142;133m⣿[38;2;29;133;140m⣿[38;2;35;98;144m⣿[38;2;48;55;101m⣇[39m        [38;2;46;53;94m⠸[38;2;35;98;143m⣿[38;2;35;135;138m⣿[38;2;49;140;135m⣿[38;2;27;129;142m⣿[38;2;32;104;148m⣿[38;2;41;88;135m⣿[38;2;47;65;112m⣿[38;2;43;50;81m⡿[39m          [38;2;40;46;69m⠸[38;2;46;52;91m⣿[38;2;40;88;135m⣿[38;2;51;141;134m⣿[38;2;140;153;112m⣿[38;2;106;153;120m⣿[38;2;28;122;144m⣿[38;2;48;62;109m⡿[39m   [38;2;43;49;80m⠈[38;2;48;57;104m⢻[38;2;40;89;136m⣿[38;2;49;140;135m⣿[38;2;178;153;104m⣿[38;2;202;157;139m⣿[38;2;171;153;105m⣿[38;2;53;141;134m⣿[38;2;30;110;148m⣿[38;2;37;94;140m⣿[38;2;37;95;140m⣿[38;2;31;105;149m⣿[38;2;32;102;147m⣿[38;2;44;82;130m⣿[38;2;46;52;91m⣿[39m        [38;2;46;53;92m⢸[38;2;34;99;144m⣿[38;2;82;151;126m⣿[38;2;188;154;102m⣿[38;2;194;155;118m⣿[38;2;145;153;111m⣿[38;2;75;149;127m⣿[38;2;28;133;140m⣿[38;2;29;114;147m⣿[38;2;32;104;148m⣿[38;2;30;109;148m⣿[38;2;28;124;143m⣿[38;2;27;127;142m⣿[38;2;30;106;149m⣿[38;2;47;65;113m⣿[38;2;40;45;68m⡇[39m              [38;2;37;41;54m⠸[39m          [38;2;97;76;85m▒[38;2;128;100;113m▓[38;2;159;125;140m▓[38;2;190;149;167m█[38;2;221;174;195m█[39m[48;2;20;22;28m                  
                  [38;2;221;174;195m[48;2;30;32;40m█[38;2;190;149;167m█[38;2;159;125;140m▓[38;2;128;100;113m▓[38;2;97;76;85m▒[39m      [38;2;44;50;82m⢸[38;2;40;89;136m⣿[38;2;30;107;149m⣿[38;2;35;97;143m⣿[38;2;48;54;98m⣷[39m               [38;2;44;50;83m⣼[38;2;38;93;139m⣿[38;2;57;143;132m⣿[38;2;66;146;130m⣿[38;2;28;120;145m⣿[38;2;46;53;94m⡇[39m    [38;2;47;54;96m⢹[38;2;37;94;140m⣿[38;2;27;127;142m⣿[38;2;36;136;138m⣿[38;2;28;122;144m⣿[38;2;39;90;137m⣿[38;2;48;56;103m⣧[39m        [38;2;43;84;132m⣿[38;2;29;133;140m⣿[38;2;50;140;134m⣿[38;2;28;122;144m⣿[38;2;46;73;120m⣿[38;2;46;52;91m⡿[39m             [38;2;43;50;81m⢸[38;2;41;87;134m⣿[38;2;34;135;139m⣿[38;2;71;147;129m⣿[38;2;27;130;141m⣿[38;2;46;75;123m⡿[39m      [38;2;43;50;82m⠸[38;2;46;78;126m⢿[38;2;29;117;146m⣿[38;2;45;139;135m⣿[38;2;43;138;136m⣿[38;2;29;114;147m⣿[38;2;46;78;126m⣿[38;2;46;53;94m⠇[38;2;48;55;101m⠹[38;2;40;89;135m⣿[38;2;31;104;148m⣿[38;2;37;94;140m⣿[38;2;48;56;103m⣿[39m       [38;2;42;48;76m⢠[38;2;47;67;115m⣾[38;2;28;120;145m⣿[38;2;124;153;116m⣿[38;2;189;154;106m⣿[38;2;156;153;109m⣿[38;2;42;138;136m⣿[38;2;38;93;139m⣿[38;2;48;57;104m⠟[39m  [38;2;48;60;107m⢸[38;2;29;113;147m⣿[38;2;44;138;136m⣿[38;2;28;133;140m⣿[38;2;39;90;137m⣿[38;2;44;50;84m⣷[39m                         [38;2;97;76;85m▒[38;2;128;100;113m▓[38;2;159;125;140m▓[38;2;190;149;167m█[38;2;221;174;195m█[39m[48;2;20;22;28m                  
                  [38;2;221;174;195m[48;2;30;32;40m█[38;2;190;149;167m█[38;2;159;125;140m▓[38;2;128;100;113m▓[38;2;97;76;85m▒[39m      [38;2;42;49;78m⢸[38;2;46;79;127m⣿[38;2;34;99;144m⣿[38;2;37;94;140m⣿[38;2;48;60;107m⣿[38;2;42;48;77m⣇[39m            [38;2;38;41;56m⢠[38;2;39;43;62m⣾[38;2;42;48;74m⣿[38;2;48;57;104m⣿[38;2;41;88;135m⣿[38;2;37;94;140m⣿[38;2;45;80;128m⣿[38;2;47;53;94m⣿[38;2;42;48;75m⡄[39m    [38;2;47;54;98m⢸[38;2;40;89;135m⣿[38;2;29;117;146m⣿[38;2;27;130;141m⣿[38;2;28;124;143m⣿[38;2;30;107;149m⣿[38;2;46;79;127m⣷[38;2;48;54;99m⣦[39m    [38;2;46;53;93m⢠[38;2;41;88;134m⣾[38;2;31;134;139m⣿[38;2;86;152;125m⣿[38;2;58;143;132m⣿[38;2;31;105;149m⣿[38;2;46;53;94m⣿[39m              [38;2;42;48;74m⢸[38;2;46;73;120m⣿[38;2;35;97;142m⣿[38;2;36;95;141m⣿[38;2;47;64;111m⣿[39m        [38;2;43;49;80m⢸[38;2;48;63;111m⣿[38;2;38;93;139m⣿[38;2;29;112;147m⣿[38;2;30;112;147m⣿[38;2;38;93;139m⣿[38;2;47;65;112m⣷[38;2;47;54;95m⣤[38;2;47;71;119m⣿[38;2;42;86;133m⣿[38;2;44;82;130m⣿[38;2;47;54;97m⣿[39m      [38;2;46;53;93m⢰[38;2;46;72;120m⣾[38;2;35;98;143m⣿[38;2;27;128;142m⣿[38;2;77;149;127m⣿[38;2;79;150;126m⣿[38;2;27;128;142m⣿[38;2;46;73;121m⡿[39m    [38;2;47;53;95m⢸[38;2;29;116;146m⣿[38;2;63;145;131m⣿[38;2;55;142;133m⣿[38;2;33;101;146m⣿[38;2;47;54;96m⣿[38;2;42;48;75m⣷[38;2;40;46;69m⣶[38;2;41;47;72m⣴[38;2;43;49;79m⣶[38;2;45;51;86m⣶[38;2;47;54;96m⣶[38;2;48;60;107m⣶[38;2;47;69;116m⣶[38;2;46;74;121m⣾[38;2;46;75;123m⣿[38;2;46;76;124m⣿⣿[38;2;46;74;121m⣿[38;2;48;61;109m⣿[38;2;45;51;86m⣷[39m          [38;2;97;76;85m▒[38;2;128;100;113m▓[38;2;159;125;140m▓[38;2;190;149;167m█[38;2;221;174;195m█[39m[48;2;20;22;28m                  
                  [38;2;221;174;195m[48;2;30;32;40m█[38;2;190;149;167m█[38;2;159;125;140m▓[38;2;128;100;113m▓[38;2;97;76;85m▒[39m       [38;2;44;51;85m⢹[38;2;48;57;104m⣿[38;2;48;60;108m⣿[38;2;48;55;102m⣿[38;2;48;58;105m⣿[38;2;46;72;120m⣿[38;2;40;89;135m⣿[38;2;38;92;138m⣿[38;2;46;75;123m⣷[38;2;46;52;91m⣆[39m       [38;2;38;41;56m⣿[38;2;39;43;60m⡿[38;2;39;44;63m⠟[38;2;40;45;66m⠋[38;2;43;49;80m⢻[38;2;46;53;93m⣿[38;2;48;55;101m⣿[38;2;48;56;103m⣿[38;2;48;58;105m⣿[38;2;47;64;111m⣿[38;2;47;68;115m⣷[38;2;47;67;115m⣶[38;2;47;64;111m⣶[38;2;48;62;110m⣾[38;2;46;73;121m⣿[38;2;37;94;140m⣿[38;2;28;119;145m⣿[38;2;33;135;139m⣿[38;2;47;139;135m⣿[38;2;35;135;138m⣿[38;2;27;127;142m⣿[38;2;29;118;145m⣿[38;2;28;122;144m⣿[38;2;27;131;141m⣿[38;2;45;139;136m⣿[38;2;73;148;128m⣿[38;2;134;153;114m⣿[38;2;177;153;104m⣿[38;2;141;153;112m⣿[38;2;36;136;138m⣿[38;2;44;82;130m⣿[38;2;43;49;79m⡇[39m              [38;2;40;44;65m⢸[38;2;48;55;99m⣿[38;2;46;73;120m⣿[38;2;46;75;123m⣿[38;2;48;57;104m⣿[38;2;44;50;82m⣄[38;2;44;50;84m⣀[38;2;48;61;108m⣤[38;2;45;80;128m⣴[38;2;42;85;132m⣦[38;2;47;71;119m⣤[38;2;46;53;92m⣄[38;2;41;46;70m⣰[38;2;40;44;65m⣾[38;2;42;48;75m⣿[38;2;48;55;102m⣿[38;2;44;83;130m⣿[38;2;31;105;149m⣿[38;2;29;116;146m⣿⣿[38;2;30;109;148m⣿[38;2;31;104;148m⣿[38;2;38;92;138m⣿[38;2;46;76;123m⣿[38;2;47;54;97m⣿[39m   [38;2;44;51;86m⢀[38;2;48;57;105m⣴[38;2;46;77;124m⣾[38;2;38;93;139m⣿[38;2;33;102;146m⣿[38;2;31;105;149m⣿[38;2;32;103;147m⣿[38;2;34;100;145m⣿[38;2;40;90;136m⣿[38;2;46;73;121m⣿[38;2;47;54;97m⣷[38;2;42;48;77m⡄[39m  [38;2;44;51;85m⢠[38;2;46;75;122m⣾[38;2;28;124;143m⣿[38;2;52;141;134m⣿[38;2;27;131;141m⣿[38;2;42;86;133m⣿[38;2;46;52;91m⣿[38;2;42;48;76m⣿[38;2;41;47;73m⣿[38;2;43;49;81m⣿[38;2;46;53;92m⣿[38;2;48;58;105m⣿[38;2;47;71;118m⣿[38;2;42;86;133m⣿[38;2;33;101;146m⣿[38;2;30;108;149m⣿[38;2;30;107;149m⣿[38;2;32;102;147m⣿[38;2;34;99;144m⣿[38;2;35;98;143m⣿[38;2;41;87;134m⣿[38;2;47;67;115m⣿[38;2;44;50;84m⣿[39m         [38;2;97;76;85m▒[38;2;128;100;113m▓[38;2;159;125;140m▓[38;2;190;149;167m█[38;2;221;174;195m█[39m[48;2;20;22;28m                  
                  [38;2;221;174;195m[48;2;30;32;40m█[38;2;190;149;167m█[38;2;159;125;140m▓[38;2;128;100;113m▓[38;2;97;76;85m▒[39m        [38;2;39;44;64m⠈[38;2;41;47;73m⢿[38;2;44;51;85m⣿[38;2;48;59;106m⣿[38;2;46;79;127m⣿[38;2;34;99;144m⣿[38;2;32;103;148m⣿[38;2;43;84;132m⣿[38;2;47;54;98m⣿[39m  [38;2;36;39;50m⠘[38;2;37;39;50m⠋[39m        [38;2;40;45;66m⠘[38;2;43;49;80m⢿[38;2;47;53;94m⣿[38;2;48;59;106m⣿[38;2;47;69;117m⣿[38;2;46;77;125m⣿[38;2;46;79;127m⣿[38;2;46;75;123m⣿[38;2;47;69;117m⣿[38;2;47;66;114m⣿[38;2;47;70;118m⣿[38;2;41;87;134m⣿[38;2;30;112;147m⣿[38;2;27;132;141m⣿[38;2;45;139;135m⣿[38;2;48;140;135m⣿[38;2;55;142;133m⣿[38;2;86;152;125m⣿[38;2;134;153;114m⣿[38;2;153;153;109m⣿[38;2;158;153;108m⣿[38;2;179;153;104m⣿[38;2;170;153;106m⣿[38;2;84;152;125m⣿[38;2;30;111;148m⣿[38;2;48;62;110m⣿[38;2;43;50;82m⣷[38;2;40;46;69m⣆[39m              [38;2;43;49;80m⢻[38;2;48;58;105m⣿[38;2;47;69;117m⣿[38;2;46;72;119m⣿[38;2;44;82;130m⣿[38;2;29;118;145m⣿[38;2;82;151;126m⣿[38;2;172;153;105m⣿[38;2;141;153;112m⣿[38;2;41;137;137m⣿[38;2;46;77;124m⣿[38;2;43;49;79m⣿[38;2;39;43;61m⡿⠛[38;2;40;45;68m⠻[38;2;46;53;93m⢿[38;2;46;78;126m⣿[38;2;31;105;149m⣿[38;2;28;121;144m⣿[38;2;28;124;143m⣿[38;2;28;119;145m⣿[38;2;30;107;149m⣿[38;2;36;96;141m⣿[38;2;41;88;135m⣿[38;2;43;83;131m⣿[38;2;45;80;128m⣿[38;2;45;81;128m⣿[38;2;43;84;132m⣿[38;2;40;89;136m⣿[38;2;36;95;141m⣿[38;2;34;100;145m⣿[38;2;36;96;142m⣿[38;2;44;81;129m⣿[38;2;48;62;109m⣿[38;2;48;55;99m⣿[38;2;48;55;101m⣿[38;2;48;56;103m⣿[38;2;47;54;98m⣿⣿[38;2;48;58;105m⣿[38;2;48;63;110m⣿[38;2;47;65;113m⣿[38;2;43;83;131m⣿[38;2;30;111;148m⣿[38;2;29;116;146m⣿[38;2;37;95;140m⣿[38;2;48;56;103m⣿[38;2;41;47;73m⠿[38;2;40;45;68m⠛[38;2;40;46;69m⠻[38;2;42;48;77m⢿[38;2;45;52;89m⣿[38;2;48;55;102m⣿[38;2;47;69;116m⣿[38;2;42;85;132m⣿[38;2;33;102;146m⣿[38;2;30;112;147m⣿⣿[38;2;30;106;149m⣿[38;2;33;100;145m⣿[38;2;34;100;145m⣿[38;2;37;94;140m⣿[38;2;46;79;127m⣿[38;2;48;55;99m⣿[38;2;41;46;70m⣷[39m        [38;2;97;76;85m▒[38;2;128;100;113m▓[38;2;159;125;140m▓[38;2;190;149;167m█[38;2;221;174;195m█[39m[48;2;20;22;28m                  
                  [38;2;221;174;195m[48;2;30;32;40m█[38;2;190;149;167m█[38;2;159;125;140m▓[38;2;128;100;113m▓[38;2;97;76;85m▒[39m          [38;2;40;46;68m⠘[38;2;46;53;92m⢿[38;2;47;70;118m⣿[38;2;39;91;137m⣿[38;2;36;96;141m⣿[38;2;46;78;126m⣿[38;2;46;53;93m⠟[39m               [38;2;46;52;90m⠻[38;2;48;61;108m⣿[38;2;47;71;119m⣿[38;2;46;75;122m⣿[38;2;46;72;120m⣿[38;2;47;65;113m⣿[38;2;48;58;105m⣿[38;2;48;55;99m⣿[38;2;48;55;101m⣿[38;2;47;68;116m⣿[38;2;39;92;138m⣿[38;2;30;112;147m⣿[38;2;27;127;142m⣿[38;2;42;138;136m⣿[38;2;81;151;126m⣿[38;2;127;153;115m⣿[38;2;141;153;112m⣿[38;2;127;153;115m⣿[38;2;92;153;123m⣿[38;2;44;138;136m⣿[38;2;31;104;148m⣿[38;2;48;63;110m⣿[38;2;45;51;87m⣿[38;2;43;49;79m⣿[38;2;42;48;74m⣿[38;2;40;45;67m⣿[38;2;39;43;60m⣦[39m             [38;2;44;50;83m⣿[38;2;48;56;103m⣿[38;2;47;71;118m⣿[38;2;38;93;139m⣿[38;2;27;133;140m⣿[38;2;133;153;114m⣿[38;2;197;156;126m⣿[38;2;173;153;105m⣿[38;2;52;141;134m⣿[38;2;46;78;126m⣿[38;2;42;48;77m⠇[39m    [38;2;44;51;85m⠘[38;2;47;70;118m⢿[38;2;35;97;142m⣿[38;2;30;112;147m⣿[38;2;30;111;148m⣿[38;2;33;101;146m⣿[38;2;38;93;139m⣿[38;2;39;91;137m⣿[38;2;40;89;136m⣿[38;2;41;86;133m⣿[38;2;42;86;133m⣿[38;2;41;88;134m⣿[38;2;40;89;136m⣿[38;2;40;89;135m⣿[38;2;44;82;129m⣿[38;2;47;65;113m⡿[38;2;45;51;86m⠋[39m  [38;2;41;47;73m⠘[38;2;44;50;84m⠿[38;2;45;52;89m⣿[38;2;47;54;97m⣿[38;2;48;59;106m⣿[38;2;47;64;112m⣿[38;2;47;65;112m⣿[38;2;47;70;118m⣿[38;2;46;73;120m⣿[38;2;47;64;112m⡿[38;2;45;51;87m⠏[39m       [38;2;44;50;83m⠈[38;2;48;54;99m⠻[38;2;47;66;114m⢿[38;2;46;76;124m⣿[38;2;46;79;127m⣿[38;2;46;76;124m⣿[38;2;46;75;123m⣿[38;2;45;81;129m⣿[38;2;43;84;131m⣿[38;2;46;75;123m⣿[38;2;48;55;99m⣿[38;2;41;46;70m⣿[39m        [38;2;97;76;85m▒[38;2;128;100;113m▓[38;2;159;125;140m▓[38;2;190;149;167m█[38;2;221;174;195m█[39m[48;2;20;22;28m                  
                  [38;2;221;174;195m[48;2;30;32;40m█[38;2;190;149;167m█[38;2;159;125;140m▓[38;2;128;100;113m▓[38;2;97;76;85m▒[39m                                           [38;2;44;50;82m⠙[38;2;48;55;100m⠿[38;2;46;72;119m⠿[38;2;38;93;139m⣿[38;2;31;104;148m⣿[38;2;33;101;146m⣿[38;2;43;84;132m⣿[38;2;48;63;110m⠿[38;2;45;52;88m⠟[39m  [38;2;40;45;66m⠈[38;2;41;46;70m⠻⢿[38;2;40;45;67m⣿[38;2;39;43;61m⣿[38;2;38;41;56m⣧[38;2;37;41;55m⣠[38;2;38;42;59m⣴[38;2;40;44;64m⣶[38;2;40;45;66m⣶[38;2;39;43;62m⣦[38;2;38;41;55m⡄[39m      [38;2;38;42;59m⠘[38;2;41;47;73m⢿[38;2;47;54;97m⣿[38;2;45;81;128m⣿[38;2;28;122;144m⣿[38;2;79;150;127m⣿[38;2;137;153;113m⣿[38;2;79;150;126m⣿[38;2;29;115;146m⣿[38;2;48;55;100m⠇[39m        [38;2;46;53;93m⠻[38;2;48;61;108m⠿[38;2;47;70;117m⠿[38;2;46;75;123m⣿[38;2;46;79;127m⣿[38;2;45;80;128m⣿[38;2;46;77;125m⣿[38;2;46;74;122m⣿[38;2;47;69;117m⣿[38;2;48;59;106m⠿[38;2;45;52;89m⠟[39m        [38;2;42;48;77m⠈[38;2;45;52;90m⠛[38;2;47;54;95m⠿[38;2;45;52;90m⠿[38;2;43;49;78m⠟[39m             [38;2;41;47;72m⠘[38;2;43;50;82m⢿[38;2;45;52;89m⣿[38;2;47;54;95m⣿[38;2;48;57;104m⣿[38;2;48;60;107m⣿[38;2;48;55;100m⣿[38;2;43;50;82m⣿[38;2;39;44;62m⠇[39m        [38;2;97;76;85m▒[38;2;128;100;113m▓[38;2;159;125;140m▓[38;2;190;149;167m█[38;2;221;174;195m█[39m[48;2;20;22;28m                  
                  [38;2;221;174;195m[48;2;30;32;40m█[38;2;190;149;167m█[38;2;159;125;140m▓[38;2;128;100;113m▓[38;2;97;76;85m▒[39m                                                            [38;2;37;41;54m⠘[38;2;38;42;59m⢻[38;2;40;45;65m⣿[38;2;40;45;67m⣿[38;2;39;44;64m⣿[38;2;38;42;57m⣿[39m         [38;2;42;48;77m⠹[38;2;46;53;93m⠿[38;2;48;58;105m⠿⠿[38;2;46;52;91m⠏[39m                                                 [38;2;40;45;66m⠈[38;2;43;49;78m⠻[38;2;45;51;88m⠿[38;2;45;51;87m⠿[38;2;42;48;77m⠟[39m          [38;2;97;76;85m▒[38;2;128;100;113m▓[38;2;159;125;140m▓[38;2;190;149;167m█[38;2;221;174;195m█[39m[48;2;20;22;28m                  
                  [38;2;221;174;195m[48;2;30;32;40m█[38;2;190;149;167m█[38;2;159;125;140m▓[38;2;128;100;113m▓[38;2;97;76;85m▒[39m                                                                [38;2;38;42;59m⠉[39m                                                                               [38;2;97;76;85m▒[38;2;128;100;113m▓[38;2;159;125;140m▓[38;2;190;149;167m█[38;2;221;174;195m█[39m[48;2;20;22;28m                  
                  [38;2;221;174;195m[48;2;30;32;40m█[38;2;190;149;167m█[38;2;159;125;140m▓[38;2;128;100;113m▓[38;2;97;76;85m▒[39m                                                                                                                                                [38;2;97;76;85m▒[38;2;128;100;113m▓[38;2;159;125;140m▓[38;2;190;149;167m█[38;2;221;174;195m█[39m[48;2;20;22;28m                  
                  [38;2;221;174;195m[48;2;30;32;40m█[38;2;190;149;167m█[38;2;159;125;140m▓[38;2;128;100;113m▓[38;2;97;76;85m▒[39m                                                                                                                                                [38;2;97;76;85m▒[38;2;128;100;113m▓[38;2;159;125;140m▓[38;2;190;149;167m█[38;2;221;174;195m█[39m[48;2;20;22;28m                  
                  [38;2;221;174;195m[48;2;30;32;40m█[38;2;190;149;167m█[38;2;159;125;140m▓[38;2;128;100;113m▓[38;2;97;76;85m▒[39m                                                                                                                                                [38;2;97;76;85m▒[38;2;128;100;113m▓[38;2;159;125;140m▓[38;2;190;149;167m█[38;2;221;174;195m█[39m[48;2;20;22;28m                  
                  [38;2;221;174;195m[48;2;30;32;40m█[38;2;190;149;167m█[38;2;159;125;140m▓[38;2;128;100;113m▓[38;2;97;76;85m▒[39m                                                                                                                                                [38;2;97;76;85m▒[38;2;128;100;113m▓[38;2;159;125;140m▓[38;2;190;149;167m█[38;2;221;174;195m█[39m[48;2;20;22;28m                  
                  [38;2;221;174;195m[48;2;30;32;40m█[38;2;190;149;167m█[38;2;159;125;140m▓[38;2;128;100;113m▓[38;2;97;76;85m▒[39m                                                                                                                 [38;2;37;40;52m⣆[39m                              [38;2;97;76;85m▒[38;2;128;100;113m▓[38;2;159;125;140m▓[38;2;190;149;167m█[38;2;221;174;195m█[39m[48;2;20;22;28m                  
                  [38;2;221;174;195m[48;2;30;32;40m█[38;2;190;149;167m█[38;2;159;125;140m▓[38;2;128;100;113m▓[38;2;97;76;85m▒[39m                                                                                                                 [38;2;37;40;54m⣿[39m                              [38;2;97;76;85m▒[38;2;128;100;113m▓[38;2;159;125;140m▓[38;2;190;149;167m█[38;2;221;174;195m█[39m[48;2;20;22;28m                  
                  [38;2;221;174;195m[48;2;30;32;40m█[38;2;190;149;167m█[38;2;159;125;140m▓[38;2;128;100;113m▓[38;2;97;76;85m▒[39m                                                                                                                 [38;2;37;40;53m⢸[39m                              [38;2;97;76;85m▒[38;2;128;100;113m▓[38;2;159;125;140m▓[38;2;190;149;167m█[38;2;221;174;195m█[39m[48;2;20;22;28m                  
                  [38;2;221;174;195m[48;2;30;32;40m█[38;2;190;149;167m█[38;2;159;125;140m▓[38;2;128;100;113m▓[38;2;97;76;85m▒[39m                                                                                                                                                [38;2;97;76;85m▒[38;2;128;100;113m▓[38;2;159;125;140m▓[38;2;190;149;167m█[38;2;221;174;195m█[39m[48;2;20;22;28m                  
                  [38;2;221;174;195m[48;2;30;32;40m█[38;2;190;149;167m█[38;2;159;125;140m▓[38;2;128;100;113m▓[38;2;97;76;85m▒[39m                                                                                                                                                [38;2;97;76;85m▒[38;2;128;100;113m▓[38;2;159;125;140m▓[38;2;190;149;167m█[38;2;221;174;195m█[39m[48;2;20;22;28m                  
                  [38;2;221;174;195m[48;2;30;32;40m█[38;2;190;149;167m█[38;2;159;125;140m▓[38;2;128;100;113m▓[38;2;97;76;85m▒[39m                                                                                                                                   [38;2;37;40;54m⢸[38;2;38;41;55m⣷[39m           [38;2;97;76;85m▒[38;2;128;100;113m▓[38;2;159;125;140m▓[38;2;190;149;167m█[38;2;221;174;195m█[39m[48;2;20;22;28m                  
                  [38;2;221;174;195m[48;2;30;32;40m█[38;2;190;149;167m█[38;2;159;125;140m▓[38;2;128;100;113m▓[38;2;97;76;85m▒[39m                                                                                                                                    [38;2;38;41;56m⢿[38;2;37;41;54m⣷[39m          [38;2;97;76;85m▒[38;2;128;100;113m▓[38;2;159;125;140m▓[38;2;190;149;167m█[38;2;221;174;195m█[39m[48;2;20;22;28m                  
                  [38;2;221;174;195m[48;2;30;32;40m█[38;2;190;149;167m█[38;2;159;125;140m▓[38;2;128;100;113m▓[38;2;97;76;85m▒[39m                                                                                                                                                [38;2;97;76;85m▒[38;2;128;100;113m▓[38;2;159;125;140m▓[38;2;190;149;167m█[38;2;221;174;195m█[39m[48;2;20;22;28m                  
                  [38;2;221;174;195m[48;2;30;32;40m█[38;2;190;149;167m█[38;2;159;125;140m▓[38;2;128;100;113m▓[38;2;97;76;85m▒[39m                                                                                                                                                [38;2;97;76;85m▒[38;2;128;100;113m▓[38;2;159;125;140m▓[38;2;190;149;167m█[38;2;221;174;195m█[39m[48;2;20;22;28m                  
                  [38;2;221;174;195m[48;2;30;32;40m█[38;2;190;149;167m█[38;2;159;125;140m▓[38;2;128;100;113m▓[38;2;97;76;85m▒[39m      [38;2;36;39;50m⠘[38;2;37;39;50m⠋[38;2;36;39;50m⠈[39m                           [38;2;37;40;51m⢰[38;2;37;40;53m⣶⣾[39m                                                                                                         [38;2;97;76;85m▒[38;2;128;100;113m▓[38;2;159;125;140m▓[38;2;190;149;167m█[38;2;221;174;195m█[39m[48;2;20;22;28m                  
                  [38;2;221;174;195m[48;2;30;32;40m█[38;2;190;149;167m█[38;2;159;125;140m▓[38;2;128;100;113m▓[38;2;97;76;85m▒[39m                                                                                                                                                [38;2;97;76;85m▒[38;2;128;100;113m▓[38;2;159;125;140m▓[38;2;190;149;167m█[38;2;221;174;195m█[39m[48;2;20;22;28m                  
                  [38;2;221;174;195m[48;2;30;32;40m█[38;2;190;149;167m█[38;2;159;125;140m▓[38;2;128;100;113m▓[38;2;97;76;85m▒[39m                                                                                                                                                [38;2;97;76;85m▒[38;2;128;100;113m▓[38;2;159;125;140m▓[38;2;190;149;167m█[38;2;221;174;195m█[39m[48;2;20;22;28m                  
                  [38;2;221;174;195m[48;2;30;32;40m█[38;2;190;149;167m█[38;2;159;125;140m▓[38;2;128;100;113m▓[38;2;97;76;85m▒[39m                                                                                                                                                [38;2;97;76;85m▒[38;2;128;100;113m▓[38;2;159;125;140m▓[38;2;190;149;167m█[38;2;221;174;195m█[39m[48;2;20;22;28m                  
                  [38;2;221;174;195m[48;2;30;32;40m█[38;2;190;149;167m█[38;2;159;125;140m▓[38;2;128;100;113m▓[38;2;97;76;85m▒[39m                                                                                                                                                [38;2;97;76;85m▒[38;2;128;100;113m▓[38;2;159;125;140m▓[38;2;190;149;167m█[38;2;221;174;195m█[39m[48;2;20;22;28m                  
                  [38;2;221;174;195m[48;2;30;32;40m█[38;2;190;149;167m█[38;2;159;125;140m▓[38;2;128;100;113m▓[38;2;97;76;85m▒[39m                                                                                                                                                [38;2;97;76;85m▒[38;2;128;100;113m▓[38;2;159;125;140m▓[38;2;190;149;167m█[38;2;221;174;195m█[39m[48;2;20;22;28m                  
                  [38;2;221;174;195m[48;2;30;32;40m█[38;2;190;149;167m█[38;2;159;125;140m▓[38;2;128;100;113m▓[38;2;97;76;85m▒[39m                                                                                                                                                [38;2;97;76;85m▒[38;2;128;100;113m▓[38;2;159;125;140m▓[38;2;190;149;167m█[38;2;221;174;195m█[39m[48;2;20;22;28m                  
                  [38;2;221;174;195m[48;2;30;32;40m█[38;2;190;149;167m█[38;2;159;125;140m▓[38;2;143;113;126m▓▓▓▓▓▓▓▓▓▓▓▓▓▓▓▓▓▓▓▓▓▓▓▓▓▓▓▓▓▓▓▓▓▓▓▓▓▓▓▓▓▓▓▓▓▓▓▓▓▓▓▓▓▓▓▓▓▓▓▓▓▓▓▓▓▓▓▓▓▓▓▓▓▓▓▓▓▓▓▓▓▓▓▓▓▓▓▓▓▓▓▓▓▓▓▓▓▓▓▓▓▓▓▓▓▓▓▓▓▓▓▓▓▓▓▓▓▓▓▓▓▓▓▓▓▓▓▓▓▓▓▓▓▓▓▓▓▓▓▓▓▓▓▓▓▓▓▓[38;2;159;125;140m▓[38;2;190;149;167m█[38;2;221;174;195m█[39m[48;2;20;22;28m                  
                  [38;2;221;174;195m[48;2;30;32;40m██████████████████████████████████████████████████████████████████████████████████████████████████████████████████████████████████████████████████████████[39m[48;2;20;22;28m                  
                                                                                                                                                                                              
                                                                                                                                                                                              
