[48;2;22;21;26m                                                                                                                                                                                              
                                                                                                                                                                                              
                  [38;2;210;179;115m[48;2;32;31;39m██████████████████████████████████████████████████████████████████████████████████████████████████████████████████████████████████████████████████████████[39m[48;2;22;21;26m                  
                  [38;2;210;179;115m[48;2;32;31;39m█[38;2;180;153;98m█[38;2;151;128;82m▓[38;2;136;116;74m▓▓▓▓▓▓▓▓▓▓▓▓▓▓▓▓▓▓▓▓▓▓▓▓▓▓▓▓▓▓▓▓▓▓▓▓▓▓▓▓▓▓▓▓▓▓▓▓▓▓▓▓▓▓▓▓▓▓▓▓▓▓▓▓▓▓▓▓▓▓▓▓▓▓▓▓▓▓▓▓▓▓▓▓▓▓▓▓▓▓▓▓▓▓▓▓▓▓▓▓▓▓▓▓▓▓▓▓▓▓▓▓▓▓▓▓▓▓▓▓▓▓▓▓▓▓▓▓▓▓▓▓▓▓▓▓▓▓▓▓▓▓▓▓▓▓▓▓[38;2;151;128;82m▓[38;2;180;153;98m█[38;2;210;179;115m█[39m[48;2;22;21;26m                  
                  [38;2;210;179;115m[48;2;32;31;39m█[38;2;180;153;98m█[38;2;151;128;82m▓[38;2;121;103;66m▓[38;2;92;78;50m▒[38;2;45;43;56m⡏[38;2;46;43;58m⢠[38;2;47;44;59m⣇[39m                                                                                                                                             [38;2;92;78;50m▒[38;2;121;103;66m▓[38;2;151;128;82m▓[38;2;180;153;98m█[38;2;210;179;115m█[39m[48;2;22;21;26m                  
                  [38;2;210;179;115m[48;2;32;31;39m█[38;2;180;153;98m█[38;2;151;128;82m▓[38;2;121;103;66m▓[38;2;92;78;50m▒[38;2;45;42;55m⢀[38;2;47;44;59m⣿[38;2;50;46;63m⣿⣿[39m                                                                                                                                            [38;2;92;78;50m▒[38;2;121;103;66m▓[38;2;151;128;82m▓[38;2;180;153;98m█[38;2;210;179;115m█[39m[48;2;22;21;26m                  
                  [38;2;210;179;115m[48;2;32;31;39m█[38;2;180;153;98m█[38;2;151;128;82m▓[38;2;121;103;66m▓[38;2;92;78;50m▒[39m [38;2;46;43;57m⠹[38;2;52;48;67m⣿[38;2;56;51;72m⣿[38;2;54;49;69m⣿[39m                                                                                                                                           [38;2;92;78;50m▒[38;2;121;103;66m▓[38;2;151;128;82m▓[38;2;180;153;98m█[38;2;210;179;115m█[39m[48;2;22;21;26m                  
                  [38;2;210;179;115m[48;2;32;31;39m█[38;2;180;153;98m█[38;2;151;128;82m▓[38;2;121;103;66m▓[38;2;92;78;50m▒[39m  [38;2;50;46;63m⢸[38;2;58;52;75m⣿[38;2;61;54;78m⣿[38;2;54;50;70m⣷[39m                                                                                                                                          [38;2;92;78;50m▒[38;2;121;103;66m▓[38;2;151;128;82m▓[38;2;180;153;98m█[38;2;210;179;115m█[39m[48;2;22;21;26m                  
                  [38;2;210;179;115m[48;2;32;31;39m█[38;2;180;153;98m█[38;2;151;128;82m▓[38;2;121;103;66m▓[38;2;92;78;50m▒[39m   [38;2;53;49;68m⢹[38;2;60;53;77m⣿[38;2;58;52;75m⣿[38;2;51;47;64m⡇[39m                                                                                                                                         [38;2;92;78;50m▒[38;2;121;103;66m▓[38;2;151;128;82m▓[38;2;180;153;98m█[38;2;210;179;115m█[39m[48;2;22;21;26m                  
                  [38;2;210;179;115m[48;2;32;31;39m█[38;2;180;153;98m█[38;2;151;128;82m▓[38;2;121;103;66m▓[38;2;92;78;50m▒[39m    [38;2;52;48;66m⢻[38;2;54;50;70m⣿[38;2;51;47;65m⣿[39m                                                                                                                                         [38;2;92;78;50m▒[38;2;121;103;66m▓[38;2;151;128;82m▓[38;2;180;153;98m█[38;2;210;179;115m█[39m[48;2;22;21;26m                  
                  [38;2;210;179;115m[48;2;32;31;39m█[38;2;180;153;98m█[38;2;151;128;82m▓[38;2;121;103;66m▓[38;2;92;78;50m▒[39m     [38;2;48;45;60m⠸[38;2;49;46;62m⣿[38;2;47;44;58m⣷[39m                                                                                                                                        [38;2;92;78;50m▒[38;2;121;103;66m▓[38;2;151;128;82m▓[38;2;180;153;98m█[38;2;210;179;115m█[39m[48;2;22;21;26m                  
                  [38;2;210;179;115m[48;2;32;31;39m█[38;2;180;153;98m█[38;2;151;128;82m▓[38;2;121;103;66m▓[38;2;92;78;50m▒[39m      [38;2;45;42;55m⢸[38;2;45;43;56m⣿[39m                                                                                                                                        [38;2;92;78;50m▒[38;2;121;103;66m▓[38;2;151;128;82m▓[38;2;180;153;98m█[38;2;210;179;115m█[39m[48;2;22;21;26m                  
                  [38;2;210;179;115m[48;2;32;31;39m█[38;2;180;153;98m█[38;2;151;128;82m▓[38;2;121;103;66m▓[38;2;92;78;50m▒[39m       [38;2;44;42;55m⠘[39m                                                                                                                                        [38;2;92;78;50m▒[38;2;121;103;66m▓[38;2;151;128;82m▓[38;2;180;153;98m█[38;2;210;179;115m█[39m[48;2;22;21;26m                  
                  [38;2;210;179;115m[48;2;32;31;39m█[38;2;180;153;98m█[38;2;151;128;82m▓[38;2;121;103;66m▓[38;2;92;78;50m▒[39m        [38;2;50;47;64m⣾[38;2;50;46;63m⣆[39m                                                                                                                                      [38;2;92;78;50m▒[38;2;121;103;66m▓[38;2;151;128;82m▓[38;2;180;153;98m█[38;2;210;179;115m█[39m[48;2;22;21;26m                  
                  [38;2;210;179;115m[48;2;32;31;39m█[38;2;180;153;98m█[38;2;151;128;82m▓[38;2;121;103;66m▓[38;2;92;78;50m▒[39m       [38;2;50;46;64m⢰[38;2;63;55;81m⣿[38;2;64;56;83m⣿[38;2;55;50;71m⡇[39m                                                                                                                                     [38;2;92;78;50m▒[38;2;121;103;66m▓[38;2;151;128;82m▓[38;2;180;153;98m█[38;2;210;179;115m█[39m[48;2;22;21;26m                  
                  [38;2;210;179;115m[48;2;32;31;39m█[38;2;180;153;98m█[38;2;151;128;82m▓[38;2;121;103;66m▓[38;2;92;78;50m▒[39m       [38;2;52;48;66m⢸[38;2;68;59;88m⣿[38;2;71;60;91m⣿[38;2;61;54;78m⣿[39m                                                                                                                                     [38;2;92;78;50m▒[38;2;121;103;66m▓[38;2;151;128;82m▓[38;2;180;153;98m█[38;2;210;179;115m█[39m[48;2;22;21;26m                  
                  [38;2;210;179;115m[48;2;32;31;39m█[38;2;180;153;98m█[38;2;151;128;82m▓[38;2;121;103;66m▓[38;2;92;78;50m▒[39m        [38;2;66;57;86m⣿[38;2;69;59;89m⣿[38;2;60;53;77m⡿[39m                                                     [38;2;41;39;50m⢰[38;2;42;40;51m⣦[39m                                                                              [38;2;92;78;50m▒[38;2;121;103;66m▓[38;2;151;128;82m▓[38;2;180;153;98m█[38;2;210;179;115m█[39m[48;2;22;21;26m                  
                  [38;2;210;179;115m[48;2;32;31;39m█[38;2;180;153;98m█[38;2;151;128;82m▓[38;2;121;103;66m▓[38;2;92;78;50m▒[39m        [38;2;58;52;75m⣿[38;2;59;53;77m⣿[38;2;52;48;67m⡇[39m                                                     [38;2;42;40;51m⠸⡿[39m                                                         [38;2;51;47;65m⣴[38;2;50;46;63m⣶[38;2;46;43;57m⣦[39m                  [38;2;92;78;50m▒[38;2;121;103;66m▓[38;2;151;128;82m▓[38;2;180;153;98m█[38;2;210;179;115m█[39m[48;2;22;21;26m                  
                  [38;2;210;179;115m[48;2;32;31;39m█[38;2;180;153;98m█[38;2;151;128;82m▓[38;2;121;103;66m▓[38;2;92;78;50m▒[39m        [38;2;54;49;69m⣿⣿[38;2;48;44;60m⡇[39m          [38;2;41;39;49m⣄[39m                                                                                                  [38;2;50;47;64m⢠[38;2;59;53;76m⣶[38;2;64;56;82m⣿[38;2;62;54;79m⣿[38;2;54;50;70m⣿[38;2;47;44;58m⣿[39m     [38;2;44;42;55m⢹[38;2;45;42;56m⣷[39m           [38;2;92;78;50m▒[38;2;121;103;66m▓[38;2;151;128;82m▓[38;2;180;153;98m█[38;2;210;179;115m█[39m[48;2;22;21;26m                  
                  [38;2;210;179;115m[48;2;32;31;39m█[38;2;180;153;98m█[38;2;151;128;82m▓[38;2;121;103;66m▓[38;2;92;78;50m▒[39m        [38;2;50;46;63m⣿[38;2;49;46;62m⣿[39m             [38;2;42;40;51m⢻[38;2;43;41;53m⣷⣆[39m   [38;2;53;48;67m⢀[38;2;64;56;82m⣴[38;2;75;62;96m⣶[38;2;83;66;99m⣶[38;2;79;65;99m⣶[38;2;71;60;91m⣶[38;2;61;54;78m⣤[39m   [38;2;53;49;68m⢀[38;2;60;53;77m⣤[38;2;64;56;82m⣤⣤[38;2;62;55;80m⣤[38;2;63;55;81m⣤[38;2;64;56;82m⣤[38;2;65;57;84m⣤[38;2;64;56;83m⣤[38;2;61;54;79m⣄[38;2;56;51;72m⡀[39m                                               [38;2;51;47;64m⢠[38;2;55;50;71m⣤[38;2;59;52;76m⣤[38;2;60;53;77m⣴[38;2;59;53;76m⣦[38;2;55;50;71m⣄[39m                [38;2;50;46;63m⢰[38;2;58;52;74m⣿[38;2;64;56;83m⣿[38;2;66;57;85m⣿[38;2;61;54;78m⣿[38;2;52;48;67m⡟[39m      [38;2;44;42;54m⠸[38;2;46;43;57m⣿[38;2;45;42;56m⣿[39m          [38;2;92;78;50m▒[38;2;121;103;66m▓[38;2;151;128;82m▓[38;2;180;153;98m█[38;2;210;179;115m█[39m[48;2;22;21;26m                  
                  [38;2;210;179;115m[48;2;32;31;39m█[38;2;180;153;98m█[38;2;151;128;82m▓[38;2;121;103;66m▓[38;2;92;78;50m▒[39m        [38;2;47;44;58m⣿[38;2;45;43;56m⡇[39m              [38;2;43;41;53m⠘[38;2;44;42;55m⢿[38;2;47;44;59m⣿[38;2;54;49;69m⣶[38;2;73;61;94m⣾[38;2;128;88;103m⣿[38;2;166;118;109m⣿[38;2;183;135;116m⣿[38;2;182;134;115m⣿[38;2;170;121;110m⣿[38;2;153;105;103m⣿[38;2;131;90;103m⣿[38;2;104;75;102m⣿[38;2;76;63;98m⣿[38;2;83;66;99m⣿[38;2;111;77;103m⣿[38;2;128;88;103m⣿[38;2;125;85;103m⣿[38;2;107;76;102m⣿[38;2;90;69;100m⣿[38;2;85;67;100m⣿[38;2;89;68;100m⣿[38;2;98;72;101m⣿[38;2;105;75;102m⣿[38;2;112;78;103m⣿[38;2;114;79;103m⣿[38;2;106;75;102m⣿[38;2;84;66;99m⣷[38;2;64;56;83m⣦[39m                       [38;2;60;53;77m⣠[38;2;64;56;83m⣴[38;2;68;58;87m⣶[38;2;70;60;91m⣶[38;2;73;61;94m⣶⣶⣶[38;2;76;63;98m⣶[38;2;87;68;100m⣶[38;2;89;69;100m⣶[38;2;78;64;99m⣤[38;2;68;58;87m⣤[38;2;60;54;78m⣤[38;2;54;49;70m⣄[39m     [38;2;44;42;55m⢠[38;2;50;46;63m⣾[38;2;58;52;74m⣿[38;2;66;57;84m⣿[38;2;73;61;94m⣿[38;2;86;67;100m⣿[38;2;105;75;102m⣿[38;2;112;78;103m⣿[38;2;97;72;101m⣿[38;2;70;59;90m⣦[39m    [38;2;56;51;73m⣀[38;2;61;54;78m⣤[38;2;62;54;79m⣤[38;2;58;52;75m⣄[39m     [38;2;46;43;57m⣸[38;2;51;47;64m⣿[38;2;56;51;73m⣿[38;2;60;53;77m⡿[38;2;57;51;73m⠟[39m         [38;2;44;42;54m⠘[38;2;45;42;56m⢿[39m          [38;2;92;78;50m▒[38;2;121;103;66m▓[38;2;151;128;82m▓[38;2;180;153;98m█[38;2;210;179;115m█[39m[48;2;22;21;26m                  
                  [38;2;210;179;115m[48;2;32;31;39m█[38;2;180;153;98m█[38;2;151;128;82m▓[38;2;121;103;66m▓[38;2;92;78;50m▒[39m        [38;2;45;42;56m⣿[39m                 [38;2;53;48;68m⢹[38;2;86;67;100m⣿[38;2;165;116;108m⣿[38;2;200;153;123m⣿[38;2;212;166;127m⣿[38;2;204;157;124m⣿[38;2;189;141;118m⣿[38;2;174;125;112m⣿[38;2;161;113;106m⣿[38;2;157;109;105m⣿[38;2;156;108;104m⣿[38;2;149;102;102m⣿[38;2;143;98;102m⣿[38;2;143;97;102m⣿[38;2;143;98;102m⣿[38;2;131;89;103m⣿[38;2;108;76;102m⣿[38;2;88;68;100m⣿[38;2;82;66;99m⣿[38;2;86;67;100m⣿[38;2;96;71;101m⣿[38;2;105;75;102m⣿[38;2;114;79;103m⣿[38;2;122;83;103m⣿[38;2;132;90;103m⣿[38;2;140;95;102m⣿[38;2;133;91;102m⣿[38;2;114;78;103m⣿[38;2;99;73;101m⣶[38;2;105;75;102m⣶[38;2;104;74;102m⣾[38;2;82;66;99m⣿[38;2;62;55;80m⣿[38;2;51;47;65m⣿[38;2;45;42;56m⣦[39m   [38;2;42;40;51m⠸[38;2;43;41;53m⣿[38;2;44;42;55m⣿[38;2;45;43;56m⣿[38;2;47;44;59m⣷[38;2;51;47;65m⣶[38;2;55;50;70m⣦[38;2;59;53;76m⣄[38;2;78;64;99m⣠[38;2;127;87;103m⣴[38;2;143;98;102m⣾[38;2;137;94;102m⣿[38;2;106;75;102m⣿[38;2;86;67;100m⣿[38;2;81;65;99m⣿[38;2;86;67;100m⣿[38;2;100;73;101m⣿[38;2;118;81;103m⣿[38;2;139;95;102m⣿[38;2;173;124;111m⣿[38;2;199;152;122m⣿[38;2;205;159;125m⣿[38;2;191;144;119m⣿[38;2;162;114;107m⣿[38;2;138;94;102m⣿[38;2;125;86;103m⣿[38;2;111;77;103m⣿[38;2;86;67;100m⣷[38;2;66;57;85m⣶[38;2;52;48;66m⣴[38;2;46;43;57m⣾[38;2;45;42;56m⡿[38;2;49;46;62m⠿[38;2;56;51;72m⣿[38;2;64;56;82m⣿[38;2;72;60;92m⣿[38;2;85;67;100m⣿[38;2;108;76;102m⣿[38;2;119;81;103m⣿[38;2;115;79;103m⣿[38;2;97;72;101m⣿[38;2;83;66;99m⣿[38;2;90;69;100m⣷[38;2;120;82;103m⣾[38;2;148;101;102m⣿[38;2;164;116;108m⣿[38;2;166;118;109m⣿[38;2;160;113;106m⣿[38;2;149;102;102m⣿[38;2;133;91;102m⣿[38;2;106;75;102m⣿[38;2;74;62;95m⣶[38;2;56;51;73m⣶[38;2;48;45;60m⣾[38;2;46;43;57m⡟[38;2;47;44;59m⠛[39m              [38;2;43;41;53m⡇[39m         [38;2;92;78;50m▒[38;2;121;103;66m▓[38;2;151;128;82m▓[38;2;180;153;98m█[38;2;210;179;115m█[39m[48;2;22;21;26m                  
                  [38;2;210;179;115m[48;2;32;31;39m█[38;2;180;153;98m█[38;2;151;128;82m▓[38;2;121;103;66m▓[38;2;92;78;50m▒[39m       [38;2;60;54;78m⢠[38;2;65;56;84m⣶[39m                 [38;2;59;52;75m⢸[38;2;135;92;102m⣿[38;2;206;159;125m⣿[38;2;227;184;133m⣿[38;2;226;182;133m⣿[38;2;199;152;122m⣿[38;2;172;124;111m⣿[38;2;153;105;103m⣿[38;2;141;97;102m⣿[38;2;149;102;102m⣿[38;2;165;116;108m⣿[38;2;177;129;113m⣿[38;2;180;131;114m⣿[38;2;169;121;110m⣿[38;2;148;101;102m⣿[38;2;115;79;103m⡿[38;2;77;64;99m⠏[39m    [38;2;73;61;93m⠈[38;2;85;67;100m⠻[38;2;104;74;102m⢿[38;2;127;87;103m⣿[38;2;154;107;104m⣿[38;2;166;118;109m⣿[38;2;161;113;107m⣿[38;2;149;102;102m⣿[38;2;137;94;102m⣿[38;2;128;87;103m⣿[38;2;98;72;101m⣿[38;2;66;57;85m⣿[38;2;52;48;66m⣿[38;2;45;42;56m⠇[39m       [38;2;47;44;59m⠻[38;2;53;49;68m⣿[38;2;62;55;80m⣿[38;2;92;70;100m⣿[38;2;159;111;106m⣿[38;2;196;148;121m⣿[38;2;198;150;122m⣿[38;2;172;124;111m⣿[38;2;117;80;103m⣿[38;2;85;67;100m⣿[38;2;77;64;99m⣿[38;2;81;65;99m⣿[38;2;98;72;101m⣿[38;2;120;82;103m⣿[38;2;150;103;102m⣿[38;2;192;144;119m⣿[38;2;222;177;131m⣿[38;2;228;186;134m⣿[38;2;215;170;128m⣿[38;2;184;136;116m⣿[38;2;157;109;105m⣿[38;2;144;99;102m⣿[38;2;139;95;102m⣿[38;2;134;91;102m⣿[38;2;116;79;103m⣿[38;2;77;64;99m⣿[38;2;54;49;69m⣇[39m     [38;2;65;56;83m⠘[38;2;82;66;99m⠻[38;2;101;73;102m⢿[38;2;108;76;102m⣿[38;2;118;81;103m⣿[38;2;148;101;102m⣿[38;2;177;128;113m⣿[38;2;196;149;121m⣿[38;2;201;154;123m⣿[38;2;197;149;121m⣿[38;2;184;136;116m⣿[38;2;171;122;110m⣿[38;2;159;111;106m⣿[38;2;156;109;105m⣿[38;2;152;105;103m⣿[38;2;136;93;102m⣿[38;2;97;72;101m⣿[38;2;60;54;78m⣿[39m               [38;2;44;41;54m⢸[38;2;43;41;53m⡟[39m         [38;2;92;78;50m▒[38;2;121;103;66m▓[38;2;151;128;82m▓[38;2;180;153;98m█[38;2;210;179;115m█[39m[48;2;22;21;26m                  
                  [38;2;210;179;115m[48;2;32;31;39m█[38;2;180;153;98m█[38;2;151;128;82m▓[38;2;121;103;66m▓[38;2;92;78;50m▒[39m      [38;2;57;51;74m⢠[38;2;111;77;103m⣾[38;2;128;88;103m⣿[38;2;115;79;103m⣿[38;2;60;53;78m⡆[39m               [38;2;63;55;81m⢸[38;2;150;103;102m⣿[38;2;215;169;128m⣿[38;2;225;182;133m⣿[38;2;208;162;126m⣿[38;2;132;90;103m⣿[38;2;63;55;81m⠃[39m  [38;2;84;67;99m⢻[38;2;138;94;102m⣿[38;2;175;126;112m⣿[38;2;187;139;117m⣿[38;2;178;129;113m⣿[38;2;142;97;102m⣿[38;2;77;64;99m⣧[39m        [38;2;72;61;92m⠸[38;2;141;96;102m⣿[38;2;180;131;114m⣿[38;2;185;137;116m⣿[38;2;172;124;111m⣿[38;2;147;100;102m⣿[38;2;126;86;103m⣿[38;2;90;69;100m⣿[38;2;60;53;77m⡟[39m          [38;2;52;48;66m⠸[38;2;67;58;86m⢿[38;2;123;84;103m⣿[38;2;182;133;115m⣿[38;2;210;164;126m⣿[38;2;205;158;124m⣿[38;2;169;121;110m⣿[38;2;93;70;101m⡿[38;2;61;54;78m⠃[39m  [38;2;61;54;78m⠈[38;2;78;64;99m⢻[38;2;127;87;103m⣿[38;2;183;134;116m⣿[38;2;219;174;130m⣿[38;2;229;188;135m⣿[38;2;219;174;130m⣿[38;2;187;139;117m⣿[38;2;153;106;103m⣿[38;2;135;92;102m⣿[38;2;136;93;102m⣿[38;2;148;101;102m⣿[38;2;144;98;102m⣿[38;2;118;81;103m⣿[38;2;67;57;86m⣿[39m        [38;2;70;60;90m⢸[38;2;143;98;102m⣿[38;2;198;151;122m⣿[38;2;221;176;130m⣿[38;2;224;180;132m⣿[38;2;211;165;127m⣿[38;2;195;147;121m⣿[38;2;177;128;113m⣿[38;2;159;111;106m⣿[38;2;149;102;102m⣿[38;2;154;106;104m⣿[38;2;168;119;109m⣿[38;2;170;121;110m⣿[38;2;148;101;102m⣿[38;2;90;69;100m⣿[38;2;51;47;65m⡇[39m              [38;2;43;41;53m⠸[39m          [38;2;92;78;50m▒[38;2;121;103;66m▓[38;2;151;128;82m▓[38;2;180;153;98m█[38;2;210;179;115m█[39m[48;2;22;21;26m                  
                  [38;2;210;179;115m[48;2;32;31;39m█[38;2;180;153;98m█[38;2;151;128;82m▓[38;2;121;103;66m▓[38;2;92;78;50m▒[39m      [38;2;62;55;80m⢸[38;2;129;88;103m⣿[38;2;151;103;102m⣿[38;2;139;95;102m⣿[38;2;74;62;95m⣿[39m               [38;2;62;55;80m⣼[38;2;132;90;103m⣿[38;2;189;141;118m⣿[38;2;193;146;120m⣿[38;2;167;119;109m⣿[38;2;73;61;94m⡇[39m    [38;2;72;61;93m⢹[38;2;134;92;102m⣿[38;2;170;122;110m⣿[38;2;180;131;114m⣿[38;2;167;119;109m⣿[38;2;132;90;103m⣿[38;2;79;64;99m⣧[39m        [38;2;126;86;103m⣿[38;2;178;129;114m⣿[38;2;186;138;117m⣿[38;2;164;116;108m⣿[38;2;104;75;102m⣿[38;2;68;58;88m⡿[39m             [38;2;59;53;76m⢸[38;2;120;82;103m⣿[38;2;174;125;112m⣿[38;2;191;143;119m⣿[38;2;172;123;111m⣿[38;2;113;78;103m⡿[39m      [38;2;60;53;78m⠸[38;2;112;78;103m⢿[38;2;160;112;106m⣿[38;2;184;135;116m⣿[38;2;183;135;116m⣿[38;2;159;111;106m⣿[38;2;117;80;103m⣿[38;2;73;61;93m⡏[38;2;79;64;99m⠹[38;2;131;89;103m⣿[38;2;148;101;102m⣿[38;2;135;92;102m⣿[38;2;75;63;97m⣿[39m       [38;2;58;52;75m⢠[38;2;98;72;101m⣾[38;2;165;117;108m⣿[38;2;208;162;126m⣿[38;2;223;178;131m⣿[38;2;214;168;128m⣿[38;2;182;133;115m⣿[38;2;134;92;102m⣿[38;2;81;65;99m⠟[39m  [38;2;89;68;100m⢹[38;2;158;110;105m⣿[38;2;182;134;115m⣿[38;2;175;126;112m⣿[38;2;126;86;103m⣿[38;2;62;54;80m⣷[39m                         [38;2;92;78;50m▒[38;2;121;103;66m▓[38;2;151;128;82m▓[38;2;180;153;98m█[38;2;210;179;115m█[39m[48;2;22;21;26m                  
                  [38;2;210;179;115m[48;2;32;31;39m█[38;2;180;153;98m█[38;2;151;128;82m▓[38;2;121;103;66m▓[38;2;92;78;50m▒[39m      [38;2;58;52;75m⢸[38;2;114;78;103m⣿[38;2;138;95;102m⣿[38;2;132;90;103m⣿[38;2;82;66;99m⣿[38;2;58;52;74m⣇[39m            [38;2;44;41;54m⢠[38;2;48;44;60m⣾[38;2;56;51;72m⣿[38;2;80;65;99m⣿[38;2;130;88;103m⣿[38;2;138;94;102m⣿[38;2;121;83;103m⣿[38;2;72;61;92m⣿[38;2;57;51;73m⡆[39m    [38;2;73;62;95m⢸[38;2;129;88;103m⣿[38;2;161;113;107m⣿[38;2;174;125;112m⣿[38;2;169;120;110m⣿[38;2;151;104;102m⣿[38;2;118;81;103m⣷[38;2;75;62;96m⣦[39m    [38;2;71;60;91m⣠[38;2;130;89;103m⣾[38;2;180;132;115m⣿[38;2;201;154;123m⣿[38;2;189;141;118m⣿[38;2;146;100;102m⣿[38;2;70;59;90m⣿[39m              [38;2;55;50;70m⢸[38;2;99;73;101m⣿[38;2;134;91;102m⣿[38;2;133;91;102m⣿[38;2;90;69;100m⣿[39m        [38;2;60;53;78m⢸[38;2;91;69;100m⣿[38;2;134;92;102m⣿[38;2;156;109;105m⣿[38;2;156;108;105m⣿[38;2;135;92;102m⣿[38;2;94;71;101m⣷[38;2;73;62;95m⣤[38;2;107;76;102m⣿[38;2;127;87;103m⣿[38;2;121;83;103m⣿[38;2;72;61;93m⣿[39m      [38;2;70;60;90m⢰[38;2;106;75;102m⣾[38;2;140;96;102m⣿[38;2;173;124;111m⣿[38;2;197;150;121m⣿[38;2;198;151;122m⣿[38;2;172;123;111m⣿[38;2;107;76;102m⡿[39m    [38;2;73;61;94m⢸[38;2;160;113;106m⣿[38;2;190;142;119m⣿[38;2;186;137;117m⣿[38;2;140;96;102m⣿[38;2;71;60;91m⣿[38;2;56;51;72m⣷[38;2;52;48;66m⣦[38;2;54;50;70m⣴[38;2;59;53;76m⣶[38;2;65;56;83m⣶[38;2;72;61;92m⣶[38;2;83;66;99m⣶[38;2;98;72;101m⣶[38;2;106;75;102m⣾[38;2;109;76;103m⣿[38;2;110;77;103m⣿[38;2;111;77;103m⣿[38;2;106;75;102m⣿[38;2;84;67;99m⣿[38;2;63;55;82m⣧[39m          [38;2;92;78;50m▒[38;2;121;103;66m▓[38;2;151;128;82m▓[38;2;180;153;98m█[38;2;210;179;115m█[39m[48;2;22;21;26m                  
                  [38;2;210;179;115m[48;2;32;31;39m█[38;2;180;153;98m█[38;2;151;128;82m▓[38;2;121;103;66m▓[38;2;92;78;50m▒[39m       [38;2;62;54;80m⢹[38;2;75;63;97m⣿[38;2;80;65;99m⣿[38;2;74;62;96m⣿[38;2;77;64;99m⣿[38;2;101;73;102m⣿[38;2;126;86;103m⣿[38;2;133;91;102m⣿[38;2;113;78;103m⣷[38;2;71;60;92m⣆[39m       [38;2;44;42;54m⢿[38;2;46;43;58m⡿[38;2;48;45;61m⠟[38;2;51;47;64m⠉[38;2;60;54;78m⠻[38;2;70;60;90m⣿[38;2;76;63;98m⣿[38;2;77;64;99m⣿[38;2;81;65;99m⣿[38;2;91;69;100m⣿[38;2;97;72;101m⣷[38;2;96;71;101m⣶[38;2;91;69;100m⣶[38;2;89;69;100m⣾[38;2;107;76;102m⣿[38;2;136;93;102m⣿[38;2;163;115;107m⣿[38;2;179;130;114m⣿[38;2;184;136;116m⣿[38;2;179;131;114m⣿[38;2;170;122;110m⣿[38;2;162;114;107m⣿[38;2;167;118;109m⣿[38;2;175;126;112m⣿[38;2;184;135;116m⣿[38;2;194;147;120m⣿[38;2;210;164;126m⣿[38;2;220;175;130m⣿[38;2;212;166;127m⣿[38;2;179;131;114m⣿[38;2;118;81;103m⣿[38;2;59;53;76m⡇[39m              [38;2;49;45;61m⠸[38;2;72;61;93m⣿[38;2;102;74;102m⣿[38;2;108;76;102m⣿[38;2;80;65;99m⣿[38;2;62;55;80m⣄[38;2;63;55;81m⣀[38;2;87;68;100m⣤[38;2;122;83;103m⣶[38;2;130;89;103m⣶[38;2;113;78;103m⣦[38;2;73;61;94m⣤[38;2;55;50;71m⣰[38;2;50;46;64m⣾[38;2;56;51;72m⣿[38;2;76;63;98m⣿[38;2;121;83;103m⣿[38;2;148;101;102m⣿[38;2;160;112;106m⣿⣿[38;2;154;107;104m⣿[38;2;150;103;102m⣿[38;2;135;93;102m⣿[38;2;113;78;103m⣿[38;2;73;61;94m⣿[39m   [38;2;65;56;84m⢀[38;2;81;65;99m⣴[38;2;114;78;103m⣾[38;2;135;92;102m⣿[38;2;145;99;102m⣿[38;2;148;101;102m⣿[38;2;146;99;102m⣿[38;2;143;97;102m⣿[38;2;130;89;103m⣿[38;2;107;76;102m⣿[38;2;73;62;95m⣷[38;2;59;53;76m⡄[39m  [38;2;65;56;83m⣠[38;2;113;78;103m⣾[38;2;169;120;110m⣿[38;2;185;137;117m⣿[38;2;172;123;111m⣿[38;2;121;83;103m⣿[38;2;67;58;86m⣿[38;2;57;51;73m⣿[38;2;55;50;71m⣿[38;2;60;54;78m⣿[38;2;68;59;88m⣿[38;2;79;65;99m⣿[38;2;101;73;102m⣿[38;2;124;85;103m⣿[38;2;142;97;102m⣿[38;2;151;104;103m⣿[38;2;151;104;102m⣿[38;2;146;100;102m⣿[38;2;142;97;102m⣿[38;2;141;96;102m⣿[38;2;127;87;103m⣿[38;2;95;71;101m⣿[38;2;62;54;80m⣿[39m         [38;2;92;78;50m▒[38;2;121;103;66m▓[38;2;151;128;82m▓[38;2;180;153;98m█[38;2;210;179;115m█[39m[48;2;22;21;26m                  
                  [38;2;210;179;115m[48;2;32;31;39m█[38;2;180;153;98m█[38;2;151;128;82m▓[38;2;121;103;66m▓[38;2;92;78;50m▒[39m         [38;2;54;49;69m⢻[38;2;63;55;81m⣿[38;2;78;64;99m⣿[38;2;112;78;103m⣿[38;2;138;95;102m⣿[38;2;146;100;102m⣿[38;2;125;85;103m⣿[38;2;76;63;98m⣿[39m  [38;2;40;39;49m⠘⠋[39m        [38;2;50;47;64m⠘[38;2;60;53;77m⢿[38;2;70;60;90m⣿[38;2;82;66;99m⣿[38;2;99;73;101m⣿[38;2;112;78;103m⣿[38;2;115;79;103m⣿[38;2;110;77;103m⣿[38;2;100;73;101m⣿[38;2;95;71;101m⣿[38;2;101;73;102m⣿[38;2;125;85;103m⣿[38;2;154;107;104m⣿[38;2;175;126;112m⣿[38;2;183;135;116m⣿[38;2;184;136;116m⣿[38;2;187;139;117m⣿[38;2;200;153;123m⣿[38;2;210;164;126m⣿[38;2;214;168;128m⣿[38;2;214;169;128m⣿[38;2;219;174;130m⣿[38;2;217;172;129m⣿[38;2;198;151;122m⣿[38;2;154;107;104m⣿[38;2;87;68;100m⣿[38;2;61;54;79m⣷[38;2;52;48;66m⣆[39m              [38;2;59;52;76m⢹[38;2;78;64;99m⣿[38;2;98;72;101m⣿[38;2;102;74;102m⣿[38;2;117;80;103m⣿[38;2;157;109;105m⣿[38;2;196;148;121m⣿[38;2;218;173;129m⣿[38;2;214;169;128m⣿[38;2;186;138;117m⣿[38;2;121;82;103m⣿[38;2;62;55;80m⣿[38;2;48;45;60m⡿[38;2;47;44;59m⠛[38;2;52;48;66m⠻[38;2;70;59;90m⢿[38;2;114;78;103m⣿[38;2;147;101;102m⣿[38;2;164;116;108m⣿[38;2;168;120;109m⣿[38;2;163;115;108m⣿[38;2;151;104;103m⣿[38;2;138;94;102m⣿[38;2;127;87;103m⣿[38;2;121;83;103m⣿[38;2;118;80;103m⣿[38;2;118;81;103m⣿[38;2;123;84;103m⣿[38;2;129;88;103m⣿[38;2;137;94;102m⣿[38;2;143;97;102m⣿[38;2;138;94;102m⣿[38;2;119;81;103m⣿[38;2;87;68;100m⣿[38;2;74;62;95m⣿[38;2;76;63;97m⣿[38;2;78;64;99m⣿[38;2;74;62;95m⣿[38;2;74;62;96m⣿[38;2;82;66;99m⣿[38;2;88;68;100m⣿[38;2;93;70;101m⣿[38;2;123;84;103m⣿[38;2;155;107;104m⣿[38;2;159;111;106m⣿[38;2;134;91;102m⣿[38;2;75;63;97m⡿[38;2;55;50;71m⠟[38;2;52;47;66m⠛[38;2;52;48;67m⠻[38;2;58;52;75m⢿[38;2;66;57;85m⣿[38;2;76;63;98m⣿[38;2;97;72;101m⣿[38;2;123;84;103m⣿[38;2;143;98;102m⣿[38;2;155;107;104m⣿[38;2;155;108;104m⣿[38;2;150;103;102m⣿[38;2;145;99;102m⣿⣿[38;2;137;94;102m⣿[38;2;115;79;103m⣿[38;2;73;61;94m⣿[38;2;52;48;66m⣷[39m        [38;2;92;78;50m▒[38;2;121;103;66m▓[38;2;151;128;82m▓[38;2;180;153;98m█[38;2;210;179;115m█[39m[48;2;22;21;26m                  
                  [38;2;210;179;115m[48;2;32;31;39m█[38;2;180;153;98m█[38;2;151;128;82m▓[38;2;121;103;66m▓[38;2;92;78;50m▒[39m          [38;2;51;47;65m⠘[38;2;67;58;86m⢻[38;2;97;72;101m⣿[38;2;128;87;103m⣿[38;2;137;94;102m⣿[38;2;117;80;103m⣿[38;2;73;61;94m⡟[39m               [38;2;67;58;87m⠻[38;2;84;67;99m⣿[38;2;102;74;102m⣿[38;2;108;76;102m⣿[38;2;104;74;102m⣿[38;2;93;70;101m⣿[38;2;81;65;99m⣿[38;2;74;62;96m⣿[38;2;75;63;97m⣿[38;2;97;72;101m⣿[38;2;130;89;103m⣿[38;2;154;107;104m⣿[38;2;169;121;110m⣿[38;2;181;133;115m⣿[38;2;198;151;122m⣿[38;2;208;162;126m⣿[38;2;211;165;127m⣿[38;2;207;161;125m⣿[38;2;199;152;122m⣿[38;2;180;132;115m⣿[38;2;144;98;102m⣿[38;2;87;68;100m⣿[38;2;65;56;83m⣿[38;2;59;53;76m⣿[38;2;55;50;71m⣿[38;2;51;47;65m⣿[38;2;47;44;58m⣦[39m             [38;2;61;54;79m⢿[38;2;76;63;98m⣿[38;2;99;72;101m⣿[38;2;129;88;103m⣿[38;2;171;122;111m⣿[38;2;207;161;125m⣿[38;2;226;183;133m⣿[38;2;221;176;130m⣿[38;2;190;142;119m⣿[38;2;122;84;103m⣿[38;2;60;53;78m⠇[39m    [38;2;63;55;81m⠘[38;2;99;73;101m⢿[38;2;138;94;102m⣿[38;2;155;107;104m⣿[38;2;154;106;104m⣿[38;2;143;98;102m⣿[38;2;133;91;102m⣿[38;2;130;89;103m⣿[38;2;128;88;103m⣿[38;2;125;86;103m⣿[38;2;125;85;103m⣿[38;2;126;86;103m⣿[38;2;128;88;103m⣿[38;2;129;88;103m⣿[38;2;120;82;103m⣿[38;2;93;70;101m⡿[38;2;65;56;83m⠃[39m  [38;2;55;50;71m⠘[38;2;63;55;81m⠻[38;2;67;58;86m⣿[38;2;74;62;95m⣿[38;2;84;67;99m⣿[38;2;91;69;100m⣿⣿[38;2;101;73;102m⣿[38;2;106;75;102m⣿[38;2;91;69;100m⡿[38;2;64;56;83m⠋[39m       [38;2;62;55;80m⠈[38;2;73;62;95m⠙[38;2;94;70;101m⢿[38;2;111;77;103m⣿[38;2;116;79;103m⣿[38;2;113;78;103m⣿⣿[38;2;123;84;103m⣿[38;2;125;85;103m⣿[38;2;110;77;103m⣿[38;2;73;61;94m⣿[38;2;52;48;67m⡿[39m        [38;2;92;78;50m▒[38;2;121;103;66m▓[38;2;151;128;82m▓[38;2;180;153;98m█[38;2;210;179;115m█[39m[48;2;22;21;26m                  
                  [38;2;210;179;115m[48;2;32;31;39m█[38;2;180;153;98m█[38;2;151;128;82m▓[38;2;121;103;66m▓[38;2;92;78;50m▒[39m                                           [38;2;61;54;79m⠙[38;2;73;62;94m⠻[38;2;101;73;102m⠿[38;2;131;90;103m⣿[38;2;145;99;102m⣿[38;2;141;96;102m⣿[38;2;119;81;103m⡿[38;2;85;67;100m⠿[38;2;65;56;84m⠟[39m  [38;2;51;47;64m⠈[38;2;53;49;68m⠻⢿[38;2;51;47;65m⣿[38;2;47;44;59m⣿[38;2;44;41;54m⣧⣠[38;2;46;43;58m⣴[38;2;50;46;63m⣶[38;2;50;46;64m⣶[38;2;48;44;60m⣦[38;2;43;41;53m⡄[39m      [38;2;45;43;56m⠈[38;2;54;50;70m⢿[38;2;71;60;91m⣿[38;2;112;78;103m⣿[38;2;159;112;106m⣿[38;2;193;145;120m⣿[38;2;209;162;126m⣿[38;2;197;150;122m⣿[38;2;160;112;106m⣿[38;2;79;65;99m⠇[39m        [38;2;69;59;89m⠻[38;2;84;67;99m⠿[38;2;99;72;101m⠿[38;2;109;76;103m⣿[38;2;115;79;103m⣿[38;2;117;80;103m⣿[38;2;112;78;103m⣿[38;2;107;76;102m⣿[38;2;98;72;101m⣿[38;2;81;65;99m⠿[38;2;66;57;85m⠟[39m        [38;2;58;52;75m⠈[38;2;67;58;87m⠛[38;2;71;60;91m⠿[38;2;66;57;85m⠿[38;2;57;52;74m⠋[39m             [38;2;54;49;69m⠘[38;2;60;54;78m⢿[38;2;66;57;85m⣿[38;2;72;61;92m⣿[38;2;80;65;99m⣿[38;2;84;66;99m⣿[38;2;74;62;96m⣿[38;2;60;54;78m⣿[39m         [38;2;92;78;50m▒[38;2;121;103;66m▓[38;2;151;128;82m▓[38;2;180;153;98m█[38;2;210;179;115m█[39m[48;2;22;21;26m                  
                  [38;2;210;179;115m[48;2;32;31;39m█[38;2;180;153;98m█[38;2;151;128;82m▓[38;2;121;103;66m▓[38;2;92;78;50m▒[39m                                                            [38;2;43;41;53m⠘[38;2;46;43;58m⢻[38;2;50;46;64m⣿[38;2;51;47;65m⣿[38;2;49;45;61m⣿[38;2;45;42;55m⣿[39m         [38;2;56;51;72m⠙[38;2;67;58;87m⠿[38;2;76;63;98m⠿[38;2;77;64;99m⠿[38;2;67;58;87m⠋[39m                                                 [38;2;50;46;63m⠈[38;2;58;52;75m⠻[38;2;65;56;84m⠿[38;2;64;56;83m⠿[38;2;57;51;73m⠟[39m          [38;2;92;78;50m▒[38;2;121;103;66m▓[38;2;151;128;82m▓[38;2;180;153;98m█[38;2;210;179;115m█[39m[48;2;22;21;26m                  
                  [38;2;210;179;115m[48;2;32;31;39m█[38;2;180;153;98m█[38;2;151;128;82m▓[38;2;121;103;66m▓[38;2;92;78;50m▒[39m                                                                [38;2;46;43;57m⠈[39m                                                                               [38;2;92;78;50m▒[38;2;121;103;66m▓[38;2;151;128;82m▓[38;2;180;153;98m█[38;2;210;179;115m█[39m[48;2;22;21;26m                  
                  [38;2;210;179;115m[48;2;32;31;39m█[38;2;180;153;98m█[38;2;151;128;82m▓[38;2;121;103;66m▓[38;2;92;78;50m▒[39m                                                                                                                                                [38;2;92;78;50m▒[38;2;121;103;66m▓[38;2;151;128;82m▓[38;2;180;153;98m█[38;2;210;179;115m█[39m[48;2;22;21;26m                  
                  [38;2;210;179;115m[48;2;32;31;39m█[38;2;180;153;98m█[38;2;151;128;82m▓[38;2;121;103;66m▓[38;2;92;78;50m▒[39m                                                                                                                                                [38;2;92;78;50m▒[38;2;121;103;66m▓[38;2;151;128;82m▓[38;2;180;153;98m█[38;2;210;179;115m█[39m[48;2;22;21;26m                  
                  [38;2;210;179;115m[48;2;32;31;39m█[38;2;180;153;98m█[38;2;151;128;82m▓[38;2;121;103;66m▓[38;2;92;78;50m▒[39m                                                                                                                                                [38;2;92;78;50m▒[38;2;121;103;66m▓[38;2;151;128;82m▓[38;2;180;153;98m█[38;2;210;179;115m█[39m[48;2;22;21;26m                  
                  [38;2;210;179;115m[48;2;32;31;39m█[38;2;180;153;98m█[38;2;151;128;82m▓[38;2;121;103;66m▓[38;2;92;78;50m▒[39m                                                                                                                                                [38;2;92;78;50m▒[38;2;121;103;66m▓[38;2;151;128;82m▓[38;2;180;153;98m█[38;2;210;179;115m█[39m[48;2;22;21;26m                  
                  [38;2;210;179;115m[48;2;32;31;39m█[38;2;180;153;98m█[38;2;151;128;82m▓[38;2;121;103;66m▓[38;2;92;78;50m▒[39m                                                                                                                 [38;2;42;40;51m⣦[39m                              [38;2;92;78;50m▒[38;2;121;103;66m▓[38;2;151;128;82m▓[38;2;180;153;98m█[38;2;210;179;115m█[39m[48;2;22;21;26m                  
                  [38;2;210;179;115m[48;2;32;31;39m█[38;2;180;153;98m█[38;2;151;128;82m▓[38;2;121;103;66m▓[38;2;92;78;50m▒[39m                                                                                                                 [38;2;43;41;53m⣿[39m                              [38;2;92;78;50m▒[38;2;121;103;66m▓[38;2;151;128;82m▓[38;2;180;153;98m█[38;2;210;179;115m█[39m[48;2;22;21;26m                  
                  [38;2;210;179;115m[48;2;32;31;39m█[38;2;180;153;98m█[38;2;151;128;82m▓[38;2;121;103;66m▓[38;2;92;78;50m▒[39m                                                                                                                 [38;2;42;40;52m⢸[39m                              [38;2;92;78;50m▒[38;2;121;103;66m▓[38;2;151;128;82m▓[38;2;180;153;98m█[38;2;210;179;115m█[39m[48;2;22;21;26m                  
                  [38;2;210;179;115m[48;2;32;31;39m█[38;2;180;153;98m█[38;2;151;128;82m▓[38;2;121;103;66m▓[38;2;92;78;50m▒[39m                                                                                                                                                [38;2;92;78;50m▒[38;2;121;103;66m▓[38;2;151;128;82m▓[38;2;180;153;98m█[38;2;210;179;115m█[39m[48;2;22;21;26m                  
                  [38;2;210;179;115m[48;2;32;31;39m█[38;2;180;153;98m█[38;2;151;128;82m▓[38;2;121;103;66m▓[38;2;92;78;50m▒[39m                                                                                                                                                [38;2;92;78;50m▒[38;2;121;103;66m▓[38;2;151;128;82m▓[38;2;180;153;98m█[38;2;210;179;115m█[39m[48;2;22;21;26m                  
                  [38;2;210;179;115m[48;2;32;31;39m█[38;2;180;153;98m█[38;2;151;128;82m▓[38;2;121;103;66m▓[38;2;92;78;50m▒[39m                                                                                                                                   [38;2;43;41;52m⢸[38;2;44;41;54m⣷[39m           [38;2;92;78;50m▒[38;2;121;103;66m▓[38;2;151;128;82m▓[38;2;180;153;98m█[38;2;210;179;115m█[39m[48;2;22;21;26m                  
                  [38;2;210;179;115m[48;2;32;31;39m█[38;2;180;153;98m█[38;2;151;128;82m▓[38;2;121;103;66m▓[38;2;92;78;50m▒[39m                                                                                                                                    [38;2;44;42;54m⢿[38;2;43;41;53m⣷[39m          [38;2;92;78;50m▒[38;2;121;103;66m▓[38;2;151;128;82m▓[38;2;180;153;98m█[38;2;210;179;115m█[39m[48;2;22;21;26m                  
                  [38;2;210;179;115m[48;2;32;31;39m█[38;2;180;153;98m█[38;2;151;128;82m▓[38;2;121;103;66m▓[38;2;92;78;50m▒[39m                                                                                                                                                [38;2;92;78;50m▒[38;2;121;103;66m▓[38;2;151;128;82m▓[38;2;180;153;98m█[38;2;210;179;115m█[39m[48;2;22;21;26m                  
                  [38;2;210;179;115m[48;2;32;31;39m█[38;2;180;153;98m█[38;2;151;128;82m▓[38;2;121;103;66m▓[38;2;92;78;50m▒[39m                                                                                                                                                [38;2;92;78;50m▒[38;2;121;103;66m▓[38;2;151;128;82m▓[38;2;180;153;98m█[38;2;210;179;115m█[39m[48;2;22;21;26m                  
                  [38;2;210;179;115m[48;2;32;31;39m█[38;2;180;153;98m█[38;2;151;128;82m▓[38;2;121;103;66m▓[38;2;92;78;50m▒[39m      [38;2;40;39;49m⠘[38;2;41;39;49m⠋[38;2;40;39;49m⠈[39m                           [38;2;41;39;50m⢰[38;2;42;40;52m⣶[38;2;42;40;51m⣾[39m                                                                                                         [38;2;92;78;50m▒[38;2;121;103;66m▓[38;2;151;128;82m▓[38;2;180;153;98m█[38;2;210;179;115m█[39m[48;2;22;21;26m                  
                  [38;2;210;179;115m[48;2;32;31;39m█[38;2;180;153;98m█[38;2;151;128;82m▓[38;2;121;103;66m▓[38;2;92;78;50m▒[39m                                                                                                                                                [38;2;92;78;50m▒[38;2;121;103;66m▓[38;2;151;128;82m▓[38;2;180;153;98m█[38;2;210;179;115m█[39m[48;2;22;21;26m                  
                  [38;2;210;179;115m[48;2;32;31;39m█[38;2;180;153;98m█[38;2;151;128;82m▓[38;2;121;103;66m▓[38;2;92;78;50m▒[39m                                                                                                                                                [38;2;92;78;50m▒[38;2;121;103;66m▓[38;2;151;128;82m▓[38;2;180;153;98m█[38;2;210;179;115m█[39m[48;2;22;21;26m                  
                  [38;2;210;179;115m[48;2;32;31;39m█[38;2;180;153;98m█[38;2;151;128;82m▓[38;2;121;103;66m▓[38;2;92;78;50m▒[39m                                                                                                                                                [38;2;92;78;50m▒[38;2;121;103;66m▓[38;2;151;128;82m▓[38;2;180;153;98m█[38;2;210;179;115m█[39m[48;2;22;21;26m                  
                  [38;2;210;179;115m[48;2;32;31;39m█[38;2;180;153;98m█[38;2;151;128;82m▓[38;2;121;103;66m▓[38;2;92;78;50m▒[39m                                                                                                                                                [38;2;92;78;50m▒[38;2;121;103;66m▓[38;2;151;128;82m▓[38;2;180;153;98m█[38;2;210;179;115m█[39m[48;2;22;21;26m                  
                  [38;2;210;179;115m[48;2;32;31;39m█[38;2;180;153;98m█[38;2;151;128;82m▓[38;2;121;103;66m▓[38;2;92;78;50m▒[39m                                                                                                                                                [38;2;92;78;50m▒[38;2;121;103;66m▓[38;2;151;128;82m▓[38;2;180;153;98m█[38;2;210;179;115m█[39m[48;2;22;21;26m                  
                  [38;2;210;179;115m[48;2;32;31;39m█[38;2;180;153;98m█[38;2;151;128;82m▓[38;2;121;103;66m▓[38;2;92;78;50m▒[39m                                                                                                                                                [38;2;92;78;50m▒[38;2;121;103;66m▓[38;2;151;128;82m▓[38;2;180;153;98m█[38;2;210;179;115m█[39m[48;2;22;21;26m                  
                  [38;2;210;179;115m[48;2;32;31;39m█[38;2;180;153;98m█[38;2;151;128;82m▓[38;2;136;116;74m▓▓▓▓▓▓▓▓▓▓▓▓▓▓▓▓▓▓▓▓▓▓▓▓▓▓▓▓▓▓▓▓▓▓▓▓▓▓▓▓▓▓▓▓▓▓▓▓▓▓▓▓▓▓▓▓▓▓▓▓▓▓▓▓▓▓▓▓▓▓▓▓▓▓▓▓▓▓▓▓▓▓▓▓▓▓▓▓▓▓▓▓▓▓▓▓▓▓▓▓▓▓▓▓▓▓▓▓▓▓▓▓▓▓▓▓▓▓▓▓▓▓▓▓▓▓▓▓▓▓▓▓▓▓▓▓▓▓▓▓▓▓▓▓▓▓▓▓[38;2;151;128;82m▓[38;2;180;153;98m█[38;2;210;179;115m█[39m[48;2;22;21;26m                  
                  [38;2;210;179;115m[48;2;32;31;39m██████████████████████████████████████████████████████████████████████████████████████████████████████████████████████████████████████████████████████████[39m[48;2;22;21;26m                  
                                                                                                                                                                                              
                                                                                                                                                                                              
