[48;2;20;22;28m                                                                                                                                                                                              
                                                                                                                                                                                              
                  [38;2;117;109;134m[48;2;30;32;40m██████████████████████████████████████████████████████████████████████████████████████████████████████████████████████████████████████████████████████████[39m[48;2;20;22;28m                  
                  [38;2;117;109;134m[48;2;30;32;40m█[38;2;100;93;115m█[38;2;84;78;96m▓[38;2;76;70;87m▓▓▓▓▓▓▓▓▓▓▓▓▓▓▓▓▓▓▓▓▓▓▓▓▓▓▓▓▓▓▓▓▓▓▓▓▓▓▓▓▓▓▓▓▓▓▓▓▓▓▓▓▓▓▓▓▓▓▓▓▓▓▓▓▓▓▓▓▓▓▓▓▓▓▓▓▓▓▓▓▓▓▓▓▓▓▓▓▓▓▓▓▓▓▓▓▓▓▓▓▓▓▓▓▓▓▓▓▓▓▓▓▓▓▓▓▓▓▓▓▓▓▓▓▓▓▓▓▓▓▓▓▓▓▓▓▓▓▓▓▓▓▓▓▓▓▓▓[38;2;84;78;96m▓[38;2;100;93;115m█[38;2;117;109;134m█[39m[48;2;20;22;28m                  
                  [38;2;117;109;134m[48;2;30;32;40m█[38;2;100;93;115m█[38;2;84;78;96m▓[38;2;67;63;77m▓[38;2;51;47;58m▒[38;2;45;45;82m⡏[38;2;45;45;83m⢰[38;2;45;46;83m⣇[39m                                                                                                                                             [38;2;51;47;58m▒[38;2;67;63;77m▓[38;2;84;78;96m▓[38;2;100;93;115m█[38;2;117;109;134m█[39m[48;2;20;22;28m                  
                  [38;2;117;109;134m[48;2;30;32;40m█[38;2;100;93;115m█[38;2;84;78;96m▓[38;2;67;63;77m▓[38;2;51;47;58m▒[38;2;45;44;81m⣀[38;2;45;46;83m⣿[38;2;45;48;86m⣿⣿[39m                                                                                                                                            [38;2;51;47;58m▒[38;2;67;63;77m▓[38;2;84;78;96m▓[38;2;100;93;115m█[38;2;117;109;134m█[39m[48;2;20;22;28m                  
                  [38;2;117;109;134m[48;2;30;32;40m█[38;2;100;93;115m█[38;2;84;78;96m▓[38;2;67;63;77m▓[38;2;51;47;58m▒[38;2;45;43;79m⠈[38;2;45;45;82m⠸[38;2;45;49;89m⢿[38;2;44;52;93m⣿[38;2;45;51;91m⣿[39m                                                                                                                                           [38;2;51;47;58m▒[38;2;67;63;77m▓[38;2;84;78;96m▓[38;2;100;93;115m█[38;2;117;109;134m█[39m[48;2;20;22;28m                  
                  [38;2;117;109;134m[48;2;30;32;40m█[38;2;100;93;115m█[38;2;84;78;96m▓[38;2;67;63;77m▓[38;2;51;47;58m▒[39m  [38;2;45;48;87m⢸[38;2;43;53;95m⣿[38;2;42;55;97m⣿[38;2;45;51;91m⣷[39m                                                                                                                                          [38;2;51;47;58m▒[38;2;67;63;77m▓[38;2;84;78;96m▓[38;2;100;93;115m█[38;2;117;109;134m█[39m[48;2;20;22;28m                  
                  [38;2;117;109;134m[48;2;30;32;40m█[38;2;100;93;115m█[38;2;84;78;96m▓[38;2;67;63;77m▓[38;2;51;47;58m▒[39m   [38;2;45;50;90m⢹[38;2;43;55;96m⣿[38;2;43;54;95m⣿[38;2;45;48;87m⡇[39m                                                                                                                                         [38;2;51;47;58m▒[38;2;67;63;77m▓[38;2;84;78;96m▓[38;2;100;93;115m█[38;2;117;109;134m█[39m[48;2;20;22;28m                  
                  [38;2;117;109;134m[48;2;30;32;40m█[38;2;100;93;115m█[38;2;84;78;96m▓[38;2;67;63;77m▓[38;2;51;47;58m▒[39m    [38;2;45;49;89m⢻[38;2;45;51;92m⣿[38;2;45;49;88m⣿[39m                                                                                                                                         [38;2;51;47;58m▒[38;2;67;63;77m▓[38;2;84;78;96m▓[38;2;100;93;115m█[38;2;117;109;134m█[39m[48;2;20;22;28m                  
                  [38;2;117;109;134m[48;2;30;32;40m█[38;2;100;93;115m█[38;2;84;78;96m▓[38;2;67;63;77m▓[38;2;51;47;58m▒[39m     [38;2;45;46;84m⠸[38;2;45;47;86m⣿[38;2;45;46;83m⣷[39m                                                                                                                                        [38;2;51;47;58m▒[38;2;67;63;77m▓[38;2;84;78;96m▓[38;2;100;93;115m█[38;2;117;109;134m█[39m[48;2;20;22;28m                  
                  [38;2;117;109;134m[48;2;30;32;40m█[38;2;100;93;115m█[38;2;84;78;96m▓[38;2;67;63;77m▓[38;2;51;47;58m▒[39m      [38;2;45;44;81m⢸[38;2;45;45;82m⣿[39m                                                                                                                                        [38;2;51;47;58m▒[38;2;67;63;77m▓[38;2;84;78;96m▓[38;2;100;93;115m█[38;2;117;109;134m█[39m[48;2;20;22;28m                  
                  [38;2;117;109;134m[48;2;30;32;40m█[38;2;100;93;115m█[38;2;84;78;96m▓[38;2;67;63;77m▓[38;2;51;47;58m▒[39m       [38;2;45;44;81m⠘[39m                                                                                                                                        [38;2;51;47;58m▒[38;2;67;63;77m▓[38;2;84;78;96m▓[38;2;100;93;115m█[38;2;117;109;134m█[39m[48;2;20;22;28m                  
                  [38;2;117;109;134m[48;2;30;32;40m█[38;2;100;93;115m█[38;2;84;78;96m▓[38;2;67;63;77m▓[38;2;51;47;58m▒[39m        [38;2;45;48;86m⣶[38;2;45;47;86m⡄[39m                                                                                                                                      [38;2;51;47;58m▒[38;2;67;63;77m▓[38;2;84;78;96m▓[38;2;100;93;115m█[38;2;117;109;134m█[39m[48;2;20;22;28m                  
                  [38;2;117;109;134m[48;2;30;32;40m█[38;2;100;93;115m█[38;2;84;78;96m▓[38;2;67;63;77m▓[38;2;51;47;58m▒[39m       [38;2;45;47;86m⢠[38;2;42;56;98m⣿[38;2;41;57;99m⣿[38;2;45;51;92m⡇[39m                                                                                                                                     [38;2;51;47;58m▒[38;2;67;63;77m▓[38;2;84;78;96m▓[38;2;100;93;115m█[38;2;117;109;134m█[39m[48;2;20;22;28m                  
                  [38;2;117;109;134m[48;2;30;32;40m█[38;2;100;93;115m█[38;2;84;78;96m▓[38;2;67;63;77m▓[38;2;51;47;58m▒[39m       [38;2;45;49;88m⢸[38;2;39;60;103m⣿[38;2;38;62;105m⣿[38;2;42;55;97m⣿[39m                                                                                                                                     [38;2;51;47;58m▒[38;2;67;63;77m▓[38;2;84;78;96m▓[38;2;100;93;115m█[38;2;117;109;134m█[39m[48;2;20;22;28m                  
                  [38;2;117;109;134m[48;2;30;32;40m█[38;2;100;93;115m█[38;2;84;78;96m▓[38;2;67;63;77m▓[38;2;51;47;58m▒[39m        [38;2;40;59;102m⣿[38;2;38;61;104m⣿[38;2;42;55;97m⣿[39m                                                     [38;2;45;42;78m⢰⣦[39m                                                                              [38;2;51;47;58m▒[38;2;67;63;77m▓[38;2;84;78;96m▓[38;2;100;93;115m█[38;2;117;109;134m█[39m[48;2;20;22;28m                  
                  [38;2;117;109;134m[48;2;30;32;40m█[38;2;100;93;115m█[38;2;84;78;96m▓[38;2;67;63;77m▓[38;2;51;47;58m▒[39m        [38;2;43;53;95m⣿[38;2;42;55;96m⣿[38;2;45;50;90m⡇[39m                                                     [38;2;45;42;78m⠸⡟[39m                                                         [38;2;45;49;89m⣴[38;2;45;48;87m⣶[38;2;45;45;82m⣦[39m                  [38;2;51;47;58m▒[38;2;67;63;77m▓[38;2;84;78;96m▓[38;2;100;93;115m█[38;2;117;109;134m█[39m[48;2;20;22;28m                  
                  [38;2;117;109;134m[48;2;30;32;40m█[38;2;100;93;115m█[38;2;84;78;96m▓[38;2;67;63;77m▓[38;2;51;47;58m▒[39m        [38;2;45;51;91m⣿⣿[38;2;45;47;85m⡇[39m          [38;2;45;42;77m⡄[39m                                                                                                  [38;2;45;48;87m⢠[38;2;43;54;95m⣶[38;2;41;57;99m⣿[38;2;42;56;98m⣿[38;2;45;51;92m⣿[38;2;45;46;84m⣿[39m    [38;2;45;42;78m⠈[38;2;45;44;81m⢻[38;2;45;45;82m⣷[38;2;45;44;80m⡄[39m          [38;2;51;47;58m▒[38;2;67;63;77m▓[38;2;84;78;96m▓[38;2;100;93;115m█[38;2;117;109;134m█[39m[48;2;20;22;28m                  
                  [38;2;117;109;134m[48;2;30;32;40m█[38;2;100;93;115m█[38;2;84;78;96m▓[38;2;67;63;77m▓[38;2;51;47;58m▒[39m        [38;2;45;48;87m⣿[38;2;45;48;86m⣿[39m             [38;2;45;43;78m⢻[38;2;45;43;80m⣷⣦[39m   [38;2;45;50;90m⢀[38;2;40;58;100m⣴[38;2;36;65;109m⣶[38;2;27;69;111m⣶[38;2;30;68;111m⣶[38;2;37;62;106m⣶[38;2;42;56;98m⣤[38;2;45;50;90m⡀[39m  [38;2;45;50;91m⢀[38;2;42;55;97m⣤[38;2;40;58;100m⣤[38;2;41;58;100m⣤[38;2;41;57;99m⣤⣤⣤[38;2;40;58;101m⣤[38;2;41;58;100m⣤[38;2;42;55;97m⣄[38;2;44;52;93m⡀[39m                                               [38;2;45;49;88m⣠[38;2;44;52;93m⣤[38;2;43;54;95m⣤[38;2;42;55;97m⣴[38;2;43;55;96m⣶[38;2;44;52;93m⣄[39m                [38;2;45;47;86m⢰[38;2;44;53;94m⣿[38;2;41;57;99m⣿[38;2;40;58;101m⣿[38;2;42;55;97m⣿[38;2;45;50;90m⡟[39m      [38;2;45;44;80m⠘[38;2;45;45;82m⣿⣿[39m          [38;2;51;47;58m▒[38;2;67;63;77m▓[38;2;84;78;96m▓[38;2;100;93;115m█[38;2;117;109;134m█[39m[48;2;20;22;28m                  
                  [38;2;117;109;134m[48;2;30;32;40m█[38;2;100;93;115m█[38;2;84;78;96m▓[38;2;67;63;77m▓[38;2;51;47;58m▒[39m        [38;2;45;46;83m⣿[38;2;45;45;82m⡇[39m              [38;2;45;43;79m⠘[38;2;45;44;81m⢿[38;2;45;46;84m⣿[38;2;45;51;91m⣶[38;2;36;65;109m⣾[38;2;0;88;112m⣿[38;2;0;105;97m⣿[38;2;18;112;88m⣿[38;2;14;111;89m⣿[38;2;0;106;97m⣿[38;2;0;98;104m⣿[38;2;0;89;112m⣿[38;2;8;78;116m⣿[38;2;34;66;110m⣿[38;2;29;68;111m⣿[38;2;3;80;117m⣿[38;2;0;87;113m⣿[38;2;0;86;114m⣿[38;2;6;78;116m⣿[38;2;23;71;112m⣿[38;2;28;69;111m⣿[38;2;25;70;112m⣿[38;2;17;74;114m⣿[38;2;10;77;115m⣿[38;2;4;79;116m⣿[38;2;2;80;117m⣿[38;2;9;77;115m⣿[38;2;28;69;111m⣷[38;2;41;58;100m⣦[39m                       [38;2;43;55;96m⣠[38;2;41;57;100m⣴[38;2;39;60;102m⣶[38;2;38;62;105m⣶[38;2;37;64;107m⣶⣶[38;2;37;63;107m⣶[38;2;35;66;110m⣶[38;2;26;70;112m⣶[38;2;24;70;112m⣶[38;2;34;66;110m⣤[38;2;39;60;103m⣤[38;2;42;55;97m⣤[38;2;45;51;92m⣄[39m     [38;2;45;44;81m⢠[38;2;45;48;87m⣾[38;2;43;53;95m⣿[38;2;40;59;101m⣿[38;2;37;63;107m⣿[38;2;25;70;112m⣿[38;2;7;78;116m⣿[38;2;2;80;117m⣿[38;2;16;74;114m⣿[38;2;38;61;104m⣦[39m    [38;2;44;53;94m⣠[38;2;42;56;98m⣤⣤[38;2;43;54;95m⣄[38;2;45;50;90m⡀[39m    [38;2;45;45;82m⣸[38;2;45;48;87m⣿[38;2;44;52;93m⣿[38;2;43;54;95m⡿[38;2;44;52;93m⠟[39m          [38;2;45;44;81m⢻[39m          [38;2;51;47;58m▒[38;2;67;63;77m▓[38;2;84;78;96m▓[38;2;100;93;115m█[38;2;117;109;134m█[39m[48;2;20;22;28m                  
                  [38;2;117;109;134m[48;2;30;32;40m█[38;2;100;93;115m█[38;2;84;78;96m▓[38;2;67;63;77m▓[38;2;51;47;58m▒[39m        [38;2;45;44;81m⣿[39m                 [38;2;45;50;90m⢸[38;2;24;71;112m⣿[38;2;0;104;98m⣿[38;2;50;117;76m⣿[38;2;72;119;66m⣿[38;2;56;117;74m⣿[38;2;26;113;85m⣿[38;2;0;108;95m⣿[38;2;0;101;101m⣿[38;2;0;100;103m⣿[38;2;0;99;103m⣿[38;2;0;96;106m⣿[38;2;0;93;108m⣿[38;2;0;93;109m⣿[38;2;0;93;108m⣿[38;2;0;88;112m⣿[38;2;6;79;116m⣿[38;2;24;70;112m⣿[38;2;30;68;111m⣿[38;2;27;69;111m⣿[38;2;19;73;113m⣿[38;2;11;76;115m⣿[38;2;3;80;117m⣿[38;2;0;84;116m⣿[38;2;0;88;112m⣿[38;2;0;92;110m⣿[38;2;0;89;112m⣿[38;2;1;81;117m⣿[38;2;16;74;114m⣶[38;2;10;77;115m⣶⣾[38;2;28;69;111m⣿[38;2;41;57;99m⣿[38;2;45;49;88m⣿[38;2;45;45;82m⣷[38;2;45;43;78m⡄[39m  [38;2;45;42;78m⢸[38;2;45;43;80m⣿[38;2;45;44;81m⣿[38;2;45;45;82m⣿[38;2;45;46;84m⣷[38;2;45;49;88m⣶[38;2;45;51;92m⣦[38;2;43;54;95m⣄[38;2;34;66;110m⣠[38;2;0;86;114m⣴[38;2;0;92;109m⣾[38;2;0;89;112m⣿[38;2;12;76;115m⣿[38;2;29;68;111m⣿[38;2;33;67;110m⣿[38;2;27;69;111m⣿[38;2;14;75;114m⣿[38;2;0;82;117m⣿[38;2;0;92;109m⣿[38;2;0;108;95m⣿[38;2;47;116;78m⣿[38;2;58;118;73m⣿[38;2;31;114;83m⣿[38;2;0;102;100m⣿[38;2;0;91;110m⣿[38;2;0;86;114m⣿[38;2;3;80;117m⣿[38;2;24;70;112m⣷[38;2;40;59;102m⣶[38;2;45;50;89m⣶[38;2;45;45;83m⣾[38;2;45;45;82m⡿[38;2;45;48;86m⠿[38;2;44;52;93m⣿[38;2;41;57;100m⣿[38;2;38;62;106m⣿[38;2;26;70;112m⣿[38;2;6;79;116m⣿[38;2;0;83;116m⣿[38;2;1;81;117m⣿[38;2;18;73;113m⣿[38;2;30;68;111m⣿[38;2;22;71;112m⣿[38;2;0;84;116m⣿[38;2;0;96;106m⣿[38;2;0;104;99m⣿[38;2;0;104;98m⣿[38;2;0;101;102m⣿[38;2;0;95;107m⣿[38;2;0;89;112m⣿[38;2;7;78;116m⣿[38;2;36;65;108m⣷[38;2;44;53;94m⣶[38;2;45;47;85m⣾[38;2;45;45;82m⡟[38;2;45;45;83m⠋[39m             [38;2;45;44;80m⢰[38;2;45;43;80m⣇[39m         [38;2;51;47;58m▒[38;2;67;63;77m▓[38;2;84;78;96m▓[38;2;100;93;115m█[38;2;117;109;134m█[39m[48;2;20;22;28m                  
                  [38;2;117;109;134m[48;2;30;32;40m█[38;2;100;93;115m█[38;2;84;78;96m▓[38;2;67;63;77m▓[38;2;51;47;58m▒[39m        [38;2;42;56;98m⣶[39m                 [38;2;43;54;95m⢸[38;2;0;91;110m⣿[38;2;61;118;71m⣿[38;2;98;121;54m⣿[38;2;95;121;55m⣿[38;2;43;116;79m⣿[38;2;0;106;96m⣿[38;2;0;97;105m⣿[38;2;0;92;109m⣿[38;2;0;95;107m⣿[38;2;0;103;99m⣿[38;2;3;109;93m⣿[38;2;7;110;92m⣿[38;2;0;105;97m⣿[38;2;0;95;107m⣿[38;2;1;81;117m⡿[38;2;35;66;110m⠋[39m    [38;2;37;62;106m⠈[38;2;29;68;111m⠹[38;2;12;76;115m⢿[38;2;0;86;114m⣿[38;2;0;98;104m⣿[38;2;0;104;99m⣿[38;2;0;101;101m⣿[38;2;0;95;107m⣿[38;2;0;90;111m⣿[38;2;0;87;113m⣿[38;2;13;75;114m⣿[38;2;39;59;102m⣿[38;2;45;50;89m⣿[38;2;45;45;82m⠇[39m       [38;2;45;46;84m⠻[38;2;45;50;91m⣿[38;2;41;56;98m⣿[38;2;19;73;113m⣿[38;2;0;102;101m⣿[38;2;40;115;80m⣿[38;2;41;115;80m⣿[38;2;0;105;98m⣿[38;2;3;80;117m⣿[38;2;30;68;111m⣿[38;2;36;65;109m⣿[38;2;32;67;110m⣿[38;2;17;74;114m⣿[38;2;0;83;116m⣿[38;2;0;97;105m⣿[38;2;36;115;82m⣿[38;2;89;121;58m⣿[38;2;100;121;53m⣿[38;2;75;119;64m⣿[38;2;16;111;89m⣿[38;2;0;100;103m⣿[38;2;0;94;108m⣿[38;2;0;91;110m⣿[38;2;0;89;111m⣿[38;2;0;82;117m⣿[38;2;33;67;110m⣿[38;2;45;51;92m⣧[39m     [38;2;40;58;100m⠘[38;2;30;68;111m⠻[38;2;14;75;114m⢿[38;2;9;77;115m⣿[38;2;0;82;117m⣿[38;2;0;95;107m⣿[38;2;5;109;93m⣿[38;2;44;116;79m⣿[38;2;53;117;75m⣿[38;2;43;116;79m⣿[38;2;16;111;89m⣿[38;2;0;105;97m⣿[38;2;0;100;103m⣿[38;2;0;99;104m⣿[38;2;0;97;105m⣿[38;2;0;91;110m⣿[38;2;15;75;114m⣿[38;2;42;56;97m⣿[39m               [38;2;45;44;80m⢸[38;2;45;43;80m⡟[39m         [38;2;51;47;58m▒[38;2;67;63;77m▓[38;2;84;78;96m▓[38;2;100;93;115m█[38;2;117;109;134m█[39m[48;2;20;22;28m                  
                  [38;2;117;109;134m[48;2;30;32;40m█[38;2;100;93;115m█[38;2;84;78;96m▓[38;2;67;63;77m▓[38;2;51;47;58m▒[39m       [38;2;7;78;116m⣾[38;2;0;85;114m⣿[38;2;4;79;116m⣿[38;2;43;54;96m⡆[39m               [38;2;41;57;99m⢸[38;2;0;97;105m⣿[38;2;75;119;64m⣿[38;2;93;121;56m⣿[38;2;58;118;72m⣿[38;2;0;86;114m⣿[39m   [38;2;30;68;111m⢻[38;2;0;90;110m⣿[38;2;0;108;95m⣿[38;2;22;112;87m⣿[38;2;1;109;94m⣿[38;2;0;92;109m⣿[38;2;36;65;109m⣇[39m        [38;2;38;61;105m⠸[38;2;0;91;110m⣿[38;2;6;110;92m⣿[38;2;17;111;88m⣿[38;2;0;107;96m⣿[38;2;0;94;107m⣿[38;2;0;86;114m⣿[38;2;21;72;113m⣿[38;2;42;55;97m⡿[39m          [38;2;45;49;89m⠸[38;2;39;60;103m⣿[38;2;0;86;114m⣿[38;2;19;112;88m⣿[38;2;69;119;68m⣿[38;2;55;117;74m⣿[38;2;0;104;99m⣿[38;2;26;70;112m⡿[39m   [38;2;42;55;96m⠈[38;2;34;66;110m⢻[38;2;0;87;113m⣿[38;2;17;111;88m⣿[38;2;84;120;60m⣿[38;2;102;121;52m⣿[38;2;81;120;62m⣿[38;2;20;112;87m⣿[38;2;0;98;105m⣿[38;2;0;89;111m⣿[38;2;0;90;111m⣿[38;2;0;95;107m⣿[38;2;0;94;108m⣿[38;2;0;83;116m⣿[38;2;39;60;103m⣿[39m        [38;2;39;60;103m⢸[38;2;0;92;109m⣿[38;2;44;116;79m⣿[38;2;88;121;58m⣿[38;2;94;121;56m⣿[38;2;70;119;67m⣿[38;2;39;115;81m⣿[38;2;1;109;94m⣿[38;2;0;100;103m⣿[38;2;0;94;107m⣿[38;2;0;97;105m⣿[38;2;0;104;98m⣿[38;2;0;106;97m⣿[38;2;0;96;106m⣿[38;2;21;72;113m⣿[38;2;45;49;89m⡇[39m              [38;2;45;43;80m⠸[39m          [38;2;51;47;58m▒[38;2;67;63;77m▓[38;2;84;78;96m▓[38;2;100;93;115m█[38;2;117;109;134m█[39m[48;2;20;22;28m                  
                  [38;2;117;109;134m[48;2;30;32;40m█[38;2;100;93;115m█[38;2;84;78;96m▓[38;2;67;63;77m▓[38;2;51;47;58m▒[39m      [38;2;42;56;98m⢸[38;2;0;87;113m⣿[38;2;0;96;106m⣿[38;2;0;91;110m⣿[38;2;37;64;107m⣷[39m               [38;2;41;56;98m⣼[38;2;0;89;112m⣿[38;2;24;113;86m⣿[38;2;31;114;83m⣿[38;2;0;103;100m⣿[38;2;38;61;104m⡇[39m    [38;2;37;63;106m⢹[38;2;0;89;111m⣿[38;2;0;106;97m⣿[38;2;7;110;92m⣿[38;2;0;104;99m⣿[38;2;0;87;113m⣿[38;2;35;66;110m⣧[39m        [38;2;0;84;115m⣿[38;2;1;109;94m⣿[38;2;18;112;88m⣿[38;2;0;103;99m⣿[38;2;10;77;115m⣿[38;2;39;60;103m⡿[39m             [38;2;42;55;97m⢸[38;2;0;86;114m⣿[38;2;5;109;92m⣿[38;2;35;114;82m⣿[38;2;0;107;96m⣿[38;2;6;79;116m⡿[39m      [38;2;42;55;97m⠸[38;2;2;81;117m⢿[38;2;0;101;101m⣿[38;2;15;111;89m⣿[38;2;13;111;90m⣿[38;2;0;100;103m⣿[38;2;2;80;117m⣿[38;2;38;61;105m⠇[38;2;36;65;109m⠹[38;2;0;86;114m⣿[38;2;0;95;107m⣿[38;2;0;90;111m⣿[38;2;35;66;110m⣿[39m       [38;2;44;53;94m⢠[38;2;18;73;113m⣾[38;2;0;103;100m⣿[38;2;62;118;70m⣿[38;2;89;121;58m⣿[38;2;75;119;64m⣿[38;2;12;111;90m⣿[38;2;0;89;112m⣿[38;2;33;66;110m⠟[39m  [38;2;28;69;111m⢸[38;2;0;99;103m⣿[38;2;14;111;89m⣿[38;2;1;109;94m⣿[38;2;0;87;113m⣿[38;2;41;56;98m⣷[39m                         [38;2;51;47;58m▒[38;2;67;63;77m▓[38;2;84;78;96m▓[38;2;100;93;115m█[38;2;117;109;134m█[39m[48;2;20;22;28m                  
                  [38;2;117;109;134m[48;2;30;32;40m█[38;2;100;93;115m█[38;2;84;78;96m▓[38;2;67;63;77m▓[38;2;51;47;58m▒[39m      [38;2;43;53;95m⢸[38;2;0;81;117m⣿[38;2;0;92;109m⣿[38;2;0;89;111m⣿[38;2;29;68;111m⣿[38;2;43;53;95m⣇[39m            [38;2;45;44;80m⢠[38;2;45;46;84m⣾[38;2;44;52;93m⣿[38;2;33;67;110m⣿[38;2;0;86;114m⣿[38;2;0;89;111m⣿[38;2;0;82;117m⣿[38;2;38;62;105m⣿[38;2;44;52;93m⡄[39m    [38;2;37;63;107m⢸[38;2;0;87;114m⣿[38;2;0;101;101m⣿[38;2;0;107;96m⣿[38;2;0;105;98m⣿[38;2;0;96;106m⣿[38;2;0;81;117m⣷[38;2;37;64;107m⣦[39m    [38;2;38;61;104m⢠[38;2;0;86;114m⣾[38;2;3;109;93m⣿[38;2;47;116;78m⣿[38;2;25;113;86m⣿[38;2;0;95;107m⣿[38;2;38;61;105m⣿[39m              [38;2;44;52;93m⢸[38;2;10;77;115m⣿[38;2;0;91;110m⣿[38;2;0;90;111m⣿[38;2;23;71;112m⣿[39m        [38;2;43;55;96m⢸[38;2;24;71;112m⣿[38;2;0;89;112m⣿[38;2;0;99;103m⣿[38;2;0;99;104m⣿[38;2;0;89;112m⣿[38;2;22;72;113m⣷[38;2;38;62;105m⣤[38;2;12;76;115m⣿[38;2;0;85;115m⣿[38;2;0;83;116m⣿[38;2;37;63;106m⣿[39m      [38;2;39;61;104m⢰[38;2;11;77;115m⣾[38;2;0;91;110m⣿[38;2;0;106;96m⣿[38;2;40;115;80m⣿[38;2;42;116;80m⣿[38;2;0;107;96m⣿[38;2;9;77;115m⡿[39m    [38;2;38;62;105m⢸[38;2;0;100;102m⣿[38;2;29;113;84m⣿[38;2;22;112;86m⣿[38;2;0;93;108m⣿[38;2;37;62;106m⣿[38;2;44;52;94m⣷[38;2;45;49;89m⣶[38;2;45;51;91m⣴[38;2;43;54;95m⣶[38;2;40;58;100m⣶[38;2;37;62;106m⣶[38;2;29;68;111m⣶[38;2;16;74;114m⣶[38;2;8;78;116m⣾[38;2;6;79;116m⣿[38;2;5;79;116m⣿[38;2;4;79;116m⣿[38;2;8;78;116m⣿[38;2;27;69;111m⣿[38;2;41;58;100m⣷[39m          [38;2;51;47;58m▒[38;2;67;63;77m▓[38;2;84;78;96m▓[38;2;100;93;115m█[38;2;117;109;134m█[39m[48;2;20;22;28m                  
                  [38;2;117;109;134m[48;2;30;32;40m█[38;2;100;93;115m█[38;2;84;78;96m▓[38;2;67;63;77m▓[38;2;51;47;58m▒[39m       [38;2;41;57;99m⢹[38;2;33;66;110m⣿[38;2;28;69;111m⣿[38;2;36;65;109m⣿[38;2;32;67;110m⣿[38;2;11;76;115m⣿[38;2;0;86;114m⣿[38;2;0;88;112m⣿[38;2;6;79;116m⣷[38;2;39;60;103m⣆[39m       [38;2;45;44;81m⣿[38;2;45;46;83m⡿[38;2;45;47;85m⠟[38;2;45;48;88m⠋[38;2;42;55;96m⢻[38;2;38;61;104m⣿[38;2;36;65;109m⣿[38;2;35;66;110m⣿[38;2;32;67;110m⣿[38;2;23;71;112m⣿[38;2;17;74;114m⣷[38;2;18;73;113m⣶[38;2;23;71;112m⣶[38;2;25;70;112m⣾[38;2;9;77;115m⣿[38;2;0;90;111m⣿[38;2;0;102;100m⣿[38;2;5;109;93m⣿[38;2;16;111;89m⣿[38;2;6;110;92m⣿[38;2;0;106;97m⣿[38;2;0;102;101m⣿[38;2;0;103;99m⣿[38;2;0;108;95m⣿[38;2;14;111;89m⣿[38;2;37;115;81m⣿[38;2;66;118;69m⣿[38;2;83;120;61m⣿[38;2;69;119;67m⣿[38;2;7;110;92m⣿[38;2;0;83;116m⣿[38;2;43;54;96m⡇[39m              [38;2;45;48;86m⢸[38;2;37;64;108m⣿[38;2;10;77;115m⣿[38;2;6;79;116m⣿[38;2;33;67;110m⣿[38;2;42;56;97m⣄[38;2;41;56;99m⣀[38;2;27;69;111m⣤[38;2;0;82;117m⣴[38;2;0;85;115m⣦[38;2;12;76;115m⣤[38;2;39;60;103m⣄[38;2;45;50;90m⣰[38;2;45;48;87m⣾[38;2;44;52;93m⣿[38;2;36;65;109m⣿[38;2;0;83;116m⣿[38;2;0;95;107m⣿[38;2;0;101;102m⣿⣿[38;2;0;97;105m⣿[38;2;0;95;107m⣿[38;2;0;88;112m⣿[38;2;5;79;116m⣿[38;2;37;63;106m⣿[39m   [38;2;41;57;100m⢀[38;2;33;67;110m⣴[38;2;4;80;117m⣾[38;2;0;89;112m⣿[38;2;0;94;108m⣿[38;2;0;95;107m⣿[38;2;0;94;108m⣿[38;2;0;92;109m⣿[38;2;0;87;113m⣿[38;2;10;77;115m⣿[38;2;37;63;106m⣷[38;2;44;53;94m⡄[39m  [38;2;41;57;99m⢠[38;2;7;78;116m⣾[38;2;0;104;98m⣿[38;2;20;112;87m⣿[38;2;0;108;95m⣿[38;2;0;85;115m⣿[38;2;39;60;102m⣿[38;2;44;53;94m⣿[38;2;45;51;92m⣿[38;2;42;55;97m⣿[38;2;39;60;103m⣿[38;2;32;67;110m⣿[38;2;13;76;115m⣿[38;2;0;85;115m⣿[38;2;0;93;108m⣿[38;2;0;97;105m⣿[38;2;0;96;106m⣿[38;2;0;94;108m⣿[38;2;0;92;109m⣿[38;2;0;91;110m⣿[38;2;0;86;114m⣿[38;2;18;73;113m⣿[38;2;41;56;98m⣿[39m         [38;2;51;47;58m▒[38;2;67;63;77m▓[38;2;84;78;96m▓[38;2;100;93;115m█[38;2;117;109;134m█[39m[48;2;20;22;28m                  
                  [38;2;117;109;134m[48;2;30;32;40m█[38;2;100;93;115m█[38;2;84;78;96m▓[38;2;67;63;77m▓[38;2;51;47;58m▒[39m        [38;2;45;47;86m⠈[38;2;45;51;92m⢿[38;2;41;57;99m⣿[38;2;31;68;111m⣿[38;2;0;81;117m⣿[38;2;0;92;109m⣿[38;2;0;94;107m⣿[38;2;0;84;115m⣿[38;2;37;63;107m⣿[39m  [38;2;45;41;77m⠘[38;2;45;42;77m⠋[39m        [38;2;45;48;88m⠘[38;2;42;55;96m⢿[38;2;38;62;105m⣿[38;2;31;68;111m⣿[38;2;15;75;114m⣿[38;2;3;80;117m⣿[38;2;1;81;117m⣿[38;2;6;79;116m⣿[38;2;15;75;114m⣿[38;2;19;73;113m⣿[38;2;14;75;114m⣿[38;2;0;85;114m⣿[38;2;0;98;104m⣿[38;2;0;108;95m⣿[38;2;15;111;89m⣿[38;2;17;111;88m⣿[38;2;22;112;86m⣿[38;2;47;116;78m⣿[38;2;66;118;69m⣿[38;2;74;119;65m⣿[38;2;76;119;64m⣿[38;2;84;120;60m⣿[38;2;80;120;62m⣿[38;2;46;116;78m⣿[38;2;0;98;104m⣿[38;2;25;70;112m⣿[38;2;42;55;97m⣷[38;2;45;49;89m⣆[39m              [38;2;43;54;96m⢻[38;2;32;67;110m⣿[38;2;15;75;114m⣿[38;2;11;76;115m⣿[38;2;0;83;116m⣿[38;2;0;102;101m⣿[38;2;44;116;79m⣿[38;2;82;120;61m⣿[38;2;69;119;67m⣿[38;2;11;110;90m⣿[38;2;4;80;117m⣿[38;2;43;54;96m⣿[38;2;45;46;84m⡿⠛[38;2;45;49;89m⠻[38;2;38;61;104m⢿[38;2;1;81;117m⣿[38;2;0;95;107m⣿[38;2;0;103;100m⣿[38;2;0;105;98m⣿[38;2;0;102;100m⣿[38;2;0;96;106m⣿[38;2;0;90;111m⣿[38;2;0;86;114m⣿[38;2;0;83;116m⣿[38;2;0;82;117m⣿⣿[38;2;0;84;115m⣿[38;2;0;87;113m⣿[38;2;0;90;111m⣿[38;2;0;92;109m⣿[38;2;0;91;110m⣿[38;2;0;82;117m⣿[38;2;26;70;112m⣿[38;2;37;64;108m⣿[38;2;36;65;109m⣿[38;2;34;66;110m⣿[38;2;37;63;107m⣿⣿[38;2;32;67;110m⣿[38;2;25;70;112m⣿[38;2;21;72;113m⣿[38;2;0;84;116m⣿[38;2;0;98;104m⣿[38;2;0;100;102m⣿[38;2;0;90;111m⣿[38;2;35;66;110m⣿[38;2;45;51;92m⠿[38;2;45;49;89m⠛⠻[38;2;43;53;95m⢿[38;2;40;59;101m⣿[38;2;36;65;109m⣿[38;2;16;74;114m⣿[38;2;0;85;115m⣿[38;2;0;93;108m⣿[38;2;0;99;104m⣿⣿[38;2;0;96;106m⣿[38;2;0;93;109m⣿[38;2;0;92;109m⣿[38;2;0;90;111m⣿[38;2;1;81;117m⣿[38;2;37;64;107m⣿[38;2;45;50;90m⣷[39m        [38;2;51;47;58m▒[38;2;67;63;77m▓[38;2;84;78;96m▓[38;2;100;93;115m█[38;2;117;109;134m█[39m[48;2;20;22;28m                  
                  [38;2;117;109;134m[48;2;30;32;40m█[38;2;100;93;115m█[38;2;84;78;96m▓[38;2;67;63;77m▓[38;2;51;47;58m▒[39m          [38;2;45;49;89m⠘[38;2;39;61;104m⢿[38;2;14;75;114m⣿[38;2;0;88;113m⣿[38;2;0;90;111m⣿[38;2;1;81;117m⣿[38;2;38;61;104m⠟[39m               [38;2;39;60;102m⠻[38;2;28;69;111m⣿[38;2;12;76;115m⣿[38;2;7;78;116m⣿[38;2;11;77;115m⣿[38;2;21;72;113m⣿[38;2;32;67;110m⣿[38;2;37;64;108m⣿[38;2;36;65;109m⣿[38;2;16;74;114m⣿[38;2;0;88;112m⣿[38;2;0;99;104m⣿[38;2;0;106;97m⣿[38;2;12;111;90m⣿[38;2;43;116;79m⣿[38;2;64;118;70m⣿[38;2;69;119;67m⣿[38;2;63;118;70m⣿[38;2;50;117;77m⣿[38;2;13;111;90m⣿[38;2;0;95;107m⣿[38;2;24;70;112m⣿[38;2;40;58;100m⣿[38;2;43;54;96m⣿[38;2;44;52;93m⣿[38;2;45;49;88m⣿[38;2;45;46;83m⣦[39m             [38;2;41;56;98m⣿[38;2;35;66;110m⣿[38;2;13;76;115m⣿[38;2;0;89;112m⣿[38;2;0;109;94m⣿[38;2;66;118;69m⣿[38;2;97;121;54m⣿[38;2;82;120;61m⣿[38;2;20;112;87m⣿[38;2;2;80;117m⣿[38;2;44;53;94m⠇[39m    [38;2;41;57;99m⠘[38;2;14;75;114m⢿[38;2;0;91;110m⣿[38;2;0;99;104m⣿[38;2;0;98;104m⣿[38;2;0;93;108m⣿[38;2;0;89;112m⣿[38;2;0;87;113m⣿⣿[38;2;0;85;115m⣿⣿[38;2;0;86;114m⣿[38;2;0;87;113m⣿[38;2;0;87;114m⣿[38;2;0;83;117m⣿[38;2;21;72;113m⡿[38;2;41;58;100m⠋[39m  [38;2;45;51;92m⠘[38;2;41;57;99m⠿[38;2;40;59;102m⣿[38;2;37;63;106m⣿[38;2;30;68;111m⣿[38;2;22;71;112m⣿[38;2;22;72;113m⣿[38;2;14;75;114m⣿[38;2;10;77;115m⣿[38;2;22;71;112m⡿[38;2;40;58;100m⠏[39m       [38;2;41;56;98m⠈[38;2;37;64;107m⠻[38;2;19;73;113m⢿[38;2;4;79;116m⣿[38;2;0;81;117m⣿[38;2;4;79;116m⣿[38;2;6;79;116m⣿[38;2;0;82;117m⣿[38;2;0;84;116m⣿[38;2;6;79;116m⣿[38;2;36;64;108m⣿[38;2;45;50;90m⣿[39m        [38;2;51;47;58m▒[38;2;67;63;77m▓[38;2;84;78;96m▓[38;2;100;93;115m█[38;2;117;109;134m█[39m[48;2;20;22;28m                  
                  [38;2;117;109;134m[48;2;30;32;40m█[38;2;100;93;115m█[38;2;84;78;96m▓[38;2;67;63;77m▓[38;2;51;47;58m▒[39m                                           [38;2;42;56;98m⠙[38;2;36;64;108m⠿[38;2;11;76;115m⠿[38;2;0;89;112m⣿[38;2;0;95;107m⣿[38;2;0;93;108m⣿[38;2;0;84;115m⣿[38;2;25;70;112m⠿[38;2;40;59;101m⠟[39m  [38;2;45;48;88m⠈[38;2;45;50;90m⠻⢿[38;2;45;49;88m⣿[38;2;45;46;84m⣿[38;2;45;44;80m⣧[38;2;45;43;80m⣠[38;2;45;45;82m⣴[38;2;45;48;86m⣶[38;2;45;48;87m⣶[38;2;45;46;85m⣦[38;2;45;44;80m⡄[39m      [38;2;45;45;82m⠘[38;2;45;51;92m⢿[38;2;37;63;106m⣿[38;2;0;82;117m⣿[38;2;0;104;99m⣿[38;2;41;115;80m⣿[38;2;67;118;68m⣿[38;2;42;116;80m⣿[38;2;0;100;102m⣿[38;2;36;64;108m⠇[39m        [38;2;38;61;104m⠻[38;2;27;69;111m⠿[38;2;14;75;114m⠿[38;2;6;79;116m⣿[38;2;0;81;117m⣿[38;2;0;82;117m⣿[38;2;3;80;117m⣿[38;2;7;78;116m⣿[38;2;15;75;114m⣿[38;2;30;68;111m⠿[38;2;40;59;101m⠟[39m        [38;2;43;53;94m⠈[38;2;39;59;102m⠛[38;2;38;62;105m⠿[38;2;39;59;102m⠿[38;2;43;54;95m⠟[39m             [38;2;45;51;91m⠘[38;2;42;55;97m⢿[38;2;40;59;102m⣿[38;2;38;62;105m⣿[38;2;34;66;110m⣿[38;2;29;68;111m⣿[38;2;36;64;108m⣿[38;2;42;55;97m⣿[38;2;45;47;85m⠇[39m        [38;2;51;47;58m▒[38;2;67;63;77m▓[38;2;84;78;96m▓[38;2;100;93;115m█[38;2;117;109;134m█[39m[48;2;20;22;28m                  
                  [38;2;117;109;134m[48;2;30;32;40m█[38;2;100;93;115m█[38;2;84;78;96m▓[38;2;67;63;77m▓[38;2;51;47;58m▒[39m                                                            [38;2;45;43;79m⠘[38;2;45;45;83m⢻[38;2;45;48;87m⣿[38;2;45;49;88m⣿[38;2;45;47;86m⣿[38;2;45;44;81m⣿[39m         [38;2;43;53;95m⠹[38;2;38;61;104m⠿[38;2;31;67;110m⠿[38;2;32;67;110m⠿[38;2;39;60;103m⠏[39m                                                 [38;2;45;48;87m⠈[38;2;43;54;95m⠻[38;2;40;58;101m⠿[38;2;40;58;100m⠿[38;2;43;53;94m⠟[39m          [38;2;51;47;58m▒[38;2;67;63;77m▓[38;2;84;78;96m▓[38;2;100;93;115m█[38;2;117;109;134m█[39m[48;2;20;22;28m                  
                  [38;2;117;109;134m[48;2;30;32;40m█[38;2;100;93;115m█[38;2;84;78;96m▓[38;2;67;63;77m▓[38;2;51;47;58m▒[39m                                                                [38;2;45;45;82m⠉[39m                                                                               [38;2;51;47;58m▒[38;2;67;63;77m▓[38;2;84;78;96m▓[38;2;100;93;115m█[38;2;117;109;134m█[39m[48;2;20;22;28m                  
                  [38;2;117;109;134m[48;2;30;32;40m█[38;2;100;93;115m█[38;2;84;78;96m▓[38;2;67;63;77m▓[38;2;51;47;58m▒[39m                                                                                                                                                [38;2;51;47;58m▒[38;2;67;63;77m▓[38;2;84;78;96m▓[38;2;100;93;115m█[38;2;117;109;134m█[39m[48;2;20;22;28m                  
                  [38;2;117;109;134m[48;2;30;32;40m█[38;2;100;93;115m█[38;2;84;78;96m▓[38;2;67;63;77m▓[38;2;51;47;58m▒[39m                                                                                                                                                [38;2;51;47;58m▒[38;2;67;63;77m▓[38;2;84;78;96m▓[38;2;100;93;115m█[38;2;117;109;134m█[39m[48;2;20;22;28m                  
                  [38;2;117;109;134m[48;2;30;32;40m█[38;2;100;93;115m█[38;2;84;78;96m▓[38;2;67;63;77m▓[38;2;51;47;58m▒[39m                                                                                                                                                [38;2;51;47;58m▒[38;2;67;63;77m▓[38;2;84;78;96m▓[38;2;100;93;115m█[38;2;117;109;134m█[39m[48;2;20;22;28m                  
                  [38;2;117;109;134m[48;2;30;32;40m█[38;2;100;93;115m█[38;2;84;78;96m▓[38;2;67;63;77m▓[38;2;51;47;58m▒[39m                                                                                                                                                [38;2;51;47;58m▒[38;2;67;63;77m▓[38;2;84;78;96m▓[38;2;100;93;115m█[38;2;117;109;134m█[39m[48;2;20;22;28m                  
                  [38;2;117;109;134m[48;2;30;32;40m█[38;2;100;93;115m█[38;2;84;78;96m▓[38;2;67;63;77m▓[38;2;51;47;58m▒[39m                                                                                                                 [38;2;45;42;78m⣆[39m                              [38;2;51;47;58m▒[38;2;67;63;77m▓[38;2;84;78;96m▓[38;2;100;93;115m█[38;2;117;109;134m█[39m[48;2;20;22;28m                  
                  [38;2;117;109;134m[48;2;30;32;40m█[38;2;100;93;115m█[38;2;84;78;96m▓[38;2;67;63;77m▓[38;2;51;47;58m▒[39m                                                                                                                 [38;2;45;43;79m⣿[39m                              [38;2;51;47;58m▒[38;2;67;63;77m▓[38;2;84;78;96m▓[38;2;100;93;115m█[38;2;117;109;134m█[39m[48;2;20;22;28m                  
                  [38;2;117;109;134m[48;2;30;32;40m█[38;2;100;93;115m█[38;2;84;78;96m▓[38;2;67;63;77m▓[38;2;51;47;58m▒[39m                                                                                                                 [38;2;45;43;79m⢸[39m                              [38;2;51;47;58m▒[38;2;67;63;77m▓[38;2;84;78;96m▓[38;2;100;93;115m█[38;2;117;109;134m█[39m[48;2;20;22;28m                  
                  [38;2;117;109;134m[48;2;30;32;40m█[38;2;100;93;115m█[38;2;84;78;96m▓[38;2;67;63;77m▓[38;2;51;47;58m▒[39m                                                                                                                                                [38;2;51;47;58m▒[38;2;67;63;77m▓[38;2;84;78;96m▓[38;2;100;93;115m█[38;2;117;109;134m█[39m[48;2;20;22;28m                  
                  [38;2;117;109;134m[48;2;30;32;40m█[38;2;100;93;115m█[38;2;84;78;96m▓[38;2;67;63;77m▓[38;2;51;47;58m▒[39m                                                                                                                                                [38;2;51;47;58m▒[38;2;67;63;77m▓[38;2;84;78;96m▓[38;2;100;93;115m█[38;2;117;109;134m█[39m[48;2;20;22;28m                  
                  [38;2;117;109;134m[48;2;30;32;40m█[38;2;100;93;115m█[38;2;84;78;96m▓[38;2;67;63;77m▓[38;2;51;47;58m▒[39m                                                                                                                                   [38;2;45;43;79m⢸[38;2;45;44;80m⣷[39m           [38;2;51;47;58m▒[38;2;67;63;77m▓[38;2;84;78;96m▓[38;2;100;93;115m█[38;2;117;109;134m█[39m[48;2;20;22;28m                  
                  [38;2;117;109;134m[48;2;30;32;40m█[38;2;100;93;115m█[38;2;84;78;96m▓[38;2;67;63;77m▓[38;2;51;47;58m▒[39m                                                                                                                                    [38;2;45;44;80m⢿[38;2;45;43;79m⣷[39m          [38;2;51;47;58m▒[38;2;67;63;77m▓[38;2;84;78;96m▓[38;2;100;93;115m█[38;2;117;109;134m█[39m[48;2;20;22;28m                  
                  [38;2;117;109;134m[48;2;30;32;40m█[38;2;100;93;115m█[38;2;84;78;96m▓[38;2;67;63;77m▓[38;2;51;47;58m▒[39m                                                                                                                                                [38;2;51;47;58m▒[38;2;67;63;77m▓[38;2;84;78;96m▓[38;2;100;93;115m█[38;2;117;109;134m█[39m[48;2;20;22;28m                  
                  [38;2;117;109;134m[48;2;30;32;40m█[38;2;100;93;115m█[38;2;84;78;96m▓[38;2;67;63;77m▓[38;2;51;47;58m▒[39m                                                                                                                                                [38;2;51;47;58m▒[38;2;67;63;77m▓[38;2;84;78;96m▓[38;2;100;93;115m█[38;2;117;109;134m█[39m[48;2;20;22;28m                  
                  [38;2;117;109;134m[48;2;30;32;40m█[38;2;100;93;115m█[38;2;84;78;96m▓[38;2;67;63;77m▓[38;2;51;47;58m▒[39m      [38;2;45;41;77m⠘[38;2;45;42;77m⠋[38;2;45;41;76m⠈[39m                           [38;2;45;42;77m⢰[38;2;45;43;79m⣶[38;2;45;43;78m⣾[39m                                                                                                         [38;2;51;47;58m▒[38;2;67;63;77m▓[38;2;84;78;96m▓[38;2;100;93;115m█[38;2;117;109;134m█[39m[48;2;20;22;28m                  
                  [38;2;117;109;134m[48;2;30;32;40m█[38;2;100;93;115m█[38;2;84;78;96m▓[38;2;67;63;77m▓[38;2;51;47;58m▒[39m                                                                                                                                                [38;2;51;47;58m▒[38;2;67;63;77m▓[38;2;84;78;96m▓[38;2;100;93;115m█[38;2;117;109;134m█[39m[48;2;20;22;28m                  
                  [38;2;117;109;134m[48;2;30;32;40m█[38;2;100;93;115m█[38;2;84;78;96m▓[38;2;67;63;77m▓[38;2;51;47;58m▒[39m                                                                                                                                                [38;2;51;47;58m▒[38;2;67;63;77m▓[38;2;84;78;96m▓[38;2;100;93;115m█[38;2;117;109;134m█[39m[48;2;20;22;28m                  
                  [38;2;117;109;134m[48;2;30;32;40m█[38;2;100;93;115m█[38;2;84;78;96m▓[38;2;67;63;77m▓[38;2;51;47;58m▒[39m                                                                                                                                                [38;2;51;47;58m▒[38;2;67;63;77m▓[38;2;84;78;96m▓[38;2;100;93;115m█[38;2;117;109;134m█[39m[48;2;20;22;28m                  
                  [38;2;117;109;134m[48;2;30;32;40m█[38;2;100;93;115m█[38;2;84;78;96m▓[38;2;67;63;77m▓[38;2;51;47;58m▒[39m                                                                                                                                                [38;2;51;47;58m▒[38;2;67;63;77m▓[38;2;84;78;96m▓[38;2;100;93;115m█[38;2;117;109;134m█[39m[48;2;20;22;28m                  
                  [38;2;117;109;134m[48;2;30;32;40m█[38;2;100;93;115m█[38;2;84;78;96m▓[38;2;67;63;77m▓[38;2;51;47;58m▒[39m                                                                                                                                                [38;2;51;47;58m▒[38;2;67;63;77m▓[38;2;84;78;96m▓[38;2;100;93;115m█[38;2;117;109;134m█[39m[48;2;20;22;28m                  
                  [38;2;117;109;134m[48;2;30;32;40m█[38;2;100;93;115m█[38;2;84;78;96m▓[38;2;67;63;77m▓[38;2;51;47;58m▒[39m                                                                                                                                                [38;2;51;47;58m▒[38;2;67;63;77m▓[38;2;84;78;96m▓[38;2;100;93;115m█[38;2;117;109;134m█[39m[48;2;20;22;28m                  
                  [38;2;117;109;134m[48;2;30;32;40m█[38;2;100;93;115m█[38;2;84;78;96m▓[38;2;76;70;87m▓▓▓▓▓▓▓▓▓▓▓▓▓▓▓▓▓▓▓▓▓▓▓▓▓▓▓▓▓▓▓▓▓▓▓▓▓▓▓▓▓▓▓▓▓▓▓▓▓▓▓▓▓▓▓▓▓▓▓▓▓▓▓▓▓▓▓▓▓▓▓▓▓▓▓▓▓▓▓▓▓▓▓▓▓▓▓▓▓▓▓▓▓▓▓▓▓▓▓▓▓▓▓▓▓▓▓▓▓▓▓▓▓▓▓▓▓▓▓▓▓▓▓▓▓▓▓▓▓▓▓▓▓▓▓▓▓▓▓▓▓▓▓▓▓▓▓▓[38;2;84;78;96m▓[38;2;100;93;115m█[38;2;117;109;134m█[39m[48;2;20;22;28m                  
                  [38;2;117;109;134m[48;2;30;32;40m██████████████████████████████████████████████████████████████████████████████████████████████████████████████████████████████████████████████████████████[39m[48;2;20;22;28m                  
                                                                                                                                                                                              
                                                                                                                                                                                              
