[48;2;62;58;52m                                                                                                                                                                                              
                                                                                                                                                                                              
                  [38;2;221;174;195m[48;2;52;48;41m██████████████████████████████████████████████████████████████████████████████████████████████████████████████████████████████████████████████████████████[39m[48;2;62;58;52m                  
                  [38;2;221;174;195m[48;2;52;48;41m█[38;2;190;149;167m█[38;2;159;125;140m▓[38;2;143;113;126m▓▓▓▓▓▓▓▓▓▓▓▓▓▓▓▓▓▓▓▓▓▓▓▓▓▓▓▓▓▓▓▓▓▓▓▓▓▓▓▓▓▓▓▓▓▓▓▓▓▓▓▓▓▓▓▓▓▓▓▓▓▓▓▓▓▓▓▓▓▓▓▓▓▓▓▓▓▓▓▓▓▓▓▓▓▓▓▓▓▓▓▓▓▓▓▓▓▓▓▓▓▓▓▓▓▓▓▓▓▓▓▓▓▓▓▓▓▓▓▓▓▓▓▓▓▓▓▓▓▓▓▓▓▓▓▓▓▓▓▓▓▓▓▓▓▓▓▓[38;2;159;125;140m▓[38;2;190;149;167m█[38;2;221;174;195m█[39m[48;2;62;58;52m                  
                  [38;2;221;174;195m[48;2;52;48;41m█[38;2;190;149;167m█[38;2;159;125;140m▓[38;2;128;100;113m▓[38;2;97;76;85m▒[38;2;62;66;86m⡏[38;2;62;67;88m⢠[38;2;63;67;89m⣇[39m                                                                                                                                             [38;2;97;76;85m▒[38;2;128;100;113m▓[38;2;159;125;140m▓[38;2;190;149;167m█[38;2;221;174;195m█[39m[48;2;62;58;52m                  
                  [38;2;221;174;195m[48;2;52;48;41m█[38;2;190;149;167m█[38;2;159;125;140m▓[38;2;128;100;113m▓[38;2;97;76;85m▒[38;2;62;66;85m⢀[38;2;63;67;89m⣿[38;2;64;69;93m⣿⣿[39m                                                                                                                                            [38;2;97;76;85m▒[38;2;128;100;113m▓[38;2;159;125;140m▓[38;2;190;149;167m█[38;2;221;174;195m█[39m[48;2;62;58;52m                  
                  [38;2;221;174;195m[48;2;52;48;41m█[38;2;190;149;167m█[38;2;159;125;140m▓[38;2;128;100;113m▓[38;2;97;76;85m▒[39m [38;2;62;67;87m⠹[38;2;64;70;97m⣿[38;2;66;72;102m⣿[38;2;65;71;99m⣿[39m                                                                                                                                           [38;2;97;76;85m▒[38;2;128;100;113m▓[38;2;159;125;140m▓[38;2;190;149;167m█[38;2;221;174;195m█[39m[48;2;62;58;52m                  
                  [38;2;221;174;195m[48;2;52;48;41m█[38;2;190;149;167m█[38;2;159;125;140m▓[38;2;128;100;113m▓[38;2;97;76;85m▒[39m  [38;2;64;69;93m⢸[38;2;66;73;105m⣿[38;2;67;74;108m⣿[38;2;65;71;100m⣷[39m                                                                                                                                          [38;2;97;76;85m▒[38;2;128;100;113m▓[38;2;159;125;140m▓[38;2;190;149;167m█[38;2;221;174;195m█[39m[48;2;62;58;52m                  
                  [38;2;221;174;195m[48;2;52;48;41m█[38;2;190;149;167m█[38;2;159;125;140m▓[38;2;128;100;113m▓[38;2;97;76;85m▒[39m   [38;2;65;70;98m⢹[38;2;67;73;107m⣿[38;2;66;73;105m⣿[38;2;64;69;94m⡇[39m                                                                                                                                         [38;2;97;76;85m▒[38;2;128;100;113m▓[38;2;159;125;140m▓[38;2;190;149;167m█[38;2;221;174;195m█[39m[48;2;62;58;52m                  
                  [38;2;221;174;195m[48;2;52;48;41m█[38;2;190;149;167m█[38;2;159;125;140m▓[38;2;128;100;113m▓[38;2;97;76;85m▒[39m    [38;2;64;70;96m⢻[38;2;65;71;100m⣿[38;2;64;69;95m⣿[39m                                                                                                                                         [38;2;97;76;85m▒[38;2;128;100;113m▓[38;2;159;125;140m▓[38;2;190;149;167m█[38;2;221;174;195m█[39m[48;2;62;58;52m                  
                  [38;2;221;174;195m[48;2;52;48;41m█[38;2;190;149;167m█[38;2;159;125;140m▓[38;2;128;100;113m▓[38;2;97;76;85m▒[39m     [38;2;63;68;90m⠸[38;2;63;68;92m⣿[38;2;63;67;88m⣷[39m                                                                                                                                        [38;2;97;76;85m▒[38;2;128;100;113m▓[38;2;159;125;140m▓[38;2;190;149;167m█[38;2;221;174;195m█[39m[48;2;62;58;52m                  
                  [38;2;221;174;195m[48;2;52;48;41m█[38;2;190;149;167m█[38;2;159;125;140m▓[38;2;128;100;113m▓[38;2;97;76;85m▒[39m      [38;2;62;66;85m⢸[38;2;62;66;86m⣿[39m                                                                                                                                        [38;2;97;76;85m▒[38;2;128;100;113m▓[38;2;159;125;140m▓[38;2;190;149;167m█[38;2;221;174;195m█[39m[48;2;62;58;52m                  
                  [38;2;221;174;195m[48;2;52;48;41m█[38;2;190;149;167m█[38;2;159;125;140m▓[38;2;128;100;113m▓[38;2;97;76;85m▒[39m       [38;2;62;66;85m⠘[39m                                                                                                                                        [38;2;97;76;85m▒[38;2;128;100;113m▓[38;2;159;125;140m▓[38;2;190;149;167m█[38;2;221;174;195m█[39m[48;2;62;58;52m                  
                  [38;2;221;174;195m[48;2;52;48;41m█[38;2;190;149;167m█[38;2;159;125;140m▓[38;2;128;100;113m▓[38;2;97;76;85m▒[39m        [38;2;64;69;94m⣾[38;2;64;69;93m⣆[39m                                                                                                                                      [38;2;97;76;85m▒[38;2;128;100;113m▓[38;2;159;125;140m▓[38;2;190;149;167m█[38;2;221;174;195m█[39m[48;2;62;58;52m                  
                  [38;2;221;174;195m[48;2;52;48;41m█[38;2;190;149;167m█[38;2;159;125;140m▓[38;2;128;100;113m▓[38;2;97;76;85m▒[39m       [38;2;64;69;94m⢰[38;2;68;75;111m⣿[38;2;68;75;113m⣿[38;2;65;71;101m⡇[39m                                                                                                                                     [38;2;97;76;85m▒[38;2;128;100;113m▓[38;2;159;125;140m▓[38;2;190;149;167m█[38;2;221;174;195m█[39m[48;2;62;58;52m                  
                  [38;2;221;174;195m[48;2;52;48;41m█[38;2;190;149;167m█[38;2;159;125;140m▓[38;2;128;100;113m▓[38;2;97;76;85m▒[39m       [38;2;64;70;96m⢸[38;2;69;77;118m⣿[38;2;70;78;121m⣿[38;2;67;74;108m⣿[39m                                                                                                                                     [38;2;97;76;85m▒[38;2;128;100;113m▓[38;2;159;125;140m▓[38;2;190;149;167m█[38;2;221;174;195m█[39m[48;2;62;58;52m                  
                  [38;2;221;174;195m[48;2;52;48;41m█[38;2;190;149;167m█[38;2;159;125;140m▓[38;2;128;100;113m▓[38;2;97;76;85m▒[39m        [38;2;69;76;116m⣿[38;2;69;77;119m⣿[38;2;67;73;107m⡿[39m                                                     [38;2;61;64;80m⢰[38;2;61;65;81m⣦[39m                                                                              [38;2;97;76;85m▒[38;2;128;100;113m▓[38;2;159;125;140m▓[38;2;190;149;167m█[38;2;221;174;195m█[39m[48;2;62;58;52m                  
                  [38;2;221;174;195m[48;2;52;48;41m█[38;2;190;149;167m█[38;2;159;125;140m▓[38;2;128;100;113m▓[38;2;97;76;85m▒[39m        [38;2;66;73;105m⣿[38;2;67;73;107m⣿[38;2;64;70;97m⡇[39m                                                     [38;2;61;65;81m⠸⡿[39m                                                         [38;2;64;69;95m⣴[38;2;64;69;93m⣶[38;2;62;67;87m⣦[39m                  [38;2;97;76;85m▒[38;2;128;100;113m▓[38;2;159;125;140m▓[38;2;190;149;167m█[38;2;221;174;195m█[39m[48;2;62;58;52m                  
                  [38;2;221;174;195m[48;2;52;48;41m█[38;2;190;149;167m█[38;2;159;125;140m▓[38;2;128;100;113m▓[38;2;97;76;85m▒[39m        [38;2;65;71;99m⣿⣿[38;2;63;68;90m⡇[39m          [38;2;61;64;79m⣄[39m                                                                                                  [38;2;64;69;94m⢠[38;2;66;73;106m⣶[38;2;68;75;112m⣿[38;2;67;74;109m⣿[38;2;65;71;100m⣿[38;2;63;67;88m⣿[39m     [38;2;62;66;85m⢹[38;2;62;66;86m⣷[39m           [38;2;97;76;85m▒[38;2;128;100;113m▓[38;2;159;125;140m▓[38;2;190;149;167m█[38;2;221;174;195m█[39m[48;2;62;58;52m                  
                  [38;2;221;174;195m[48;2;52;48;41m█[38;2;190;149;167m█[38;2;159;125;140m▓[38;2;128;100;113m▓[38;2;97;76;85m▒[39m        [38;2;64;69;93m⣿[38;2;63;68;92m⣿[39m             [38;2;61;65;81m⢻[38;2;61;65;83m⣷⣆[39m   [38;2;65;70;97m⢀[38;2;68;75;112m⣴[38;2;71;80;126m⣶[38;2;71;84;132m⣶[38;2;71;82;130m⣶[38;2;70;78;121m⣶[38;2;67;74;108m⣤[39m   [38;2;65;70;98m⢀[38;2;67;73;107m⣤[38;2;68;75;112m⣤⣤[38;2;67;74;110m⣤[38;2;68;75;111m⣤[38;2;68;75;112m⣤[38;2;68;76;114m⣤[38;2;68;75;113m⣤[38;2;67;74;109m⣄[38;2;66;72;102m⡀[39m                                               [38;2;64;69;94m⢠[38;2;65;71;101m⣤[38;2;66;73;106m⣤[38;2;67;73;107m⣴[38;2;67;73;106m⣦[38;2;65;71;101m⣄[39m                [38;2;64;69;93m⢰[38;2;66;72;104m⣿[38;2;68;75;113m⣿[38;2;68;76;115m⣿[38;2;67;74;108m⣿[38;2;64;70;97m⡟[39m      [38;2;62;66;84m⠸[38;2;62;67;87m⣿[38;2;62;66;86m⣿[39m          [38;2;97;76;85m▒[38;2;128;100;113m▓[38;2;159;125;140m▓[38;2;190;149;167m█[38;2;221;174;195m█[39m[48;2;62;58;52m                  
                  [38;2;221;174;195m[48;2;52;48;41m█[38;2;190;149;167m█[38;2;159;125;140m▓[38;2;128;100;113m▓[38;2;97;76;85m▒[39m        [38;2;63;67;88m⣿[38;2;62;66;86m⡇[39m              [38;2;61;65;83m⠘[38;2;62;66;85m⢿[38;2;63;67;89m⣿[38;2;65;71;99m⣶[38;2;71;79;124m⣾[38;2;61;109;158m⣿[38;2;51;141;161m⣿[38;2;67;155;152m⣿[38;2;64;154;153m⣿[38;2;51;144;160m⣿[38;2;51;128;167m⣿[38;2;60;111;159m⣿[38;2;68;94;145m⣿[38;2;71;80;128m⣿[38;2;71;84;132m⣿[38;2;67;98;148m⣿[38;2;61;109;158m⣿[38;2;63;107;156m⣿[38;2;68;96;146m⣿[38;2;70;87;136m⣿[38;2;70;85;133m⣿[38;2;70;87;135m⣿[38;2;69;91;141m⣿[38;2;68;95;145m⣿[38;2;67;98;149m⣿[38;2;67;99;150m⣿[38;2;68;95;145m⣿[38;2;71;84;133m⣷[38;2;68;75;113m⣦[39m                       [38;2;67;73;107m⣠[38;2;68;75;113m⣴[38;2;69;77;117m⣶[38;2;70;78;121m⣶[38;2;71;79;124m⣶⣶[38;2;70;79;124m⣶[38;2;71;80;128m⣶[38;2;70;86;135m⣶[38;2;70;87;136m⣶[38;2;71;81;130m⣤[38;2;69;77;117m⣤[38;2;67;74;108m⣤[38;2;65;71;100m⣄[39m     [38;2;62;66;85m⢠[38;2;64;69;93m⣾[38;2;66;72;104m⣿[38;2;68;76;114m⣿[38;2;70;79;124m⣿[38;2;70;85;134m⣿[38;2;68;95;145m⣿[38;2;67;98;149m⣿[38;2;69;91;140m⣿[38;2;70;78;120m⣦[39m    [38;2;66;72;103m⣀[38;2;67;74;108m⣤[38;2;67;74;109m⣤[38;2;66;73;105m⣄[39m     [38;2;62;67;87m⣸[38;2;64;69;94m⣿[38;2;66;72;103m⣿[38;2;67;73;107m⡿[38;2;66;72;103m⠟[39m         [38;2;62;66;84m⠘[38;2;62;66;86m⢿[39m          [38;2;97;76;85m▒[38;2;128;100;113m▓[38;2;159;125;140m▓[38;2;190;149;167m█[38;2;221;174;195m█[39m[48;2;62;58;52m                  
                  [38;2;221;174;195m[48;2;52;48;41m█[38;2;190;149;167m█[38;2;159;125;140m▓[38;2;128;100;113m▓[38;2;97;76;85m▒[39m        [38;2;62;66;86m⣿[39m                 [38;2;65;70;98m⢹[38;2;70;85;134m⣿[38;2;51;139;162m⣿[38;2;103;168;139m⣿[38;2;159;168;126m⣿[38;2;122;168;135m⣿[38;2;79;160;147m⣿[38;2;51;148;158m⣿[38;2;51;135;164m⣿[38;2;51;132;165m⣿[38;2;51;130;166m⣿[38;2;51;124;168m⣿[38;2;54;120;166m⣿[38;2;54;119;165m⣿[38;2;54;120;166m⣿[38;2;60;111;159m⣿[38;2;68;96;147m⣿[38;2;70;86;135m⣿[38;2;71;83;132m⣿[38;2;70;85;134m⣿[38;2;69;90;139m⣿[38;2;68;95;145m⣿[38;2;67;99;150m⣿[38;2;64;104;154m⣿[38;2;59;112;160m⣿[38;2;56;117;164m⣿[38;2;59;112;160m⣿[38;2;67;99;150m⣿[38;2;69;92;142m⣶[38;2;68;95;145m⣶[38;2;68;94;144m⣾[38;2;71;83;132m⣿[38;2;67;74;110m⣿[38;2;64;69;95m⣿[38;2;62;66;86m⣦[39m   [38;2;61;65;81m⠸[38;2;61;65;83m⣿[38;2;62;66;85m⣿[38;2;62;66;86m⣿[38;2;63;67;89m⣷[38;2;64;69;95m⣶[38;2;65;71;100m⣦[38;2;67;73;106m⣄[38;2;71;81;129m⣠[38;2;62;108;157m⣴[38;2;54;120;166m⣾[38;2;57;116;163m⣿[38;2;68;95;145m⣿[38;2;70;85;134m⣿[38;2;71;83;131m⣿[38;2;70;85;134m⣿[38;2;69;92;142m⣿[38;2;66;102;152m⣿[38;2;56;117;164m⣿[38;2;51;147;159m⣿[38;2;100;167;140m⣿[38;2;128;168;133m⣿[38;2;84;161;146m⣿[38;2;51;137;163m⣿[38;2;57;116;163m⣿[38;2;62;107;156m⣿[38;2;67;98;148m⣿[38;2;70;85;134m⣷[38;2;68;76;115m⣶[38;2;64;70;96m⣴[38;2;62;67;87m⣾[38;2;62;66;86m⡿[38;2;63;68;92m⠿[38;2;66;72;102m⣿[38;2;68;75;112m⣿[38;2;70;78;122m⣿[38;2;70;85;134m⣿[38;2;68;96;146m⣿[38;2;65;102;153m⣿[38;2;67;100;151m⣿[38;2;69;91;140m⣿[38;2;71;84;132m⣿[38;2;70;87;136m⣷[38;2;65;103;153m⣾[38;2;52;123;168m⣿[38;2;51;138;162m⣿[38;2;51;140;161m⣿[38;2;51;135;164m⣿[38;2;51;124;168m⣿[38;2;59;112;160m⣿[38;2;68;95;146m⣿[38;2;71;79;125m⣶[38;2;66;72;103m⣶[38;2;63;68;90m⣾[38;2;62;67;87m⡟[38;2;63;67;89m⠛[39m              [38;2;61;65;83m⡇[39m         [38;2;97;76;85m▒[38;2;128;100;113m▓[38;2;159;125;140m▓[38;2;190;149;167m█[38;2;221;174;195m█[39m[48;2;62;58;52m                  
                  [38;2;221;174;195m[48;2;52;48;41m█[38;2;190;149;167m█[38;2;159;125;140m▓[38;2;128;100;113m▓[38;2;97;76;85m▒[39m       [38;2;67;74;108m⢠[38;2;68;76;114m⣶[39m                 [38;2;66;73;105m⢸[38;2;58;114;161m⣿[38;2;129;168;133m⣿[38;2;211;169;140m⣿[38;2;209;169;135m⣿[38;2;100;167;140m⣿[38;2;51;147;159m⣿[38;2;51;128;167m⣿[38;2;55;118;165m⣿[38;2;51;124;168m⣿[38;2;51;139;162m⣿[38;2;55;151;156m⣿[38;2;59;153;154m⣿[38;2;51;144;160m⣿[38;2;52;123;168m⣿[38;2;67;100;151m⡿[38;2;71;81;129m⠏[39m    [38;2;70;79;123m⠈[38;2;70;85;133m⠻[38;2;68;94;144m⢿[38;2;61;108;157m⣿[38;2;51;129;166m⣿[38;2;51;141;161m⣿[38;2;51;135;163m⣿[38;2;51;124;168m⣿[38;2;57;115;163m⣿[38;2;61;108;157m⣿[38;2;69;91;141m⣿[38;2;68;76;115m⣿[38;2;64;70;96m⣿[38;2;62;66;86m⠇[39m       [38;2;63;67;89m⠻[38;2;65;70;98m⣿[38;2;67;74;110m⣿[38;2;70;88;137m⣿[38;2;51;133;164m⣿[38;2;93;165;142m⣿[38;2;97;166;141m⣿[38;2;51;146;159m⣿[38;2;66;101;152m⣿[38;2;70;85;133m⣿[38;2;71;81;129m⣿[38;2;71;83;131m⣿[38;2;69;91;141m⣿[38;2;65;103;154m⣿[38;2;51;125;168m⣿[38;2;85;162;145m⣿[38;2;202;168;116m⣿[38;2;215;170;148m⣿[38;2;173;168;122m⣿[38;2;69;156;151m⣿[38;2;51;132;165m⣿[38;2;54;120;166m⣿[38;2;56;117;163m⣿[38;2;58;113;161m⣿[38;2;67;100;151m⣿[38;2;71;81;129m⣿[38;2;65;71;99m⣇[39m     [38;2;68;75;113m⠘[38;2;71;83;132m⠻[38;2;68;93;143m⢿[38;2;68;96;146m⣿[38;2;66;102;153m⣿[38;2;52;123;168m⣿[38;2;54;151;156m⣿[38;2;94;165;142m⣿[38;2;109;168;138m⣿[38;2;95;165;142m⣿[38;2;69;156;151m⣿[38;2;51;145;160m⣿[38;2;51;134;164m⣿[38;2;51;131;165m⣿[38;2;51;127;167m⣿[38;2;57;115;162m⣿[38;2;69;91;140m⣿[38;2;67;74;108m⣿[39m               [38;2;62;66;84m⢸[38;2;61;65;83m⡟[39m         [38;2;97;76;85m▒[38;2;128;100;113m▓[38;2;159;125;140m▓[38;2;190;149;167m█[38;2;221;174;195m█[39m[48;2;62;58;52m                  
                  [38;2;221;174;195m[48;2;52;48;41m█[38;2;190;149;167m█[38;2;159;125;140m▓[38;2;128;100;113m▓[38;2;97;76;85m▒[39m      [38;2;66;72;104m⢠[38;2;67;98;148m⣾[38;2;61;109;158m⣿[38;2;67;100;151m⣿[38;2;67;74;108m⡆[39m               [38;2;68;75;111m⢸[38;2;51;125;168m⣿[38;2;172;168;123m⣿[38;2;209;169;135m⣿[38;2;139;168;130m⣿[38;2;59;112;160m⣿[38;2;68;75;111m⠃[39m  [38;2;71;84;133m⢻[38;2;56;116;163m⣿[38;2;51;149;158m⣿[38;2;76;158;149m⣿[38;2;55;151;156m⣿[38;2;54;119;165m⣿[38;2;71;81;129m⣧[39m        [38;2;70;78;122m⠸[38;2;55;118;164m⣿[38;2;60;153;154m⣿[38;2;71;157;150m⣿[38;2;51;146;159m⣿[38;2;52;122;167m⣿[38;2;62;107;157m⣿[38;2;70;87;136m⣿[38;2;67;73;107m⡟[39m          [38;2;64;70;96m⠸[38;2;69;76;116m⢿[38;2;63;105;155m⣿[38;2;64;154;153m⣿[38;2;148;168;128m⣿[38;2;125;168;134m⣿[38;2;51;143;160m⣿[38;2;69;89;138m⡿[38;2;67;74;108m⠃[39m  [38;2;67;74;108m⠈[38;2;71;81;130m⢻[38;2;62;108;157m⣿[38;2;66;155;152m⣿[38;2;190;168;118m⣿[38;2;217;171;154m⣿[38;2;190;168;118m⣿[38;2;75;158;149m⣿[38;2;51;128;167m⣿[38;2;58;114;162m⣿[38;2;57;115;162m⣿[38;2;52;123;168m⣿[38;2;54;120;166m⣿[38;2;66;102;152m⣿[38;2;69;76;116m⣿[39m        [38;2;70;78;120m⢸[38;2;54;120;166m⣿[38;2;98;166;141m⣿[38;2;201;168;116m⣿[38;2;206;168;127m⣿[38;2;155;168;127m⣿[38;2;92;164;143m⣿[38;2;53;150;157m⣿[38;2;51;134;164m⣿[38;2;51;124;168m⣿[38;2;51;128;166m⣿[38;2;51;142;161m⣿[38;2;51;144;160m⣿[38;2;52;123;168m⣿[38;2;70;87;136m⣿[38;2;64;69;95m⡇[39m              [38;2;61;65;83m⠸[39m          [38;2;97;76;85m▒[38;2;128;100;113m▓[38;2;159;125;140m▓[38;2;190;149;167m█[38;2;221;174;195m█[39m[48;2;62;58;52m                  
                  [38;2;221;174;195m[48;2;52;48;41m█[38;2;190;149;167m█[38;2;159;125;140m▓[38;2;128;100;113m▓[38;2;97;76;85m▒[39m      [38;2;67;74;110m⢸[38;2;61;109;158m⣿[38;2;51;125;168m⣿[38;2;56;117;164m⣿[38;2;71;79;125m⣿[39m               [38;2;67;74;110m⣼[38;2;59;112;160m⣿[38;2;79;159;148m⣿[38;2;88;163;144m⣿[38;2;51;141;161m⣿[38;2;70;79;124m⡇[39m    [38;2;70;79;123m⢹[38;2;58;113;161m⣿[38;2;51;145;160m⣿[38;2;60;153;154m⣿[38;2;51;141;161m⣿[38;2;59;111;160m⣿[38;2;71;82;130m⣧[39m        [38;2;62;108;157m⣿[38;2;56;151;156m⣿[38;2;72;157;150m⣿[38;2;51;139;162m⣿[38;2;68;94;144m⣿[38;2;69;77;118m⡿[39m             [38;2;67;73;106m⢸[38;2;65;103;154m⣿[38;2;51;148;158m⣿[38;2;83;161;146m⣿[38;2;51;146;159m⣿[38;2;67;99;149m⡿[39m      [38;2;67;74;108m⠸[38;2;67;98;149m⢿[38;2;51;135;164m⣿[38;2;68;156;151m⣿[38;2;67;155;152m⣿[38;2;51;133;164m⣿[38;2;66;101;152m⣿[38;2;70;79;123m⡏[38;2;71;82;130m⠹[38;2;60;111;159m⣿[38;2;52;123;168m⣿[38;2;58;114;161m⣿[38;2;71;80;127m⣿[39m       [38;2;66;73;105m⢠[38;2;69;91;141m⣾[38;2;51;140;162m⣿[38;2;141;168;130m⣿[38;2;204;168;121m⣿[38;2;168;168;124m⣿[38;2;63;154;153m⣿[38;2;58;113;161m⣿[38;2;71;83;131m⠟[39m  [38;2;70;87;136m⢹[38;2;51;132;165m⣿[38;2;65;155;152m⣿[38;2;51;149;158m⣿[38;2;62;108;157m⣿[38;2;67;74;110m⣷[39m                         [38;2;97;76;85m▒[38;2;128;100;113m▓[38;2;159;125;140m▓[38;2;190;149;167m█[38;2;221;174;195m█[39m[48;2;62;58;52m                  
                  [38;2;221;174;195m[48;2;52;48;41m█[38;2;190;149;167m█[38;2;159;125;140m▓[38;2;128;100;113m▓[38;2;97;76;85m▒[39m      [38;2;66;73;105m⢸[38;2;67;99;150m⣿[38;2;56;116;163m⣿[38;2;59;112;160m⣿[38;2;71;83;132m⣿[38;2;66;72;104m⣇[39m            [38;2;62;66;84m⢠[38;2;63;68;90m⣾[38;2;66;72;102m⣿[38;2;71;82;130m⣿[38;2;62;108;157m⣿[38;2;58;113;161m⣿[38;2;66;101;152m⣿[38;2;70;78;121m⣿[38;2;66;72;103m⡄[39m    [38;2;71;79;124m⢸[38;2;61;109;158m⣿[38;2;51;135;164m⣿[38;2;51;147;159m⣿[38;2;51;142;161m⣿[38;2;51;125;168m⣿[38;2;67;100;151m⣷[38;2;71;79;125m⣦[39m    [38;2;70;78;120m⢠[38;2;62;108;157m⣾[38;2;55;151;156m⣿[38;2;101;167;140m⣿[38;2;77;159;148m⣿[38;2;52;123;168m⣿[38;2;70;78;121m⣿[39m              [38;2;66;72;102m⢸[38;2;68;95;145m⣿[38;2;56;116;163m⣿[38;2;57;114;162m⣿[38;2;70;87;137m⣿[39m        [38;2;67;73;107m⢸[38;2;70;87;136m⣿[38;2;59;113;160m⣿[38;2;51;130;166m⣿⣿[38;2;59;112;160m⣿[38;2;70;88;137m⣷[38;2;70;78;122m⣤[38;2;68;93;143m⣿[38;2;63;107;156m⣿[38;2;65;103;153m⣿[38;2;70;79;123m⣿[39m      [38;2;69;77;119m⢰[38;2;68;94;144m⣾[38;2;56;117;164m⣿[38;2;51;145;159m⣿[38;2;94;165;142m⣿[38;2;95;165;142m⣿[38;2;51;146;159m⣿[38;2;68;95;145m⡿[39m    [38;2;70;78;121m⢸[38;2;51;133;164m⣿[38;2;82;161;146m⣿[38;2;75;158;149m⣿[38;2;54;120;166m⣿[38;2;70;79;123m⣿[38;2;66;72;103m⣷[38;2;64;70;97m⣶[38;2;65;71;100m⣴[38;2;67;73;106m⣶[38;2;68;76;114m⣶[38;2;70;79;123m⣶[38;2;71;84;133m⣶[38;2;69;91;141m⣶[38;2;68;96;146m⣾[38;2;67;97;147m⣿[38;2;67;97;148m⣿[38;2;67;98;149m⣿[38;2;68;96;146m⣿[38;2;70;85;134m⣿[38;2;68;75;113m⣷[39m          [38;2;97;76;85m▒[38;2;128;100;113m▓[38;2;159;125;140m▓[38;2;190;149;167m█[38;2;221;174;195m█[39m[48;2;62;58;52m                  
                  [38;2;221;174;195m[48;2;52;48;41m█[38;2;190;149;167m█[38;2;159;125;140m▓[38;2;128;100;113m▓[38;2;97;76;85m▒[39m       [38;2;68;75;112m⢹[38;2;71;82;130m⣿[38;2;70;85;133m⣿[38;2;71;80;128m⣿[38;2;71;82;131m⣿[38;2;68;94;144m⣿[38;2;61;109;157m⣿[38;2;59;112;160m⣿[38;2;67;97;147m⣷[38;2;69;77;118m⣆[39m       [38;2;62;66;85m⣿[38;2;63;67;88m⡿[38;2;63;68;91m⠟[38;2;64;69;95m⠋[38;2;67;74;108m⢻[38;2;70;78;120m⣿[38;2;71;80;127m⣿[38;2;71;81;129m⣿[38;2;71;82;131m⣿[38;2;70;88;137m⣿[38;2;69;91;140m⣷[38;2;69;90;140m⣶[38;2;70;88;137m⣶[38;2;70;86;135m⣾[38;2;68;95;145m⣿[38;2;58;114;161m⣿[38;2;51;137;163m⣿[38;2;56;152;155m⣿[38;2;68;156;151m⣿[38;2;58;152;155m⣿[38;2;51;144;160m⣿[38;2;51;136;163m⣿[38;2;51;139;162m⣿[38;2;51;148;158m⣿[38;2;66;155;152m⣿[38;2;90;163;144m⣿[38;2;148;168;128m⣿[38;2;191;168;118m⣿[38;2;156;168;126m⣿[38;2;58;152;155m⣿[38;2;65;103;153m⣿[38;2;67;73;107m⡇[39m              [38;2;64;69;93m⢸[38;2;71;79;125m⣿[38;2;68;95;145m⣿[38;2;67;97;147m⣿[38;2;71;82;130m⣿[38;2;67;74;109m⣄[38;2;68;75;111m⣀[38;2;70;85;134m⣤[38;2;66;101;152m⣴[38;2;63;106;155m⣦[38;2;68;94;144m⣤[38;2;69;77;119m⣄[38;2;65;70;98m⣰[38;2;64;69;93m⣾[38;2;66;72;103m⣿[38;2;71;80;128m⣿[38;2;65;104;154m⣿[38;2;52;123;168m⣿[38;2;51;134;164m⣿⣿[38;2;51;127;167m⣿[38;2;52;122;168m⣿[38;2;59;112;160m⣿[38;2;67;97;148m⣿[38;2;70;79;123m⣿[39m   [38;2;68;75;113m⢀[38;2;71;82;130m⣴[38;2;67;98;149m⣾[38;2;59;112;160m⣿[38;2;54;120;166m⣿[38;2;52;123;168m⣿[38;2;53;121;167m⣿[38;2;55;118;165m⣿[38;2;61;110;158m⣿[38;2;68;95;145m⣿[38;2;70;79;123m⣷[38;2;66;72;104m⡄[39m  [38;2;68;75;112m⢠[38;2;68;96;147m⣾[38;2;51;141;161m⣿[38;2;72;157;150m⣿[38;2;51;148;158m⣿[38;2;63;106;156m⣿[38;2;69;77;117m⣿[38;2;66;72;104m⣿[38;2;65;71;101m⣿[38;2;67;74;108m⣿[38;2;69;77;119m⣿[38;2;71;82;131m⣿[38;2;68;93;143m⣿[38;2;63;107;156m⣿[38;2;54;119;165m⣿[38;2;51;126;167m⣿[38;2;51;125;168m⣿[38;2;53;121;166m⣿[38;2;55;118;164m⣿[38;2;56;117;163m⣿[38;2;62;107;157m⣿[38;2;69;90;140m⣿[38;2;68;75;111m⣿[39m         [38;2;97;76;85m▒[38;2;128;100;113m▓[38;2;159;125;140m▓[38;2;190;149;167m█[38;2;221;174;195m█[39m[48;2;62;58;52m                  
                  [38;2;221;174;195m[48;2;52;48;41m█[38;2;190;149;167m█[38;2;159;125;140m▓[38;2;128;100;113m▓[38;2;97;76;85m▒[39m        [38;2;63;68;92m⠈[38;2;65;71;101m⢿[38;2;68;75;113m⣿[38;2;71;83;131m⣿[38;2;67;100;151m⣿[38;2;55;118;164m⣿[38;2;53;121;167m⣿[38;2;64;105;155m⣿[38;2;70;79;124m⣿[39m  [38;2;60;64;79m⠘[38;2;61;64;79m⠋[39m        [38;2;64;69;94m⠘[38;2;67;74;108m⢿[38;2;70;78;121m⣿[38;2;71;83;132m⣿[38;2;69;92;142m⣿[38;2;67;98;149m⣿[38;2;67;100;151m⣿[38;2;67;97;148m⣿[38;2;69;92;142m⣿[38;2;69;90;139m⣿[38;2;68;93;142m⣿[38;2;62;107;156m⣿[38;2;51;129;166m⣿[38;2;51;149;158m⣿[38;2;67;155;152m⣿[38;2;69;156;151m⣿[38;2;75;158;149m⣿[38;2;101;167;140m⣿[38;2;149;168;128m⣿[38;2;167;168;124m⣿[38;2;173;168;122m⣿[38;2;193;168;118m⣿[38;2;184;168;120m⣿[38;2;99;167;140m⣿[38;2;51;129;166m⣿[38;2;70;86;135m⣿[38;2;67;74;109m⣷[38;2;64;70;97m⣆[39m              [38;2;67;73;107m⢻[38;2;71;82;130m⣿[38;2;69;92;142m⣿[38;2;68;94;144m⣿[38;2;65;103;153m⣿[38;2;51;136;163m⣿[38;2;98;166;141m⣿[38;2;187;168;119m⣿[38;2;155;168;127m⣿[38;2;63;154;153m⣿[38;2;67;98;149m⣿[38;2;67;73;107m⣿[38;2;63;67;89m⡿⠛[38;2;64;70;96m⠻[38;2;70;78;120m⢿[38;2;67;99;150m⣿[38;2;52;123;168m⣿[38;2;51;138;162m⣿[38;2;51;142;161m⣿[38;2;51;137;163m⣿[38;2;51;125;168m⣿[38;2;57;115;162m⣿[38;2;62;108;157m⣿[38;2;64;104;154m⣿[38;2;66;101;152m⣿[38;2;66;102;152m⣿[38;2;64;105;155m⣿[38;2;61;109;158m⣿[38;2;57;114;162m⣿[38;2;55;119;165m⣿[38;2;57;115;163m⣿[38;2;65;102;153m⣿[38;2;70;86;135m⣿[38;2;71;79;125m⣿[38;2;71;80;127m⣿[38;2;71;81;129m⣿[38;2;71;79;124m⣿⣿[38;2;71;83;131m⣿[38;2;70;86;135m⣿[38;2;69;89;138m⣿[38;2;64;104;154m⣿[38;2;51;128;166m⣿[38;2;51;133;164m⣿[38;2;58;114;161m⣿[38;2;71;81;129m⣿[38;2;65;71;101m⠿[38;2;64;70;96m⠛[38;2;64;70;97m⠻[38;2;66;73;105m⢿[38;2;69;76;116m⣿[38;2;71;80;128m⣿[38;2;69;91;141m⣿[38;2;63;105;155m⣿[38;2;54;120;166m⣿[38;2;51;130;166m⣿⣿[38;2;51;124;168m⣿[38;2;54;119;165m⣿[38;2;55;118;165m⣿[38;2;58;114;161m⣿[38;2;67;100;151m⣿[38;2;71;79;125m⣿[38;2;65;70;98m⣷[39m        [38;2;97;76;85m▒[38;2;128;100;113m▓[38;2;159;125;140m▓[38;2;190;149;167m█[38;2;221;174;195m█[39m[48;2;62;58;52m                  
                  [38;2;221;174;195m[48;2;52;48;41m█[38;2;190;149;167m█[38;2;159;125;140m▓[38;2;128;100;113m▓[38;2;97;76;85m▒[39m          [38;2;64;70;96m⠘[38;2;69;77;119m⢿[38;2;68;93;143m⣿[38;2;60;111;159m⣿[38;2;57;115;162m⣿[38;2;67;100;150m⣿[38;2;70;78;120m⠟[39m               [38;2;69;77;117m⠻[38;2;70;85;133m⣿[38;2;68;94;144m⣿[38;2;68;96;147m⣿[38;2;68;94;144m⣿[38;2;69;89;138m⣿[38;2;71;83;131m⣿[38;2;71;79;125m⣿[38;2;71;80;127m⣿[38;2;69;91;141m⣿[38;2;60;111;159m⣿[38;2;51;130;166m⣿[38;2;51;144;160m⣿[38;2;63;154;153m⣿[38;2;97;166;141m⣿[38;2;142;168;130m⣿[38;2;155;168;127m⣿[38;2;141;168;130m⣿[38;2;107;168;138m⣿[38;2;65;155;152m⣿[38;2;52;122;167m⣿[38;2;70;87;136m⣿[38;2;68;76;114m⣿[38;2;67;73;107m⣿[38;2;66;72;102m⣿[38;2;64;69;95m⣿[38;2;63;67;89m⣦[39m             [38;2;68;75;111m⣿[38;2;71;81;129m⣿[38;2;68;93;143m⣿[38;2;59;112;160m⣿[38;2;51;150;157m⣿[38;2;147;168;129m⣿[38;2;211;169;139m⣿[38;2;188;168;119m⣿[38;2;72;157;150m⣿[38;2;67;99;150m⣿[38;2;66;72;104m⠇[39m    [38;2;68;75;112m⠘[38;2;68;93;142m⢿[38;2;56;116;163m⣿[38;2;51;130;166m⣿[38;2;51;128;166m⣿[38;2;54;119;165m⣿[38;2;59;112;160m⣿[38;2;60;110;159m⣿[38;2;61;109;158m⣿[38;2;62;107;156m⣿[38;2;63;106;156m⣿[38;2;62;108;157m⣿[38;2;61;109;158m⣿⣿[38;2;65;102;153m⣿[38;2;69;89;138m⡿[38;2;68;75;113m⠋[39m  [38;2;65;71;101m⠘[38;2;68;75;111m⠿[38;2;69;76;116m⣿[38;2;70;79;124m⣿[38;2;71;84;132m⣿[38;2;70;88;137m⣿⣿[38;2;68;93;142m⣿[38;2;68;95;145m⣿[38;2;70;88;137m⡿[38;2;68;76;114m⠏[39m       [38;2;68;75;111m⠈[38;2;71;79;125m⠻[38;2;69;89;139m⢿[38;2;67;98;149m⣿[38;2;67;100;151m⣿[38;2;67;98;148m⣿[38;2;67;97;147m⣿[38;2;66;102;153m⣿[38;2;64;104;154m⣿[38;2;67;97;147m⣿[38;2;71;80;126m⣿[38;2;65;70;98m⣿[39m        [38;2;97;76;85m▒[38;2;128;100;113m▓[38;2;159;125;140m▓[38;2;190;149;167m█[38;2;221;174;195m█[39m[48;2;62;58;52m                  
                  [38;2;221;174;195m[48;2;52;48;41m█[38;2;190;149;167m█[38;2;159;125;140m▓[38;2;128;100;113m▓[38;2;97;76;85m▒[39m                                           [38;2;67;74;110m⠙[38;2;71;80;126m⠿[38;2;68;94;144m⠿[38;2;59;112;160m⣿[38;2;52;122;168m⣿[38;2;54;119;166m⣿[38;2;64;105;155m⣿[38;2;70;86;135m⠿[38;2;69;76;115m⠟[39m  [38;2;64;69;94m⠈[38;2;65;70;98m⠻⢿[38;2;64;69;95m⣿[38;2;63;68;90m⣿[38;2;62;66;84m⣧[38;2;61;65;83m⣠[38;2;62;67;87m⣴[38;2;64;69;93m⣶[38;2;64;69;94m⣶[38;2;63;68;90m⣦[38;2;62;66;84m⡄[39m      [38;2;62;67;87m⠘[38;2;65;71;101m⢿[38;2;70;79;124m⣿[38;2;66;102;152m⣿[38;2;51;140;162m⣿[38;2;95;165;142m⣿[38;2;151;168;128m⣿[38;2;95;165;142m⣿[38;2;51;132;165m⣿[38;2;71;80;126m⠇[39m        [38;2;70;78;120m⠻[38;2;70;85;134m⠿[38;2;69;92;142m⠿[38;2;67;97;147m⣿[38;2;67;100;151m⣿[38;2;66;101;152m⣿[38;2;67;99;149m⣿[38;2;68;96;146m⣿[38;2;69;92;141m⣿[38;2;71;83;132m⠿[38;2;69;76;116m⠟[39m        [38;2;66;73;105m⠈[38;2;69;77;117m⠛[38;2;70;78;122m⠿[38;2;69;77;117m⠿[38;2;66;73;105m⠟[39m             [38;2;65;71;100m⠘[38;2;67;74;109m⢿[38;2;69;76;116m⣿[38;2;70;78;122m⣿[38;2;71;81;130m⣿[38;2;71;84;132m⣿[38;2;71;80;126m⣿[38;2;67;74;109m⣿[38;2;63;68;91m⠇[39m        [38;2;97;76;85m▒[38;2;128;100;113m▓[38;2;159;125;140m▓[38;2;190;149;167m█[38;2;221;174;195m█[39m[48;2;62;58;52m                  
                  [38;2;221;174;195m[48;2;52;48;41m█[38;2;190;149;167m█[38;2;159;125;140m▓[38;2;128;100;113m▓[38;2;97;76;85m▒[39m                                                            [38;2;61;65;83m⠘[38;2;62;67;87m⢻[38;2;64;69;93m⣿[38;2;64;69;95m⣿[38;2;63;68;92m⣿[38;2;62;66;86m⣿[39m         [38;2;66;73;105m⠹[38;2;70;78;120m⠿[38;2;71;83;131m⠿[38;2;71;82;131m⠿[38;2;69;77;117m⠏[39m                                                 [38;2;64;69;94m⠈[38;2;66;73;106m⠻[38;2;68;76;115m⠿[38;2;68;76;114m⠿[38;2;66;73;105m⠟[39m          [38;2;97;76;85m▒[38;2;128;100;113m▓[38;2;159;125;140m▓[38;2;190;149;167m█[38;2;221;174;195m█[39m[48;2;62;58;52m                  
                  [38;2;221;174;195m[48;2;52;48;41m█[38;2;190;149;167m█[38;2;159;125;140m▓[38;2;128;100;113m▓[38;2;97;76;85m▒[39m                                                                [38;2;62;67;87m⠉[39m                                                                               [38;2;97;76;85m▒[38;2;128;100;113m▓[38;2;159;125;140m▓[38;2;190;149;167m█[38;2;221;174;195m█[39m[48;2;62;58;52m                  
                  [38;2;221;174;195m[48;2;52;48;41m█[38;2;190;149;167m█[38;2;159;125;140m▓[38;2;128;100;113m▓[38;2;97;76;85m▒[39m                                                                                                                                                [38;2;97;76;85m▒[38;2;128;100;113m▓[38;2;159;125;140m▓[38;2;190;149;167m█[38;2;221;174;195m█[39m[48;2;62;58;52m                  
                  [38;2;221;174;195m[48;2;52;48;41m█[38;2;190;149;167m█[38;2;159;125;140m▓[38;2;128;100;113m▓[38;2;97;76;85m▒[39m                                                                                                                                                [38;2;97;76;85m▒[38;2;128;100;113m▓[38;2;159;125;140m▓[38;2;190;149;167m█[38;2;221;174;195m█[39m[48;2;62;58;52m                  
                  [38;2;221;174;195m[48;2;52;48;41m█[38;2;190;149;167m█[38;2;159;125;140m▓[38;2;128;100;113m▓[38;2;97;76;85m▒[39m                                                                                                                                                [38;2;97;76;85m▒[38;2;128;100;113m▓[38;2;159;125;140m▓[38;2;190;149;167m█[38;2;221;174;195m█[39m[48;2;62;58;52m                  
                  [38;2;221;174;195m[48;2;52;48;41m█[38;2;190;149;167m█[38;2;159;125;140m▓[38;2;128;100;113m▓[38;2;97;76;85m▒[39m                                                                                                                                                [38;2;97;76;85m▒[38;2;128;100;113m▓[38;2;159;125;140m▓[38;2;190;149;167m█[38;2;221;174;195m█[39m[48;2;62;58;52m                  
                  [38;2;221;174;195m[48;2;52;48;41m█[38;2;190;149;167m█[38;2;159;125;140m▓[38;2;128;100;113m▓[38;2;97;76;85m▒[39m                                                                                                                 [38;2;61;65;81m⣆[39m                              [38;2;97;76;85m▒[38;2;128;100;113m▓[38;2;159;125;140m▓[38;2;190;149;167m█[38;2;221;174;195m█[39m[48;2;62;58;52m                  
                  [38;2;221;174;195m[48;2;52;48;41m█[38;2;190;149;167m█[38;2;159;125;140m▓[38;2;128;100;113m▓[38;2;97;76;85m▒[39m                                                                                                                 [38;2;61;65;82m⣿[39m                              [38;2;97;76;85m▒[38;2;128;100;113m▓[38;2;159;125;140m▓[38;2;190;149;167m█[38;2;221;174;195m█[39m[48;2;62;58;52m                  
                  [38;2;221;174;195m[48;2;52;48;41m█[38;2;190;149;167m█[38;2;159;125;140m▓[38;2;128;100;113m▓[38;2;97;76;85m▒[39m                                                                                                                 [38;2;61;65;82m⢸[39m                              [38;2;97;76;85m▒[38;2;128;100;113m▓[38;2;159;125;140m▓[38;2;190;149;167m█[38;2;221;174;195m█[39m[48;2;62;58;52m                  
                  [38;2;221;174;195m[48;2;52;48;41m█[38;2;190;149;167m█[38;2;159;125;140m▓[38;2;128;100;113m▓[38;2;97;76;85m▒[39m                                                                                                                                                [38;2;97;76;85m▒[38;2;128;100;113m▓[38;2;159;125;140m▓[38;2;190;149;167m█[38;2;221;174;195m█[39m[48;2;62;58;52m                  
                  [38;2;221;174;195m[48;2;52;48;41m█[38;2;190;149;167m█[38;2;159;125;140m▓[38;2;128;100;113m▓[38;2;97;76;85m▒[39m                                                                                                                                                [38;2;97;76;85m▒[38;2;128;100;113m▓[38;2;159;125;140m▓[38;2;190;149;167m█[38;2;221;174;195m█[39m[48;2;62;58;52m                  
                  [38;2;221;174;195m[48;2;52;48;41m█[38;2;190;149;167m█[38;2;159;125;140m▓[38;2;128;100;113m▓[38;2;97;76;85m▒[39m                                                                                                                                   [38;2;61;65;82m⢸[38;2;62;66;84m⣷[39m           [38;2;97;76;85m▒[38;2;128;100;113m▓[38;2;159;125;140m▓[38;2;190;149;167m█[38;2;221;174;195m█[39m[48;2;62;58;52m                  
                  [38;2;221;174;195m[48;2;52;48;41m█[38;2;190;149;167m█[38;2;159;125;140m▓[38;2;128;100;113m▓[38;2;97;76;85m▒[39m                                                                                                                                    [38;2;62;66;84m⢿[38;2;61;65;83m⣷[39m          [38;2;97;76;85m▒[38;2;128;100;113m▓[38;2;159;125;140m▓[38;2;190;149;167m█[38;2;221;174;195m█[39m[48;2;62;58;52m                  
                  [38;2;221;174;195m[48;2;52;48;41m█[38;2;190;149;167m█[38;2;159;125;140m▓[38;2;128;100;113m▓[38;2;97;76;85m▒[39m                                                                                                                                                [38;2;97;76;85m▒[38;2;128;100;113m▓[38;2;159;125;140m▓[38;2;190;149;167m█[38;2;221;174;195m█[39m[48;2;62;58;52m                  
                  [38;2;221;174;195m[48;2;52;48;41m█[38;2;190;149;167m█[38;2;159;125;140m▓[38;2;128;100;113m▓[38;2;97;76;85m▒[39m                                                                                                                                                [38;2;97;76;85m▒[38;2;128;100;113m▓[38;2;159;125;140m▓[38;2;190;149;167m█[38;2;221;174;195m█[39m[48;2;62;58;52m                  
                  [38;2;221;174;195m[48;2;52;48;41m█[38;2;190;149;167m█[38;2;159;125;140m▓[38;2;128;100;113m▓[38;2;97;76;85m▒[39m      [38;2;60;64;79m⠘[38;2;61;64;79m⠋[38;2;60;64;79m⠈[39m                           [38;2;61;64;80m⢰[38;2;61;65;82m⣶[38;2;61;65;81m⣾[39m                                                                                                         [38;2;97;76;85m▒[38;2;128;100;113m▓[38;2;159;125;140m▓[38;2;190;149;167m█[38;2;221;174;195m█[39m[48;2;62;58;52m                  
                  [38;2;221;174;195m[48;2;52;48;41m█[38;2;190;149;167m█[38;2;159;125;140m▓[38;2;128;100;113m▓[38;2;97;76;85m▒[39m                                                                                                                                                [38;2;97;76;85m▒[38;2;128;100;113m▓[38;2;159;125;140m▓[38;2;190;149;167m█[38;2;221;174;195m█[39m[48;2;62;58;52m                  
                  [38;2;221;174;195m[48;2;52;48;41m█[38;2;190;149;167m█[38;2;159;125;140m▓[38;2;128;100;113m▓[38;2;97;76;85m▒[39m                                                                                                                                                [38;2;97;76;85m▒[38;2;128;100;113m▓[38;2;159;125;140m▓[38;2;190;149;167m█[38;2;221;174;195m█[39m[48;2;62;58;52m                  
                  [38;2;221;174;195m[48;2;52;48;41m█[38;2;190;149;167m█[38;2;159;125;140m▓[38;2;128;100;113m▓[38;2;97;76;85m▒[39m                                                                                                                                                [38;2;97;76;85m▒[38;2;128;100;113m▓[38;2;159;125;140m▓[38;2;190;149;167m█[38;2;221;174;195m█[39m[48;2;62;58;52m                  
                  [38;2;221;174;195m[48;2;52;48;41m█[38;2;190;149;167m█[38;2;159;125;140m▓[38;2;128;100;113m▓[38;2;97;76;85m▒[39m                                                                                                                                                [38;2;97;76;85m▒[38;2;128;100;113m▓[38;2;159;125;140m▓[38;2;190;149;167m█[38;2;221;174;195m█[39m[48;2;62;58;52m                  
                  [38;2;221;174;195m[48;2;52;48;41m█[38;2;190;149;167m█[38;2;159;125;140m▓[38;2;128;100;113m▓[38;2;97;76;85m▒[39m                                                                                                                                                [38;2;97;76;85m▒[38;2;128;100;113m▓[38;2;159;125;140m▓[38;2;190;149;167m█[38;2;221;174;195m█[39m[48;2;62;58;52m                  
                  [38;2;221;174;195m[48;2;52;48;41m█[38;2;190;149;167m█[38;2;159;125;140m▓[38;2;128;100;113m▓[38;2;97;76;85m▒[39m                                                                                                                                                [38;2;97;76;85m▒[38;2;128;100;113m▓[38;2;159;125;140m▓[38;2;190;149;167m█[38;2;221;174;195m█[39m[48;2;62;58;52m                  
                  [38;2;221;174;195m[48;2;52;48;41m█[38;2;190;149;167m█[38;2;159;125;140m▓[38;2;143;113;126m▓▓▓▓▓▓▓▓▓▓▓▓▓▓▓▓▓▓▓▓▓▓▓▓▓▓▓▓▓▓▓▓▓▓▓▓▓▓▓▓▓▓▓▓▓▓▓▓▓▓▓▓▓▓▓▓▓▓▓▓▓▓▓▓▓▓▓▓▓▓▓▓▓▓▓▓▓▓▓▓▓▓▓▓▓▓▓▓▓▓▓▓▓▓▓▓▓▓▓▓▓▓▓▓▓▓▓▓▓▓▓▓▓▓▓▓▓▓▓▓▓▓▓▓▓▓▓▓▓▓▓▓▓▓▓▓▓▓▓▓▓▓▓▓▓▓▓▓[38;2;159;125;140m▓[38;2;190;149;167m█[38;2;221;174;195m█[39m[48;2;62;58;52m                  
                  [38;2;221;174;195m[48;2;52;48;41m██████████████████████████████████████████████████████████████████████████████████████████████████████████████████████████████████████████████████████████[39m[48;2;62;58;52m                  
                                                                                                                                                                                              
                                                                                                                                                                                              
