[48;2;26;22;20m                                                                                                                                                                                              
                                                                                                                                                                                              
                  [38;2;107;32;148m[48;2;34;29;24m██████████████████████████████████████████████████████████████████████████████████████████████████████████████████████████████████████████████████████████[39m[48;2;26;22;20m                  
                  [38;2;107;32;148m[48;2;34;29;24m█[38;2;92;27;127m█[38;2;77;23;106m▓[38;2;69;20;96m▓▓▓▓▓▓▓▓▓▓▓▓▓▓▓▓▓▓▓▓▓▓▓▓▓▓▓▓▓▓▓▓▓▓▓▓▓▓▓▓▓▓▓▓▓▓▓▓▓▓▓▓▓▓▓▓▓▓▓▓▓▓▓▓▓▓▓▓▓▓▓▓▓▓▓▓▓▓▓▓▓▓▓▓▓▓▓▓▓▓▓▓▓▓▓▓▓▓▓▓▓▓▓▓▓▓▓▓▓▓▓▓▓▓▓▓▓▓▓▓▓▓▓▓▓▓▓▓▓▓▓▓▓▓▓▓▓▓▓▓▓▓▓▓▓▓▓▓[38;2;77;23;106m▓[38;2;92;27;127m█[38;2;107;32;148m█[39m[48;2;26;22;20m                  
                  [38;2;107;32;148m[48;2;34;29;24m█[38;2;92;27;127m█[38;2;77;23;106m▓[38;2;62;18;85m▓[38;2;47;14;65m▒[38;2;44;38;85m⡏[38;2;44;39;87m⢰[38;2;44;39;88m⣇[39m                                                                                                                                             [38;2;47;14;65m▒[38;2;62;18;85m▓[38;2;77;23;106m▓[38;2;92;27;127m█[38;2;107;32;148m█[39m[48;2;26;22;20m                  
                  [38;2;107;32;148m[48;2;34;29;24m█[38;2;92;27;127m█[38;2;77;23;106m▓[38;2;62;18;85m▓[38;2;47;14;65m▒[38;2;43;38;84m⣀[38;2;44;39;88m⣿[38;2;45;41;93m⣿⣿[39m                                                                                                                                            [38;2;47;14;65m▒[38;2;62;18;85m▓[38;2;77;23;106m▓[38;2;92;27;127m█[38;2;107;32;148m█[39m[48;2;26;22;20m                  
                  [38;2;107;32;148m[48;2;34;29;24m█[38;2;92;27;127m█[38;2;77;23;106m▓[38;2;62;18;85m▓[38;2;47;14;65m▒[38;2;43;36;81m⠈[38;2;44;38;86m⠸[38;2;46;43;97m⢿[38;2;48;46;103m⣿[38;2;47;44;100m⣿[39m                                                                                                                                           [38;2;47;14;65m▒[38;2;62;18;85m▓[38;2;77;23;106m▓[38;2;92;27;127m█[38;2;107;32;148m█[39m[48;2;26;22;20m                  
                  [38;2;107;32;148m[48;2;34;29;24m█[38;2;92;27;127m█[38;2;77;23;106m▓[38;2;62;18;85m▓[38;2;47;14;65m▒[39m  [38;2;45;42;93m⢸[38;2;48;47;107m⣿[38;2;48;49;111m⣿[38;2;47;45;101m⣷[39m                                                                                                                                          [38;2;47;14;65m▒[38;2;62;18;85m▓[38;2;77;23;106m▓[38;2;92;27;127m█[38;2;107;32;148m█[39m[48;2;26;22;20m                  
                  [38;2;107;32;148m[48;2;34;29;24m█[38;2;92;27;127m█[38;2;77;23;106m▓[38;2;62;18;85m▓[38;2;47;14;65m▒[39m   [38;2;47;44;99m⢹[38;2;48;49;110m⣿[38;2;48;48;107m⣿[38;2;46;42;95m⡇[39m                                                                                                                                         [38;2;47;14;65m▒[38;2;62;18;85m▓[38;2;77;23;106m▓[38;2;92;27;127m█[38;2;107;32;148m█[39m[48;2;26;22;20m                  
                  [38;2;107;32;148m[48;2;34;29;24m█[38;2;92;27;127m█[38;2;77;23;106m▓[38;2;62;18;85m▓[38;2;47;14;65m▒[39m    [38;2;46;43;97m⢻[38;2;47;45;101m⣿[38;2;46;43;96m⣿[39m                                                                                                                                         [38;2;47;14;65m▒[38;2;62;18;85m▓[38;2;77;23;106m▓[38;2;92;27;127m█[38;2;107;32;148m█[39m[48;2;26;22;20m                  
                  [38;2;107;32;148m[48;2;34;29;24m█[38;2;92;27;127m█[38;2;77;23;106m▓[38;2;62;18;85m▓[38;2;47;14;65m▒[39m     [38;2;45;40;90m⠸[38;2;45;41;92m⣿[38;2;44;39;88m⣷[39m                                                                                                                                        [38;2;47;14;65m▒[38;2;62;18;85m▓[38;2;77;23;106m▓[38;2;92;27;127m█[38;2;107;32;148m█[39m[48;2;26;22;20m                  
                  [38;2;107;32;148m[48;2;34;29;24m█[38;2;92;27;127m█[38;2;77;23;106m▓[38;2;62;18;85m▓[38;2;47;14;65m▒[39m      [38;2;43;38;85m⢸[38;2;44;38;86m⣿[39m                                                                                                                                        [38;2;47;14;65m▒[38;2;62;18;85m▓[38;2;77;23;106m▓[38;2;92;27;127m█[38;2;107;32;148m█[39m[48;2;26;22;20m                  
                  [38;2;107;32;148m[48;2;34;29;24m█[38;2;92;27;127m█[38;2;77;23;106m▓[38;2;62;18;85m▓[38;2;47;14;65m▒[39m       [38;2;43;37;84m⠘[39m                                                                                                                                        [38;2;47;14;65m▒[38;2;62;18;85m▓[38;2;77;23;106m▓[38;2;92;27;127m█[38;2;107;32;148m█[39m[48;2;26;22;20m                  
                  [38;2;107;32;148m[48;2;34;29;24m█[38;2;92;27;127m█[38;2;77;23;106m▓[38;2;62;18;85m▓[38;2;47;14;65m▒[39m        [38;2;45;41;93m⣶[38;2;45;41;92m⡄[39m                                                                                                                                      [38;2;47;14;65m▒[38;2;62;18;85m▓[38;2;77;23;106m▓[38;2;92;27;127m█[38;2;107;32;148m█[39m[48;2;26;22;20m                  
                  [38;2;107;32;148m[48;2;34;29;24m█[38;2;92;27;127m█[38;2;77;23;106m▓[38;2;62;18;85m▓[38;2;47;14;65m▒[39m       [38;2;45;41;92m⢠[38;2;48;50;113m⣿[38;2;49;51;115m⣿[38;2;47;45;101m⡇[39m                                                                                                                                     [38;2;47;14;65m▒[38;2;62;18;85m▓[38;2;77;23;106m▓[38;2;92;27;127m█[38;2;107;32;148m█[39m[48;2;26;22;20m                  
                  [38;2;107;32;148m[48;2;34;29;24m█[38;2;92;27;127m█[38;2;77;23;106m▓[38;2;62;18;85m▓[38;2;47;14;65m▒[39m       [38;2;46;43;96m⢸[38;2;49;54;122m⣿[38;2;50;56;126m⣿[38;2;48;49;111m⣿[39m                                                                                                                                     [38;2;47;14;65m▒[38;2;62;18;85m▓[38;2;77;23;106m▓[38;2;92;27;127m█[38;2;107;32;148m█[39m[48;2;26;22;20m                  
                  [38;2;107;32;148m[48;2;34;29;24m█[38;2;92;27;127m█[38;2;77;23;106m▓[38;2;62;18;85m▓[38;2;47;14;65m▒[39m        [38;2;49;53;120m⣿[38;2;50;55;125m⣿[38;2;48;49;110m⣿[39m                                                     [38;2;42;35;79m⢰⣦[39m                                                                              [38;2;47;14;65m▒[38;2;62;18;85m▓[38;2;77;23;106m▓[38;2;92;27;127m█[38;2;107;32;148m█[39m[48;2;26;22;20m                  
                  [38;2;107;32;148m[48;2;34;29;24m█[38;2;92;27;127m█[38;2;77;23;106m▓[38;2;62;18;85m▓[38;2;47;14;65m▒[39m        [38;2;48;47;107m⣿[38;2;48;49;110m⣿[38;2;47;44;98m⡇[39m                                                     [38;2;42;36;80m⠸⡟[39m                                                         [38;2;46;43;96m⣴[38;2;46;42;94m⣶[38;2;44;39;87m⣦[39m                  [38;2;47;14;65m▒[38;2;62;18;85m▓[38;2;77;23;106m▓[38;2;92;27;127m█[38;2;107;32;148m█[39m[48;2;26;22;20m                  
                  [38;2;107;32;148m[48;2;34;29;24m█[38;2;92;27;127m█[38;2;77;23;106m▓[38;2;62;18;85m▓[38;2;47;14;65m▒[39m        [38;2;47;44;100m⣿[38;2;47;45;101m⣿[38;2;45;40;90m⡇[39m          [38;2;42;35;78m⡄[39m                                                                                                  [38;2;46;42;94m⢠[38;2;48;48;108m⣶[38;2;49;51;116m⣿[38;2;48;50;113m⣿[38;2;47;45;102m⣿[38;2;44;40;89m⣿[39m    [38;2;42;35;79m⠈[38;2;43;37;84m⢻[38;2;43;38;85m⣷[38;2;43;37;83m⡄[39m          [38;2;47;14;65m▒[38;2;62;18;85m▓[38;2;77;23;106m▓[38;2;92;27;127m█[38;2;107;32;148m█[39m[48;2;26;22;20m                  
                  [38;2;107;32;148m[48;2;34;29;24m█[38;2;92;27;127m█[38;2;77;23;106m▓[38;2;62;18;85m▓[38;2;47;14;65m▒[39m        [38;2;45;42;94m⣿[38;2;45;41;93m⣿[39m             [38;2;42;36;80m⢻[38;2;43;37;82m⣷⣦[39m   [38;2;47;44;99m⢀[38;2;49;52;118m⣴[38;2;50;59;135m⣶[38;2;48;65;142m⣶[38;2;49;62;139m⣶[38;2;50;56;128m⣶[38;2;48;50;112m⣤[38;2;47;44;98m⡀[39m  [38;2;47;44;100m⢀[38;2;48;49;111m⣤[38;2;49;52;117m⣤⣤[38;2;49;51;114m⣤⣤[38;2;49;51;116m⣤[38;2;49;52;118m⣤[38;2;49;52;117m⣤[38;2;48;49;112m⣄[38;2;48;46;104m⡀[39m                                               [38;2;46;42;95m⣠[38;2;48;46;103m⣤[38;2;48;48;108m⣤[38;2;48;49;111m⣴[38;2;48;49;110m⣶[38;2;48;46;104m⣄[39m                [38;2;45;41;92m⢰[38;2;48;47;105m⣿[38;2;49;51;116m⣿[38;2;49;52;119m⣿[38;2;48;49;111m⣿[38;2;47;44;98m⡟[39m      [38;2;43;37;83m⠘[38;2;44;39;87m⣿[38;2;43;38;85m⣿[39m          [38;2;47;14;65m▒[38;2;62;18;85m▓[38;2;77;23;106m▓[38;2;92;27;127m█[38;2;107;32;148m█[39m[48;2;26;22;20m                  
                  [38;2;107;32;148m[48;2;34;29;24m█[38;2;92;27;127m█[38;2;77;23;106m▓[38;2;62;18;85m▓[38;2;47;14;65m▒[39m        [38;2;44;39;88m⣿[38;2;44;38;86m⡇[39m              [38;2;43;36;82m⠘[38;2;43;38;84m⢿[38;2;44;40;89m⣿[38;2;47;45;101m⣶[38;2;50;59;134m⣾[38;2;20;94;167m⣿[38;2;0;127;176m⣿[38;2;0;144;182m⣿[38;2;0;141;181m⣿[38;2;0;128;176m⣿[38;2;0;112;175m⣿[38;2;19;94;168m⣿[38;2;42;75;154m⣿[38;2;50;60;136m⣿[38;2;48;63;140m⣿[38;2;41;78;158m⣿[38;2;23;92;166m⣿[38;2;27;89;165m⣿[38;2;42;76;156m⣿[38;2;47;67;144m⣿[38;2;48;64;141m⣿[38;2;47;66;143m⣿[38;2;45;70;148m⣿[38;2;43;74;153m⣿[38;2;41;78;157m⣿[38;2;40;79;159m⣿[38;2;42;75;154m⣿[38;2;48;64;140m⣷[38;2;49;52;117m⣦[39m                       [38;2;48;49;110m⣠[38;2;49;51;116m⣴[38;2;49;54;122m⣶[38;2;50;56;127m⣶[38;2;50;58;131m⣶⣶[38;2;50;57;130m⣶[38;2;50;60;136m⣶[38;2;48;65;142m⣶[38;2;47;66;143m⣶[38;2;50;60;137m⣤[38;2;49;54;123m⣤[38;2;48;49;112m⣤[38;2;47;45;102m⣄[39m     [38;2;43;38;84m⢠[38;2;45;42;94m⣾[38;2;48;47;107m⣿[38;2;49;53;119m⣿[38;2;50;57;130m⣿[38;2;47;65;143m⣿[38;2;42;76;155m⣿[38;2;40;79;158m⣿[38;2;45;71;149m⣿[38;2;50;55;125m⣦[39m    [38;2;48;47;105m⣠[38;2;48;50;112m⣤[38;2;48;50;113m⣤[38;2;48;48;108m⣄[38;2;46;44;98m⡀[39m    [38;2;44;38;85m⣸[38;2;45;42;94m⣿[38;2;48;46;103m⣿[38;2;48;48;108m⡿[38;2;48;46;104m⠟[39m          [38;2;43;38;85m⢻[39m          [38;2;47;14;65m▒[38;2;62;18;85m▓[38;2;77;23;106m▓[38;2;92;27;127m█[38;2;107;32;148m█[39m[48;2;26;22;20m                  
                  [38;2;107;32;148m[48;2;34;29;24m█[38;2;92;27;127m█[38;2;77;23;106m▓[38;2;62;18;85m▓[38;2;47;14;65m▒[39m        [38;2;43;38;84m⣿[39m                 [38;2;47;44;99m⢸[38;2;47;66;144m⣿[38;2;0;125;176m⣿[38;2;3;161;191m⣿[38;2;28;175;197m⣿[38;2;9;165;193m⣿[38;2;0;148;184m⣿[38;2;0;132;176m⣿[38;2;0;119;175m⣿[38;2;0;116;175m⣿[38;2;0;115;175m⣿[38;2;0;108;175m⣿[38;2;6;103;172m⣿[38;2;7;102;172m⣿[38;2;6;103;172m⣿[38;2;21;93;167m⣿[38;2;41;77;156m⣿[38;2;47;66;143m⣿[38;2;49;63;139m⣿[38;2;48;64;141m⣿[38;2;46;69;147m⣿[38;2;43;74;153m⣿[38;2;40;79;158m⣿[38;2;34;84;163m⣿[38;2;21;93;167m⣿[38;2;11;100;171m⣿[38;2;19;95;168m⣿[38;2;40;79;159m⣿[38;2;45;71;149m⣶[38;2;43;74;153m⣶⣾[38;2;48;64;141m⣿[38;2;49;51;115m⣿[38;2;46;43;96m⣿[38;2;44;38;86m⣷[38;2;42;36;80m⡄[39m  [38;2;42;36;80m⢸[38;2;43;37;82m⣿[38;2;43;38;84m⣿[38;2;44;38;86m⣿[38;2;44;40;89m⣷[38;2;46;43;96m⣶[38;2;47;45;101m⣦[38;2;48;48;108m⣄[38;2;50;60;136m⣠[38;2;28;88;165m⣴[38;2;9;101;171m⣾[38;2;18;95;168m⣿[38;2;43;73;152m⣿[38;2;48;63;140m⣿[38;2;50;61;137m⣿[38;2;48;64;141m⣿[38;2;44;72;150m⣿[38;2;37;82;161m⣿[38;2;10;101;171m⣿[38;2;0;132;176m⣿[38;2;0;159;190m⣿[38;2;11;166;193m⣿[38;2;0;150;186m⣿[38;2;0;121;176m⣿[38;2;12;99;170m⣿[38;2;27;89;165m⣿[38;2;41;79;158m⣿[38;2;47;66;143m⣷[38;2;49;53;121m⣶[38;2;46;43;98m⣶[38;2;44;39;87m⣾[38;2;44;38;86m⡿[38;2;45;41;93m⠿[38;2;48;46;104m⣿[38;2;49;51;116m⣿[38;2;50;56;128m⣿[38;2;48;65;142m⣿[38;2;41;77;156m⣿[38;2;36;83;162m⣿[38;2;40;79;159m⣿[38;2;45;70;148m⣿[38;2;49;63;140m⣿[38;2;47;67;145m⣿[38;2;33;85;163m⣿[38;2;0;109;175m⣿[38;2;0;124;176m⣿[38;2;0;125;176m⣿[38;2;0;118;175m⣿[38;2;0;107;174m⣿[38;2;19;94;168m⣿[38;2;42;76;155m⣿[38;2;50;59;134m⣷[38;2;48;47;105m⣶[38;2;45;40;91m⣾[38;2;44;39;87m⡟⠋[39m             [38;2;43;37;83m⢰[38;2;43;37;82m⣇[39m         [38;2;47;14;65m▒[38;2;62;18;85m▓[38;2;77;23;106m▓[38;2;92;27;127m█[38;2;107;32;148m█[39m[48;2;26;22;20m                  
                  [38;2;107;32;148m[48;2;34;29;24m█[38;2;92;27;127m█[38;2;77;23;106m▓[38;2;62;18;85m▓[38;2;47;14;65m▒[39m        [38;2;48;50;113m⣶[39m                 [38;2;48;48;108m⢸[38;2;13;98;170m⣿[38;2;15;168;194m⣿[38;2;63;192;203m⣿[38;2;58;190;202m⣿[38;2;0;157;189m⣿[38;2;0;129;176m⣿[38;2;0;111;175m⣿[38;2;9;101;171m⣿[38;2;0;107;174m⣿[38;2;0;123;176m⣿[38;2;0;136;178m⣿[38;2;0;138;179m⣿[38;2;0;127;176m⣿[38;2;1;106;174m⣿[38;2;40;80;160m⡿[38;2;50;60;136m⠋[39m    [38;2;50;56;128m⠈[38;2;49;63;140m⠹[38;2;43;73;151m⢿[38;2;28;89;165m⣿[38;2;0;112;175m⣿[38;2;0;125;176m⣿[38;2;0;119;175m⣿[38;2;0;107;174m⣿[38;2;14;97;169m⣿[38;2;25;90;166m⣿[38;2;44;72;151m⣿[38;2;49;53;121m⣿[38;2;46;43;98m⣿[38;2;44;38;86m⠇[39m       [38;2;44;40;89m⠻[38;2;47;44;100m⣿[38;2;49;50;114m⣿[38;2;45;69;147m⣿[38;2;0;120;175m⣿[38;2;0;156;188m⣿[38;2;0;156;189m⣿[38;2;0;127;176m⣿[38;2;41;78;158m⣿[38;2;49;63;139m⣿[38;2;50;59;135m⣿[38;2;49;62;138m⣿[38;2;45;70;149m⣿[38;2;34;84;162m⣿[38;2;0;111;175m⣿[38;2;0;153;187m⣿[38;2;48;186;201m⣿[38;2;66;193;203m⣿[38;2;32;177;197m⣿[38;2;0;143;181m⣿[38;2;0;116;175m⣿[38;2;5;104;173m⣿[38;2;12;99;170m⣿[38;2;17;96;168m⣿[38;2;39;81;161m⣿[38;2;50;61;137m⣿[38;2;47;45;101m⣧[39m     [38;2;49;52;118m⠘[38;2;49;63;140m⠻[38;2;44;72;151m⢿[38;2;42;75;154m⣿[38;2;39;81;161m⣿[38;2;0;107;174m⣿[38;2;0;137;178m⣿[38;2;0;158;189m⣿[38;2;6;163;192m⣿[38;2;0;157;189m⣿[38;2;0;143;181m⣿[38;2;0;127;176m⣿[38;2;0;116;175m⣿[38;2;0;114;175m⣿[38;2;0;111;175m⣿[38;2;13;98;170m⣿[38;2;44;72;150m⣿[38;2;48;50;112m⣿[39m               [38;2;43;37;83m⢸[38;2;43;37;82m⡟[39m         [38;2;47;14;65m▒[38;2;62;18;85m▓[38;2;77;23;106m▓[38;2;92;27;127m█[38;2;107;32;148m█[39m[48;2;26;22;20m                  
                  [38;2;107;32;148m[48;2;34;29;24m█[38;2;92;27;127m█[38;2;77;23;106m▓[38;2;62;18;85m▓[38;2;47;14;65m▒[39m       [38;2;42;76;155m⣾[38;2;29;88;164m⣿[38;2;41;78;157m⣿[38;2;48;48;109m⡆[39m               [38;2;49;51;115m⢸[38;2;0;110;175m⣿[38;2;32;178;197m⣿[38;2;56;189;202m⣿[38;2;12;166;193m⣿[38;2;27;89;165m⣿[39m   [38;2;49;62;139m⢻[38;2;14;98;169m⣿[38;2;0;132;176m⣿[38;2;0;146;183m⣿[38;2;0;134;177m⣿[38;2;10;100;171m⣿[38;2;50;59;134m⣇[39m        [38;2;50;55;126m⠸[38;2;12;99;170m⣿[38;2;0;137;178m⣿[38;2;0;143;182m⣿[38;2;0;130;176m⣿[38;2;2;106;173m⣿[38;2;27;89;165m⣿[38;2;46;68;145m⣿[38;2;48;49;111m⡿[39m          [38;2;46;43;97m⠸[38;2;49;54;122m⣿[38;2;26;90;165m⣿[38;2;0;144;182m⣿[38;2;24;173;196m⣿[38;2;9;165;192m⣿[38;2;0;124;176m⣿[38;2;48;65;142m⡿[39m   [38;2;48;49;110m⠈[38;2;50;61;137m⢻[38;2;24;91;166m⣿[38;2;0;143;182m⣿[38;2;42;183;200m⣿[38;2;69;195;204m⣿[38;2;39;181;199m⣿[38;2;0;145;183m⣿[38;2;0;112;175m⣿[38;2;17;96;168m⣿[38;2;16;96;169m⣿[38;2;0;107;174m⣿[38;2;5;104;173m⣿[38;2;36;83;162m⣿[38;2;49;54;122m⣿[39m        [38;2;49;54;124m⢸[38;2;9;101;171m⣿[38;2;0;157;189m⣿[38;2;47;186;201m⣿[38;2;57;190;202m⣿[38;2;27;174;196m⣿[38;2;0;155;188m⣿[38;2;0;134;177m⣿[38;2;0;116;175m⣿[38;2;3;105;173m⣿[38;2;0;111;175m⣿[38;2;0;125;176m⣿[38;2;0;128;176m⣿[38;2;0;108;175m⣿[38;2;46;68;146m⣿[38;2;46;43;96m⡇[39m              [38;2;43;37;82m⠸[39m          [38;2;47;14;65m▒[38;2;62;18;85m▓[38;2;77;23;106m▓[38;2;92;27;127m█[38;2;107;32;148m█[39m[48;2;26;22;20m                  
                  [38;2;107;32;148m[48;2;34;29;24m█[38;2;92;27;127m█[38;2;77;23;106m▓[38;2;62;18;85m▓[38;2;47;14;65m▒[39m      [38;2;48;50;113m⢸[38;2;25;90;166m⣿[38;2;0;109;175m⣿[38;2;12;99;170m⣿[38;2;50;58;131m⣷[39m               [38;2;49;50;114m⣼[38;2;19;94;168m⣿[38;2;0;147;184m⣿[38;2;0;151;186m⣿[38;2;0;122;176m⣿[38;2;50;55;126m⡇[39m    [38;2;50;57;129m⢹[38;2;17;96;168m⣿[38;2;0;128;176m⣿[38;2;0;137;179m⣿[38;2;0;124;176m⣿[38;2;23;92;166m⣿[38;2;50;60;136m⣧[39m        [38;2;32;86;163m⣿[38;2;0;135;177m⣿[38;2;0;144;182m⣿[38;2;0;123;176m⣿[38;2;43;74;153m⣿[38;2;49;54;123m⡿[39m             [38;2;48;49;111m⢸[38;2;28;89;165m⣿[38;2;0;137;178m⣿[38;2;0;153;187m⣿[38;2;0;131;176m⣿[38;2;41;77;156m⡿[39m      [38;2;48;49;112m⠸[38;2;40;79;159m⢿[38;2;0;119;175m⣿[38;2;0;142;181m⣿[38;2;0;141;180m⣿[38;2;0;116;175m⣿[38;2;40;79;159m⣿[38;2;50;55;126m⠇[38;2;50;59;134m⠹[38;2;25;90;165m⣿[38;2;1;106;174m⣿[38;2;16;96;169m⣿[38;2;50;60;136m⣿[39m       [38;2;48;47;105m⢠[38;2;45;70;148m⣾[38;2;0;122;176m⣿[38;2;17;169;194m⣿[38;2;50;187;201m⣿[38;2;32;177;197m⣿[38;2;0;140;180m⣿[38;2;19;95;168m⣿[38;2;50;61;137m⠟[39m  [38;2;48;64;140m⢸[38;2;0;115;175m⣿[38;2;0;141;181m⣿[38;2;0;134;177m⣿[38;2;23;92;166m⣿[38;2;49;50;114m⣷[39m                         [38;2;47;14;65m▒[38;2;62;18;85m▓[38;2;77;23;106m▓[38;2;92;27;127m█[38;2;107;32;148m█[39m[48;2;26;22;20m                  
                  [38;2;107;32;148m[48;2;34;29;24m█[38;2;92;27;127m█[38;2;77;23;106m▓[38;2;62;18;85m▓[38;2;47;14;65m▒[39m      [38;2;48;47;107m⢸[38;2;40;80;160m⣿[38;2;9;101;171m⣿[38;2;17;96;168m⣿[38;2;49;63;140m⣿[38;2;48;47;107m⣇[39m            [38;2;43;37;83m⢠[38;2;45;40;90m⣾[38;2;48;46;103m⣿[38;2;50;61;137m⣿[38;2;26;89;165m⣿[38;2;17;95;168m⣿[38;2;38;81;161m⣿[38;2;50;56;126m⣿[38;2;48;46;104m⡄[39m    [38;2;50;57;130m⢸[38;2;25;90;166m⣿[38;2;0;119;175m⣿[38;2;0;131;176m⣿[38;2;0;126;176m⣿[38;2;0;109;175m⣿[38;2;40;80;160m⣷[38;2;50;58;131m⣦[39m    [38;2;50;55;125m⢠[38;2;27;89;165m⣾[38;2;0;136;178m⣿[38;2;0;159;190m⣿[38;2;0;147;184m⣿[38;2;1;107;174m⣿[38;2;50;55;126m⣿[39m              [38;2;48;46;104m⢸[38;2;43;75;153m⣿[38;2;12;99;170m⣿[38;2;15;97;169m⣿[38;2;47;67;144m⣿[39m        [38;2;48;49;110m⢸[38;2;47;66;144m⣿[38;2;18;95;168m⣿[38;2;0;114;175m⣿⣿[38;2;19;95;168m⣿[38;2;46;68;145m⣷[38;2;50;56;127m⣤[38;2;43;73;152m⣿[38;2;29;88;164m⣿[38;2;35;83;162m⣿[38;2;50;57;129m⣿[39m      [38;2;49;55;124m⢰[38;2;43;74;153m⣾[38;2;11;100;170m⣿[38;2;0;129;176m⣿[38;2;0;155;188m⣿[38;2;0;156;189m⣿[38;2;0;130;176m⣿[38;2;43;75;154m⡿[39m    [38;2;50;56;127m⢸[38;2;0;117;175m⣿[38;2;0;149;185m⣿[38;2;0;146;183m⣿[38;2;6;103;172m⣿[38;2;50;56;128m⣿[38;2;48;46;105m⣷[38;2;46;43;97m⣶[38;2;47;45;101m⣴[38;2;48;48;108m⣶[38;2;49;52;117m⣶[38;2;50;56;128m⣶[38;2;49;63;140m⣶[38;2;45;71;149m⣶[38;2;42;75;154m⣾[38;2;42;77;156m⣿[38;2;41;77;157m⣿[38;2;41;78;157m⣿[38;2;42;75;154m⣿[38;2;48;65;142m⣿[38;2;49;52;117m⣷[39m          [38;2;47;14;65m▒[38;2;62;18;85m▓[38;2;77;23;106m▓[38;2;92;27;127m█[38;2;107;32;148m█[39m[48;2;26;22;20m                  
                  [38;2;107;32;148m[48;2;34;29;24m█[38;2;92;27;127m█[38;2;77;23;106m▓[38;2;62;18;85m▓[38;2;47;14;65m▒[39m       [38;2;49;51;116m⢹[38;2;50;61;137m⣿[38;2;48;64;141m⣿[38;2;50;59;135m⣿[38;2;49;61;138m⣿[38;2;43;74;153m⣿[38;2;26;90;165m⣿[38;2;20;94;167m⣿[38;2;41;77;156m⣷[38;2;49;54;123m⣆[39m       [38;2;43;37;84m⣿[38;2;44;39;88m⡿[38;2;45;40;91m⠟[38;2;46;42;95m⠋[38;2;48;49;110m⢻[38;2;50;55;125m⣿[38;2;50;59;134m⣿[38;2;50;60;136m⣿[38;2;49;62;138m⣿[38;2;47;67;144m⣿[38;2;45;70;148m⣷⣶[38;2;47;67;144m⣶[38;2;47;66;143m⣾[38;2;43;75;154m⣿[38;2;17;96;169m⣿[38;2;0;121;176m⣿[38;2;0;137;178m⣿[38;2;0;142;181m⣿[38;2;0;137;178m⣿[38;2;0;128;176m⣿[38;2;0;120;175m⣿[38;2;0;123;176m⣿[38;2;0;132;176m⣿[38;2;0;141;181m⣿[38;2;0;154;187m⣿[38;2;22;172;195m⣿[38;2;41;183;199m⣿[38;2;25;174;196m⣿[38;2;0;137;179m⣿[38;2;36;83;162m⣿[38;2;48;48;109m⡇[39m              [38;2;45;41;93m⢸[38;2;50;58;132m⣿[38;2;43;75;153m⣿[38;2;41;77;156m⣿[38;2;50;61;137m⣿[38;2;48;50;112m⣄[38;2;49;50;114m⣀[38;2;48;64;141m⣤[38;2;38;81;161m⣴[38;2;31;86;164m⣦[38;2;43;73;152m⣤[38;2;49;54;123m⣄[38;2;47;44;99m⣰[38;2;45;41;93m⣾[38;2;48;46;104m⣿[38;2;50;59;135m⣿[38;2;34;84;162m⣿[38;2;0;107;174m⣿[38;2;0;118;175m⣿⣿[38;2;0;111;175m⣿[38;2;2;106;174m⣿[38;2;20;94;167m⣿[38;2;41;77;156m⣿[38;2;50;57;129m⣿[39m   [38;2;49;51;116m⢀[38;2;50;61;138m⣴[38;2;41;78;157m⣾[38;2;19;95;168m⣿[38;2;5;104;173m⣿[38;2;0;107;174m⣿[38;2;4;105;173m⣿[38;2;8;102;171m⣿[38;2;24;91;166m⣿[38;2;43;75;154m⣿[38;2;50;57;129m⣷[38;2;48;47;106m⡄[39m  [38;2;49;51;115m⢠[38;2;42;76;155m⣾[38;2;0;125;176m⣿[38;2;0;145;182m⣿[38;2;0;132;176m⣿[38;2;30;87;164m⣿[38;2;49;54;122m⣿[38;2;48;47;106m⣿[38;2;47;45;102m⣿[38;2;48;49;111m⣿[38;2;49;54;123m⣿[38;2;49;61;138m⣿[38;2;44;73;151m⣿[38;2;29;88;164m⣿[38;2;7;103;172m⣿[38;2;0;110;175m⣿[38;2;0;109;175m⣿[38;2;4;104;173m⣿[38;2;9;101;171m⣿[38;2;12;99;170m⣿[38;2;27;89;165m⣿[38;2;45;70;148m⣿[38;2;49;50;114m⣿[39m         [38;2;47;14;65m▒[38;2;62;18;85m▓[38;2;77;23;106m▓[38;2;92;27;127m█[38;2;107;32;148m█[39m[48;2;26;22;20m                  
                  [38;2;107;32;148m[48;2;34;29;24m█[38;2;92;27;127m█[38;2;77;23;106m▓[38;2;62;18;85m▓[38;2;47;14;65m▒[39m        [38;2;45;41;92m⠈[38;2;47;45;102m⢿[38;2;49;51;116m⣿[38;2;49;62;139m⣿[38;2;40;80;160m⣿[38;2;9;101;171m⣿[38;2;3;105;173m⣿[38;2;32;85;163m⣿[38;2;50;57;130m⣿[39m  [38;2;42;35;77m⠘[38;2;42;35;78m⠋[39m        [38;2;46;42;95m⠘[38;2;48;49;110m⢿[38;2;50;56;126m⣿[38;2;49;62;139m⣿[38;2;44;72;150m⣿[38;2;41;78;158m⣿[38;2;40;80;160m⣿[38;2;41;77;156m⣿[38;2;44;72;150m⣿[38;2;46;69;147m⣿[38;2;44;72;151m⣿[38;2;28;88;164m⣿[38;2;0;113;175m⣿[38;2;0;133;176m⣿[38;2;0;142;181m⣿[38;2;0;143;182m⣿[38;2;0;146;183m⣿[38;2;0;159;190m⣿[38;2;22;172;195m⣿[38;2;30;177;197m⣿[38;2;33;178;198m⣿[38;2;42;183;200m⣿[38;2;38;181;199m⣿[38;2;0;158;190m⣿[38;2;0;113;175m⣿[38;2;47;66;143m⣿[38;2;48;49;112m⣷[38;2;46;43;97m⣆[39m              [38;2;48;48;109m⢻[38;2;50;61;138m⣿[38;2;44;71;150m⣿[38;2;43;74;152m⣿[38;2;35;84;162m⣿[38;2;0;120;175m⣿[38;2;0;158;189m⣿[38;2;39;182;199m⣿[38;2;25;173;196m⣿[38;2;0;140;180m⣿[38;2;41;78;157m⣿[38;2;48;48;109m⣿[38;2;44;40;89m⡿[38;2;44;39;89m⠛[38;2;46;43;96m⠻[38;2;50;55;125m⢿[38;2;40;79;159m⣿[38;2;0;107;174m⣿[38;2;0;122;176m⣿[38;2;0;126;176m⣿[38;2;0;121;176m⣿[38;2;0;109;175m⣿[38;2;14;98;169m⣿[38;2;27;89;165m⣿[38;2;34;84;162m⣿[38;2;39;81;161m⣿[38;2;38;82;161m⣿[38;2;32;86;163m⣿[38;2;25;90;166m⣿[38;2;15;97;169m⣿[38;2;8;102;171m⣿[38;2;14;98;170m⣿[38;2;37;82;161m⣿[38;2;48;65;142m⣿[38;2;50;58;132m⣿[38;2;50;59;134m⣿[38;2;50;60;136m⣿[38;2;50;57;130m⣿⣿[38;2;49;62;138m⣿[38;2;47;66;143m⣿[38;2;46;68;146m⣿[38;2;34;84;163m⣿[38;2;0;112;175m⣿[38;2;0;117;175m⣿[38;2;16;96;169m⣿[38;2;50;60;136m⣿[38;2;47;45;102m⠿[38;2;46;43;96m⠛[38;2;46;43;97m⠻[38;2;48;47;106m⢿[38;2;49;53;120m⣿[38;2;50;59;135m⣿[38;2;44;71;149m⣿[38;2;31;86;164m⣿[38;2;6;103;172m⣿[38;2;0;114;175m⣿⣿[38;2;0;108;175m⣿[38;2;7;102;172m⣿[38;2;8;102;171m⣿[38;2;16;96;169m⣿[38;2;40;80;160m⣿[38;2;50;58;131m⣿[38;2;47;44;98m⣷[39m        [38;2;47;14;65m▒[38;2;62;18;85m▓[38;2;77;23;106m▓[38;2;92;27;127m█[38;2;107;32;148m█[39m[48;2;26;22;20m                  
                  [38;2;107;32;148m[48;2;34;29;24m█[38;2;92;27;127m█[38;2;77;23;106m▓[38;2;62;18;85m▓[38;2;47;14;65m▒[39m          [38;2;46;43;97m⠘[38;2;49;55;124m⢿[38;2;44;72;151m⣿[38;2;22;92;167m⣿[38;2;14;98;169m⣿[38;2;40;80;159m⣿[38;2;50;55;125m⠟[39m               [38;2;49;54;121m⠻[38;2;48;64;141m⣿[38;2;43;73;152m⣿[38;2;42;76;155m⣿[38;2;43;74;153m⣿[38;2;46;68;146m⣿[38;2;49;62;138m⣿[38;2;50;58;132m⣿[38;2;50;59;134m⣿[38;2;45;71;149m⣿[38;2;21;93;167m⣿[38;2;0;114;175m⣿[38;2;0;128;176m⣿[38;2;0;140;180m⣿[38;2;0;157;189m⣿[38;2;19;170;195m⣿[38;2;25;173;196m⣿[38;2;18;170;194m⣿[38;2;2;161;191m⣿[38;2;0;141;181m⣿[38;2;2;106;174m⣿[38;2;47;66;143m⣿[38;2;49;52;118m⣿[38;2;48;48;109m⣿[38;2;48;46;103m⣿[38;2;46;43;96m⣿[38;2;44;39;88m⣦[39m             [38;2;49;50;114m⣿[38;2;50;60;136m⣿[38;2;44;73;151m⣿[38;2;19;94;168m⣿[38;2;0;134;177m⣿[38;2;21;171;195m⣿[38;2;62;192;203m⣿[38;2;40;182;199m⣿[38;2;0;145;182m⣿[38;2;40;79;159m⣿[38;2;48;47;106m⠇[39m    [38;2;49;51;116m⠘[38;2;44;72;151m⢿[38;2;12;99;170m⣿[38;2;0;114;175m⣿[38;2;0;112;175m⣿[38;2;7;103;172m⣿[38;2;19;95;168m⣿[38;2;23;92;166m⣿[38;2;25;90;166m⣿[38;2;29;88;164m⣿[38;2;29;87;164m⣿[38;2;27;89;165m⣿[38;2;25;90;166m⣿⣿[38;2;36;83;162m⣿[38;2;46;68;146m⡿[38;2;49;52;117m⠋[39m  [38;2;47;45;102m⠘[38;2;49;51;114m⠿[38;2;49;53;120m⣿[38;2;50;57;130m⣿[38;2;49;63;139m⣿[38;2;47;67;145m⣿[38;2;46;68;145m⣿[38;2;44;72;151m⣿[38;2;43;75;153m⣿[38;2;46;67;145m⡿[38;2;49;52;117m⠏[39m       [38;2;49;50;114m⠈[38;2;50;58;131m⠻[38;2;46;69;147m⢿[38;2;41;78;157m⣿[38;2;40;80;160m⣿[38;2;41;78;157m⣿[38;2;41;77;156m⣿[38;2;37;82;161m⣿[38;2;33;85;163m⣿[38;2;41;77;156m⣿[38;2;50;58;132m⣿[38;2;47;44;99m⣿[39m        [38;2;47;14;65m▒[38;2;62;18;85m▓[38;2;77;23;106m▓[38;2;92;27;127m█[38;2;107;32;148m█[39m[48;2;26;22;20m                  
                  [38;2;107;32;148m[48;2;34;29;24m█[38;2;92;27;127m█[38;2;77;23;106m▓[38;2;62;18;85m▓[38;2;47;14;65m▒[39m                                           [38;2;48;50;113m⠙[38;2;50;58;132m⠿[38;2;43;74;152m⠿[38;2;19;94;168m⣿[38;2;2;106;174m⣿[38;2;6;103;172m⣿[38;2;32;85;163m⣿[38;2;47;66;143m⠿[38;2;49;53;119m⠟[39m  [38;2;46;42;95m⠈[38;2;47;44;99m⠻⢿[38;2;46;42;95m⣿[38;2;44;40;89m⣿[38;2;43;37;84m⣧[38;2;43;37;82m⣠[38;2;44;39;87m⣴[38;2;45;41;93m⣶[38;2;46;42;94m⣶[38;2;45;40;90m⣦[38;2;43;37;83m⡄[39m      [38;2;44;39;87m⠘[38;2;47;45;102m⢿[38;2;50;57;129m⣿[38;2;38;82;161m⣿[38;2;0;124;176m⣿[38;2;0;156;189m⣿[38;2;23;172;195m⣿[38;2;0;156;189m⣿[38;2;0;116;175m⣿[38;2;50;58;133m⠇[39m        [38;2;50;55;125m⠻[38;2;48;65;141m⠿[38;2;44;72;150m⠿[38;2;41;77;156m⣿[38;2;40;80;160m⣿[38;2;39;81;161m⣿[38;2;41;78;158m⣿[38;2;42;76;155m⣿[38;2;44;71;150m⣿[38;2;49;63;139m⠿[38;2;49;53;120m⠟[39m        [38;2;48;47;106m⠈[38;2;49;53;121m⠛[38;2;50;56;127m⠿[38;2;49;53;121m⠿[38;2;48;48;107m⠟[39m             [38;2;47;45;101m⠘[38;2;48;49;112m⢿[38;2;49;53;120m⣿[38;2;50;56;127m⣿[38;2;50;60;137m⣿[38;2;49;63;140m⣿[38;2;50;58;133m⣿[38;2;48;49;112m⣿[38;2;45;40;91m⠇[39m        [38;2;47;14;65m▒[38;2;62;18;85m▓[38;2;77;23;106m▓[38;2;92;27;127m█[38;2;107;32;148m█[39m[48;2;26;22;20m                  
                  [38;2;107;32;148m[48;2;34;29;24m█[38;2;92;27;127m█[38;2;77;23;106m▓[38;2;62;18;85m▓[38;2;47;14;65m▒[39m                                                            [38;2;43;37;82m⠘[38;2;44;39;87m⢻[38;2;45;42;94m⣿[38;2;46;42;95m⣿[38;2;45;41;92m⣿[38;2;43;38;85m⣿[39m         [38;2;48;47;106m⠹[38;2;50;55;125m⠿[38;2;49;62;138m⠿[38;2;50;61;138m⠿[38;2;49;54;122m⠏[39m                                                 [38;2;46;42;94m⠈[38;2;48;48;107m⠻[38;2;49;52;119m⠿[38;2;49;52;118m⠿[38;2;48;47;106m⠟[39m          [38;2;47;14;65m▒[38;2;62;18;85m▓[38;2;77;23;106m▓[38;2;92;27;127m█[38;2;107;32;148m█[39m[48;2;26;22;20m                  
                  [38;2;107;32;148m[48;2;34;29;24m█[38;2;92;27;127m█[38;2;77;23;106m▓[38;2;62;18;85m▓[38;2;47;14;65m▒[39m                                                                [38;2;44;39;87m⠉[39m                                                                               [38;2;47;14;65m▒[38;2;62;18;85m▓[38;2;77;23;106m▓[38;2;92;27;127m█[38;2;107;32;148m█[39m[48;2;26;22;20m                  
                  [38;2;107;32;148m[48;2;34;29;24m█[38;2;92;27;127m█[38;2;77;23;106m▓[38;2;62;18;85m▓[38;2;47;14;65m▒[39m                                                                                                                                                [38;2;47;14;65m▒[38;2;62;18;85m▓[38;2;77;23;106m▓[38;2;92;27;127m█[38;2;107;32;148m█[39m[48;2;26;22;20m                  
                  [38;2;107;32;148m[48;2;34;29;24m█[38;2;92;27;127m█[38;2;77;23;106m▓[38;2;62;18;85m▓[38;2;47;14;65m▒[39m                                                                                                                                                [38;2;47;14;65m▒[38;2;62;18;85m▓[38;2;77;23;106m▓[38;2;92;27;127m█[38;2;107;32;148m█[39m[48;2;26;22;20m                  
                  [38;2;107;32;148m[48;2;34;29;24m█[38;2;92;27;127m█[38;2;77;23;106m▓[38;2;62;18;85m▓[38;2;47;14;65m▒[39m                                                                                                                                                [38;2;47;14;65m▒[38;2;62;18;85m▓[38;2;77;23;106m▓[38;2;92;27;127m█[38;2;107;32;148m█[39m[48;2;26;22;20m                  
                  [38;2;107;32;148m[48;2;34;29;24m█[38;2;92;27;127m█[38;2;77;23;106m▓[38;2;62;18;85m▓[38;2;47;14;65m▒[39m                                                                                                                                                [38;2;47;14;65m▒[38;2;62;18;85m▓[38;2;77;23;106m▓[38;2;92;27;127m█[38;2;107;32;148m█[39m[48;2;26;22;20m                  
                  [38;2;107;32;148m[48;2;34;29;24m█[38;2;92;27;127m█[38;2;77;23;106m▓[38;2;62;18;85m▓[38;2;47;14;65m▒[39m                                                                                                                 [38;2;42;36;79m⣆[39m                              [38;2;47;14;65m▒[38;2;62;18;85m▓[38;2;77;23;106m▓[38;2;92;27;127m█[38;2;107;32;148m█[39m[48;2;26;22;20m                  
                  [38;2;107;32;148m[48;2;34;29;24m█[38;2;92;27;127m█[38;2;77;23;106m▓[38;2;62;18;85m▓[38;2;47;14;65m▒[39m                                                                                                                 [38;2;43;36;81m⣿[39m                              [38;2;47;14;65m▒[38;2;62;18;85m▓[38;2;77;23;106m▓[38;2;92;27;127m█[38;2;107;32;148m█[39m[48;2;26;22;20m                  
                  [38;2;107;32;148m[48;2;34;29;24m█[38;2;92;27;127m█[38;2;77;23;106m▓[38;2;62;18;85m▓[38;2;47;14;65m▒[39m                                                                                                                 [38;2;42;36;81m⢸[39m                              [38;2;47;14;65m▒[38;2;62;18;85m▓[38;2;77;23;106m▓[38;2;92;27;127m█[38;2;107;32;148m█[39m[48;2;26;22;20m                  
                  [38;2;107;32;148m[48;2;34;29;24m█[38;2;92;27;127m█[38;2;77;23;106m▓[38;2;62;18;85m▓[38;2;47;14;65m▒[39m                                                                                                                                                [38;2;47;14;65m▒[38;2;62;18;85m▓[38;2;77;23;106m▓[38;2;92;27;127m█[38;2;107;32;148m█[39m[48;2;26;22;20m                  
                  [38;2;107;32;148m[48;2;34;29;24m█[38;2;92;27;127m█[38;2;77;23;106m▓[38;2;62;18;85m▓[38;2;47;14;65m▒[39m                                                                                                                                                [38;2;47;14;65m▒[38;2;62;18;85m▓[38;2;77;23;106m▓[38;2;92;27;127m█[38;2;107;32;148m█[39m[48;2;26;22;20m                  
                  [38;2;107;32;148m[48;2;34;29;24m█[38;2;92;27;127m█[38;2;77;23;106m▓[38;2;62;18;85m▓[38;2;47;14;65m▒[39m                                                                                                                                   [38;2;43;36;81m⢸[38;2;43;37;83m⣷[39m           [38;2;47;14;65m▒[38;2;62;18;85m▓[38;2;77;23;106m▓[38;2;92;27;127m█[38;2;107;32;148m█[39m[48;2;26;22;20m                  
                  [38;2;107;32;148m[48;2;34;29;24m█[38;2;92;27;127m█[38;2;77;23;106m▓[38;2;62;18;85m▓[38;2;47;14;65m▒[39m                                                                                                                                    [38;2;43;37;83m⢿[38;2;43;37;82m⣷[39m          [38;2;47;14;65m▒[38;2;62;18;85m▓[38;2;77;23;106m▓[38;2;92;27;127m█[38;2;107;32;148m█[39m[48;2;26;22;20m                  
                  [38;2;107;32;148m[48;2;34;29;24m█[38;2;92;27;127m█[38;2;77;23;106m▓[38;2;62;18;85m▓[38;2;47;14;65m▒[39m                                                                                                                                                [38;2;47;14;65m▒[38;2;62;18;85m▓[38;2;77;23;106m▓[38;2;92;27;127m█[38;2;107;32;148m█[39m[48;2;26;22;20m                  
                  [38;2;107;32;148m[48;2;34;29;24m█[38;2;92;27;127m█[38;2;77;23;106m▓[38;2;62;18;85m▓[38;2;47;14;65m▒[39m                                                                                                                                                [38;2;47;14;65m▒[38;2;62;18;85m▓[38;2;77;23;106m▓[38;2;92;27;127m█[38;2;107;32;148m█[39m[48;2;26;22;20m                  
                  [38;2;107;32;148m[48;2;34;29;24m█[38;2;92;27;127m█[38;2;77;23;106m▓[38;2;62;18;85m▓[38;2;47;14;65m▒[39m      [38;2;42;35;77m⠘[38;2;42;35;78m⠋[38;2;42;35;77m⠈[39m                           [38;2;42;35;79m⢰[38;2;42;36;80m⣶⣾[39m                                                                                                         [38;2;47;14;65m▒[38;2;62;18;85m▓[38;2;77;23;106m▓[38;2;92;27;127m█[38;2;107;32;148m█[39m[48;2;26;22;20m                  
                  [38;2;107;32;148m[48;2;34;29;24m█[38;2;92;27;127m█[38;2;77;23;106m▓[38;2;62;18;85m▓[38;2;47;14;65m▒[39m                                                                                                                                                [38;2;47;14;65m▒[38;2;62;18;85m▓[38;2;77;23;106m▓[38;2;92;27;127m█[38;2;107;32;148m█[39m[48;2;26;22;20m                  
                  [38;2;107;32;148m[48;2;34;29;24m█[38;2;92;27;127m█[38;2;77;23;106m▓[38;2;62;18;85m▓[38;2;47;14;65m▒[39m                                                                                                                                                [38;2;47;14;65m▒[38;2;62;18;85m▓[38;2;77;23;106m▓[38;2;92;27;127m█[38;2;107;32;148m█[39m[48;2;26;22;20m                  
                  [38;2;107;32;148m[48;2;34;29;24m█[38;2;92;27;127m█[38;2;77;23;106m▓[38;2;62;18;85m▓[38;2;47;14;65m▒[39m                                                                                                                                                [38;2;47;14;65m▒[38;2;62;18;85m▓[38;2;77;23;106m▓[38;2;92;27;127m█[38;2;107;32;148m█[39m[48;2;26;22;20m                  
                  [38;2;107;32;148m[48;2;34;29;24m█[38;2;92;27;127m█[38;2;77;23;106m▓[38;2;62;18;85m▓[38;2;47;14;65m▒[39m                                                                                                                                                [38;2;47;14;65m▒[38;2;62;18;85m▓[38;2;77;23;106m▓[38;2;92;27;127m█[38;2;107;32;148m█[39m[48;2;26;22;20m                  
                  [38;2;107;32;148m[48;2;34;29;24m█[38;2;92;27;127m█[38;2;77;23;106m▓[38;2;62;18;85m▓[38;2;47;14;65m▒[39m                                                                                                                                                [38;2;47;14;65m▒[38;2;62;18;85m▓[38;2;77;23;106m▓[38;2;92;27;127m█[38;2;107;32;148m█[39m[48;2;26;22;20m                  
                  [38;2;107;32;148m[48;2;34;29;24m█[38;2;92;27;127m█[38;2;77;23;106m▓[38;2;62;18;85m▓[38;2;47;14;65m▒[39m                                                                                                                                                [38;2;47;14;65m▒[38;2;62;18;85m▓[38;2;77;23;106m▓[38;2;92;27;127m█[38;2;107;32;148m█[39m[48;2;26;22;20m                  
                  [38;2;107;32;148m[48;2;34;29;24m█[38;2;92;27;127m█[38;2;77;23;106m▓[38;2;69;20;96m▓▓▓▓▓▓▓▓▓▓▓▓▓▓▓▓▓▓▓▓▓▓▓▓▓▓▓▓▓▓▓▓▓▓▓▓▓▓▓▓▓▓▓▓▓▓▓▓▓▓▓▓▓▓▓▓▓▓▓▓▓▓▓▓▓▓▓▓▓▓▓▓▓▓▓▓▓▓▓▓▓▓▓▓▓▓▓▓▓▓▓▓▓▓▓▓▓▓▓▓▓▓▓▓▓▓▓▓▓▓▓▓▓▓▓▓▓▓▓▓▓▓▓▓▓▓▓▓▓▓▓▓▓▓▓▓▓▓▓▓▓▓▓▓▓▓▓▓[38;2;77;23;106m▓[38;2;92;27;127m█[38;2;107;32;148m█[39m[48;2;26;22;20m                  
                  [38;2;107;32;148m[48;2;34;29;24m██████████████████████████████████████████████████████████████████████████████████████████████████████████████████████████████████████████████████████████[39m[48;2;26;22;20m                  
                                                                                                                                                                                              
                                                                                                                                                                                              
