[48;2;20;22;28m                                                                                                                                                                                              
                                                                                                                                                                                              
                  [38;2;107;32;148m[48;2;27;30;36m██████████████████████████████████████████████████████████████████████████████████████████████████████████████████████████████████████████████████████████[39m[48;2;20;22;28m                  
                  [38;2;107;32;148m[48;2;27;30;36m█[38;2;92;27;127m█[38;2;77;23;106m▓[38;2;69;20;96m▓▓▓▓▓▓▓▓▓▓▓▓▓▓▓▓▓▓▓▓▓▓▓▓▓▓▓▓▓▓▓▓▓▓▓▓▓▓▓▓▓▓▓▓▓▓▓▓▓▓▓▓▓▓▓▓▓▓▓▓▓▓▓▓▓▓▓▓▓▓▓▓▓▓▓▓▓▓▓▓▓▓▓▓▓▓▓▓▓▓▓▓▓▓▓▓▓▓▓▓▓▓▓▓▓▓▓▓▓▓▓▓▓▓▓▓▓▓▓▓▓▓▓▓▓▓▓▓▓▓▓▓▓▓▓▓▓▓▓▓▓▓▓▓▓▓▓▓[38;2;77;23;106m▓[38;2;92;27;127m█[38;2;107;32;148m█[39m[48;2;20;22;28m                  
                  [38;2;107;32;148m[48;2;27;30;36m█[38;2;92;27;127m█[38;2;77;23;106m▓[38;2;62;18;85m▓[38;2;47;14;65m▒[38;2;55;49;103m⡏[38;2;56;50;106m⢰[38;2;56;50;107m⣇[39m                                                                                                                                             [38;2;47;14;65m▒[38;2;62;18;85m▓[38;2;77;23;106m▓[38;2;92;27;127m█[38;2;107;32;148m█[39m[48;2;20;22;28m                  
                  [38;2;107;32;148m[48;2;27;30;36m█[38;2;92;27;127m█[38;2;77;23;106m▓[38;2;62;18;85m▓[38;2;47;14;65m▒[38;2;55;48;102m⣀[38;2;56;50;107m⣿[38;2;58;53;113m⣿[38;2;58;53;112m⣿[39m                                                                                                                                            [38;2;47;14;65m▒[38;2;62;18;85m▓[38;2;77;23;106m▓[38;2;92;27;127m█[38;2;107;32;148m█[39m[48;2;20;22;28m                  
                  [38;2;107;32;148m[48;2;27;30;36m█[38;2;92;27;127m█[38;2;77;23;106m▓[38;2;62;18;85m▓[38;2;47;14;65m▒[38;2;54;46;98m⠈[38;2;56;49;104m⠸[38;2;59;55;118m⢿[38;2;62;59;125m⣿[38;2;61;57;121m⣿[39m                                                                                                                                           [38;2;47;14;65m▒[38;2;62;18;85m▓[38;2;77;23;106m▓[38;2;92;27;127m█[38;2;107;32;148m█[39m[48;2;20;22;28m                  
                  [38;2;107;32;148m[48;2;27;30;36m█[38;2;92;27;127m█[38;2;77;23;106m▓[38;2;62;18;85m▓[38;2;47;14;65m▒[39m  [38;2;58;53;113m⢸[38;2;62;61;129m⣿[38;2;63;64;134m⣿[38;2;61;58;122m⣷[39m                                                                                                                                          [38;2;47;14;65m▒[38;2;62;18;85m▓[38;2;77;23;106m▓[38;2;92;27;127m█[38;2;107;32;148m█[39m[48;2;20;22;28m                  
                  [38;2;107;32;148m[48;2;27;30;36m█[38;2;92;27;127m█[38;2;77;23;106m▓[38;2;62;18;85m▓[38;2;47;14;65m▒[39m   [38;2;60;56;120m⢹[38;2;63;63;133m⣿[38;2;62;61;130m⣿[38;2;59;54;115m⡇[39m                                                                                                                                         [38;2;47;14;65m▒[38;2;62;18;85m▓[38;2;77;23;106m▓[38;2;92;27;127m█[38;2;107;32;148m█[39m[48;2;20;22;28m                  
                  [38;2;107;32;148m[48;2;27;30;36m█[38;2;92;27;127m█[38;2;77;23;106m▓[38;2;62;18;85m▓[38;2;47;14;65m▒[39m    [38;2;59;55;118m⢻[38;2;61;58;123m⣿[38;2;59;55;116m⣿[39m                                                                                                                                         [38;2;47;14;65m▒[38;2;62;18;85m▓[38;2;77;23;106m▓[38;2;92;27;127m█[38;2;107;32;148m█[39m[48;2;20;22;28m                  
                  [38;2;107;32;148m[48;2;27;30;36m█[38;2;92;27;127m█[38;2;77;23;106m▓[38;2;62;18;85m▓[38;2;47;14;65m▒[39m     [38;2;57;51;109m⠸[38;2;58;53;112m⣿[38;2;56;50;107m⣷[39m                                                                                                                                        [38;2;47;14;65m▒[38;2;62;18;85m▓[38;2;77;23;106m▓[38;2;92;27;127m█[38;2;107;32;148m█[39m[48;2;20;22;28m                  
                  [38;2;107;32;148m[48;2;27;30;36m█[38;2;92;27;127m█[38;2;77;23;106m▓[38;2;62;18;85m▓[38;2;47;14;65m▒[39m      [38;2;55;48;103m⢸[38;2;55;49;104m⣿[39m                                                                                                                                        [38;2;47;14;65m▒[38;2;62;18;85m▓[38;2;77;23;106m▓[38;2;92;27;127m█[38;2;107;32;148m█[39m[48;2;20;22;28m                  
                  [38;2;107;32;148m[48;2;27;30;36m█[38;2;92;27;127m█[38;2;77;23;106m▓[38;2;62;18;85m▓[38;2;47;14;65m▒[39m       [38;2;55;48;101m⠘[39m                                                                                                                                        [38;2;47;14;65m▒[38;2;62;18;85m▓[38;2;77;23;106m▓[38;2;92;27;127m█[38;2;107;32;148m█[39m[48;2;20;22;28m                  
                  [38;2;107;32;148m[48;2;27;30;36m█[38;2;92;27;127m█[38;2;77;23;106m▓[38;2;62;18;85m▓[38;2;47;14;65m▒[39m        [38;2;58;53;112m⣶⡄[39m                                                                                                                                      [38;2;47;14;65m▒[38;2;62;18;85m▓[38;2;77;23;106m▓[38;2;92;27;127m█[38;2;107;32;148m█[39m[48;2;20;22;28m                  
                  [38;2;107;32;148m[48;2;27;30;36m█[38;2;92;27;127m█[38;2;77;23;106m▓[38;2;62;18;85m▓[38;2;47;14;65m▒[39m       [38;2;58;53;112m⢠[38;2;63;65;136m⣿[38;2;63;66;139m⣿[38;2;61;58;123m⡇[39m                                                                                                                                     [38;2;47;14;65m▒[38;2;62;18;85m▓[38;2;77;23;106m▓[38;2;92;27;127m█[38;2;107;32;148m█[39m[48;2;20;22;28m                  
                  [38;2;107;32;148m[48;2;27;30;36m█[38;2;92;27;127m█[38;2;77;23;106m▓[38;2;62;18;85m▓[38;2;47;14;65m▒[39m       [38;2;59;55;116m⢸[38;2;64;70;148m⣿[38;2;65;73;153m⣿[38;2;63;64;135m⣿[39m                                                                                                                                     [38;2;47;14;65m▒[38;2;62;18;85m▓[38;2;77;23;106m▓[38;2;92;27;127m█[38;2;107;32;148m█[39m[48;2;20;22;28m                  
                  [38;2;107;32;148m[48;2;27;30;36m█[38;2;92;27;127m█[38;2;77;23;106m▓[38;2;62;18;85m▓[38;2;47;14;65m▒[39m        [38;2;64;69;145m⣿[38;2;65;72;151m⣿[38;2;63;63;134m⣿[39m                                                     [38;2;53;45;95m⢰[38;2;53;45;96m⣦[39m                                                                              [38;2;47;14;65m▒[38;2;62;18;85m▓[38;2;77;23;106m▓[38;2;92;27;127m█[38;2;107;32;148m█[39m[48;2;20;22;28m                  
                  [38;2;107;32;148m[48;2;27;30;36m█[38;2;92;27;127m█[38;2;77;23;106m▓[38;2;62;18;85m▓[38;2;47;14;65m▒[39m        [38;2;62;61;130m⣿[38;2;63;63;133m⣿[38;2;60;56;119m⡇[39m                                                     [38;2;53;45;96m⠸[38;2;53;46;96m⡟[39m                                                         [38;2;59;55;117m⣴[38;2;59;54;114m⣶[38;2;56;50;105m⣦[39m                  [38;2;47;14;65m▒[38;2;62;18;85m▓[38;2;77;23;106m▓[38;2;92;27;127m█[38;2;107;32;148m█[39m[48;2;20;22;28m                  
                  [38;2;107;32;148m[48;2;27;30;36m█[38;2;92;27;127m█[38;2;77;23;106m▓[38;2;62;18;85m▓[38;2;47;14;65m▒[39m        [38;2;61;57;122m⣿⣿[38;2;57;51;109m⡇[39m          [38;2;52;45;94m⡄[39m                                                                                                  [38;2;58;54;114m⢠[38;2;62;62;131m⣶[38;2;64;67;140m⣿[38;2;63;65;137m⣿[38;2;61;58;124m⣿[38;2;56;51;108m⣿[39m    [38;2;53;45;96m⠈[38;2;55;48;101m⢻[38;2;55;49;103m⣷[38;2;54;47;100m⡄[39m          [38;2;47;14;65m▒[38;2;62;18;85m▓[38;2;77;23;106m▓[38;2;92;27;127m█[38;2;107;32;148m█[39m[48;2;20;22;28m                  
                  [38;2;107;32;148m[48;2;27;30;36m█[38;2;92;27;127m█[38;2;77;23;106m▓[38;2;62;18;85m▓[38;2;47;14;65m▒[39m        [38;2;58;54;114m⣿[38;2;58;53;113m⣿[39m             [38;2;53;46;97m⢻[38;2;54;47;99m⣷[38;2;54;47;100m⣦[39m   [38;2;60;57;120m⢀[38;2;64;68;143m⣴[38;2;66;78;163m⣶[38;2;65;85;170m⣶[38;2;65;82;167m⣶[38;2;65;74;155m⣶[38;2;63;64;136m⣤[38;2;60;56;119m⡀[39m  [38;2;60;57;121m⢀[38;2;63;64;135m⣤[38;2;64;67;142m⣤⣤[38;2;63;66;139m⣤⣤[38;2;64;67;140m⣤[38;2;64;68;143m⣤[38;2;64;67;141m⣤[38;2;63;64;136m⣄[38;2;62;59;126m⡀[39m                                               [38;2;59;54;116m⣠[38;2;62;59;125m⣤[38;2;62;62;131m⣤[38;2;63;63;134m⣴[38;2;63;63;133m⣶[38;2;62;59;126m⣄[39m                [38;2;58;53;112m⢰[38;2;62;60;127m⣿[38;2;64;67;140m⣿[38;2;64;68;144m⣿[38;2;63;64;135m⣿[38;2;60;56;119m⡟[39m      [38;2;54;48;101m⠘[38;2;56;49;105m⣿[38;2;55;49;103m⣿[39m          [38;2;47;14;65m▒[38;2;62;18;85m▓[38;2;77;23;106m▓[38;2;92;27;127m█[38;2;107;32;148m█[39m[48;2;20;22;28m                  
                  [38;2;107;32;148m[48;2;27;30;36m█[38;2;92;27;127m█[38;2;77;23;106m▓[38;2;62;18;85m▓[38;2;47;14;65m▒[39m        [38;2;56;50;107m⣿[38;2;55;49;104m⡇[39m              [38;2;54;47;99m⠘[38;2;55;48;102m⢿[38;2;57;51;108m⣿[38;2;61;57;122m⣶[38;2;66;77;161m⣾[38;2;47;118;197m⣿[38;2;15;153;208m⣿[38;2;24;168;211m⣿[38;2;21;166;211m⣿[38;2;14;154;208m⣿[38;2;30;138;205m⣿[38;2;47;118;198m⣿[38;2;60;97;185m⣿[38;2;66;79;165m⣿[38;2;65;83;169m⣿[38;2;59;101;189m⣿[38;2;49;116;197m⣿[38;2;51;113;195m⣿[38;2;60;99;186m⣿[38;2;64;87;173m⣿[38;2;65;84;170m⣿[38;2;64;86;172m⣿[38;2;62;91;178m⣿[38;2;61;96;183m⣿[38;2;60;100;188m⣿[38;2;59;102;190m⣿[38;2;61;97;184m⣿[38;2;65;83;169m⣷[38;2;64;67;142m⣦[39m                       [38;2;63;63;133m⣠[38;2;64;67;141m⣴[38;2;64;70;147m⣶[38;2;65;73;153m⣶[38;2;66;76;158m⣶⣶[38;2;66;75;157m⣶[38;2;66;79;164m⣶[38;2;64;85;171m⣶[38;2;64;86;172m⣶[38;2;66;80;165m⣤[38;2;65;71;148m⣤[38;2;63;64;135m⣤[38;2;61;58;123m⣄[39m     [38;2;55;48;102m⢠[38;2;58;53;114m⣾[38;2;62;61;129m⣿[38;2;64;69;144m⣿[38;2;66;75;158m⣿[38;2;64;86;171m⣿[38;2;60;98;185m⣿[38;2;59;101;189m⣿[38;2;62;92;178m⣿[38;2;65;72;151m⣦[39m    [38;2;62;60;128m⣠[38;2;63;64;136m⣤[38;2;63;65;137m⣤[38;2;62;62;131m⣄[38;2;60;56;119m⡀[39m    [38;2;55;49;103m⣸[38;2;58;54;114m⣿[38;2;62;59;125m⣿[38;2;62;62;131m⡿[38;2;62;59;126m⠟[39m          [38;2;55;48;103m⢻[39m          [38;2;47;14;65m▒[38;2;62;18;85m▓[38;2;77;23;106m▓[38;2;92;27;127m█[38;2;107;32;148m█[39m[48;2;20;22;28m                  
                  [38;2;107;32;148m[48;2;27;30;36m█[38;2;92;27;127m█[38;2;77;23;106m▓[38;2;62;18;85m▓[38;2;47;14;65m▒[39m        [38;2;55;48;102m⣿[39m                 [38;2;60;56;120m⢸[38;2;64;87;173m⣿[38;2;17;151;208m⣿[38;2;52;184;215m⣿[38;2;72;196;217m⣿[38;2;57;187;215m⣿[38;2;31;172;212m⣿[38;2;10;158;209m⣿[38;2;23;145;206m⣿[38;2;27;141;205m⣿[38;2;28;140;205m⣿[38;2;35;133;204m⣿[38;2;39;128;201m⣿[38;2;40;127;201m⣿[38;2;39;128;202m⣿[38;2;48;117;197m⣿[38;2;60;99;186m⣿[38;2;64;86;172m⣿[38;2;65;82;168m⣿[38;2;65;84;170m⣿[38;2;63;90;176m⣿[38;2;61;96;183m⣿[38;2;59;101;189m⣿[38;2;55;108;193m⣿[38;2;48;117;197m⣿[38;2;42;124;200m⣿[38;2;46;119;198m⣿[38;2;59;102;190m⣿[38;2;62;92;179m⣶[38;2;61;96;183m⣶⣾[38;2;65;84;170m⣿[38;2;63;66;139m⣿[38;2;59;55;117m⣿[38;2;55;49;104m⣷[38;2;53;46;97m⡄[39m  [38;2;53;46;96m⢸[38;2;54;47;99m⣿[38;2;55;48;102m⣿[38;2;55;49;104m⣿[38;2;57;51;108m⣷[38;2;59;55;116m⣶[38;2;61;58;123m⣦[38;2;62;62;131m⣄[38;2;66;79;165m⣠[38;2;52;112;195m⣴[38;2;41;125;201m⣾[38;2;46;119;198m⣿[38;2;61;95;182m⣿[38;2;65;83;169m⣿[38;2;66;80;166m⣿[38;2;65;84;170m⣿[38;2;62;93;180m⣿[38;2;57;105;192m⣿[38;2;41;125;200m⣿[38;2;10;158;209m⣿[38;2;49;182;214m⣿[38;2;59;188;216m⣿[38;2;35;174;213m⣿[38;2;22;146;207m⣿[38;2;42;124;200m⣿[38;2;51;113;195m⣿[38;2;59;101;189m⣿[38;2;64;86;172m⣷[38;2;64;69;146m⣶[38;2;60;56;119m⣶[38;2;56;50;105m⣾[38;2;55;49;104m⡿[38;2;58;53;112m⠿[38;2;62;60;127m⣿[38;2;64;67;141m⣿[38;2;65;74;155m⣿[38;2;64;85;171m⣿[38;2;60;99;187m⣿[38;2;56;106;193m⣿[38;2;59;102;190m⣿[38;2;63;91;177m⣿[38;2;65;83;168m⣿[38;2;64;88;174m⣿[38;2;55;108;193m⣿[38;2;34;134;204m⣿[38;2;19;149;207m⣿[38;2;17;151;208m⣿[38;2;24;144;206m⣿[38;2;36;132;203m⣿[38;2;47;118;198m⣿[38;2;60;98;186m⣿[38;2;66;77;161m⣷[38;2;62;60;128m⣶[38;2;57;52;110m⣾[38;2;56;50;105m⡟[38;2;56;50;106m⠋[39m             [38;2;54;48;101m⢰[38;2;54;47;100m⣇[39m         [38;2;47;14;65m▒[38;2;62;18;85m▓[38;2;77;23;106m▓[38;2;92;27;127m█[38;2;107;32;148m█[39m[48;2;20;22;28m                  
                  [38;2;107;32;148m[48;2;27;30;36m█[38;2;92;27;127m█[38;2;77;23;106m▓[38;2;62;18;85m▓[38;2;47;14;65m▒[39m        [38;2;63;65;137m⣶[39m                 [38;2;62;62;131m⢸[38;2;43;123;199m⣿[38;2;62;190;216m⣿[38;2;101;210;220m⣿[38;2;97;208;220m⣿[38;2;46;180;214m⣿[38;2;13;155;209m⣿[38;2;32;136;204m⣿[38;2;41;125;201m⣿[38;2;36;132;203m⣿[38;2;20;148;207m⣿[38;2;12;161;210m⣿[38;2;15;163;210m⣿[38;2;15;153;208m⣿[38;2;36;131;203m⣿[38;2;59;103;190m⡿[38;2;66;79;164m⠋[39m    [38;2;65;74;155m⠈[38;2;65;83;168m⠹[38;2;61;94;181m⢿[38;2;52;112;195m⣿[38;2;31;137;205m⣿[38;2;18;150;207m⣿[38;2;23;145;206m⣿[38;2;36;132;203m⣿[38;2;44;122;199m⣿[38;2;50;114;196m⣿[38;2;62;94;181m⣿[38;2;64;70;146m⣿[38;2;60;56;119m⣿[38;2;55;49;104m⠇[39m       [38;2;57;51;108m⠻[38;2;61;57;121m⣿[38;2;63;65;138m⣿[38;2;63;90;176m⣿[38;2;22;146;206m⣿[38;2;43;179;214m⣿[38;2;44;179;214m⣿[38;2;15;153;208m⣿[38;2;59;101;189m⣿[38;2;65;82;168m⣿[38;2;66;78;162m⣿[38;2;66;81;167m⣿[38;2;62;92;178m⣿[38;2;56;107;193m⣿[38;2;32;136;204m⣿[38;2;39;177;213m⣿[38;2;89;205;219m⣿[38;2;103;211;220m⣿[38;2;76;198;217m⣿[38;2;23;168;211m⣿[38;2;27;141;205m⣿[38;2;39;128;202m⣿[38;2;43;124;200m⣿[38;2;45;120;198m⣿[38;2;58;104;192m⣿[38;2;66;80;165m⣿[38;2;61;58;123m⣧[39m     [38;2;64;68;142m⠘[38;2;65;83;168m⠻[38;2;62;94;181m⢿[38;2;61;97;184m⣿[38;2;58;104;192m⣿[38;2;36;132;203m⣿[38;2;13;162;210m⣿[38;2;46;181;214m⣿[38;2;54;185;215m⣿[38;2;45;180;214m⣿[38;2;23;168;211m⣿[38;2;15;153;208m⣿[38;2;27;141;205m⣿[38;2;29;139;205m⣿[38;2;32;136;204m⣿[38;2;43;122;199m⣿[38;2;62;93;180m⣿[38;2;63;64;136m⣿[39m               [38;2;54;47;100m⢸[38;2;54;47;99m⡟[39m         [38;2;47;14;65m▒[38;2;62;18;85m▓[38;2;77;23;106m▓[38;2;92;27;127m█[38;2;107;32;148m█[39m[48;2;20;22;28m                  
                  [38;2;107;32;148m[48;2;27;30;36m█[38;2;92;27;127m█[38;2;77;23;106m▓[38;2;62;18;85m▓[38;2;47;14;65m▒[39m       [38;2;60;98;185m⣾[38;2;52;111;195m⣿[38;2;60;100;188m⣿[38;2;62;62;132m⡆[39m               [38;2;63;66;139m⢸[38;2;32;136;204m⣿[38;2;76;198;217m⣿[38;2;95;208;219m⣿[38;2;60;188;216m⣿[38;2;51;113;195m⣿[39m   [38;2;65;82;167m⢻[38;2;44;122;199m⣿[38;2;10;158;209m⣿[38;2;28;170;212m⣿[38;2;10;160;210m⣿[38;2;42;125;200m⣿[38;2;66;77;161m⣇[39m        [38;2;65;73;152m⠸[38;2;42;124;200m⣿[38;2;14;163;210m⣿[38;2;24;168;211m⣿[38;2;12;156;209m⣿[38;2;37;130;203m⣿[38;2;51;113;195m⣿[38;2;63;88;174m⣿[38;2;63;64;135m⡿[39m          [38;2;60;56;118m⠸[38;2;64;70;148m⣿[38;2;51;113;196m⣿[38;2;25;169;212m⣿[38;2;69;194;217m⣿[38;2;57;187;215m⣿[38;2;19;149;207m⣿[38;2;64;85;171m⡿[39m   [38;2;63;63;134m⠈[38;2;66;80;165m⢻[38;2;50;114;196m⣿[38;2;24;168;211m⣿[38;2;84;202;218m⣿[38;2;106;212;221m⣿[38;2;81;201;218m⣿[38;2;26;170;212m⣿[38;2;31;137;204m⣿[38;2;46;120;198m⣿[38;2;45;121;199m⣿[38;2;36;132;203m⣿[38;2;38;129;202m⣿[38;2;56;106;193m⣿[38;2;64;70;148m⣿[39m        [38;2;65;71;150m⢸[38;2;41;126;201m⣿[38;2;46;181;214m⣿[38;2;88;205;219m⣿[38;2;96;208;219m⣿[38;2;71;195;217m⣿[38;2;42;178;214m⣿[38;2;10;160;210m⣿[38;2;27;141;205m⣿[38;2;37;130;203m⣿[38;2;32;136;204m⣿[38;2;17;151;208m⣿[38;2;14;154;208m⣿[38;2;35;133;204m⣿[38;2;63;89;175m⣿[38;2;59;55;117m⡇[39m              [38;2;54;47;99m⠸[39m          [38;2;47;14;65m▒[38;2;62;18;85m▓[38;2;77;23;106m▓[38;2;92;27;127m█[38;2;107;32;148m█[39m[48;2;20;22;28m                  
                  [38;2;107;32;148m[48;2;27;30;36m█[38;2;92;27;127m█[38;2;77;23;106m▓[38;2;62;18;85m▓[38;2;47;14;65m▒[39m      [38;2;63;65;136m⢸[38;2;50;114;196m⣿[38;2;34;134;204m⣿[38;2;43;123;200m⣿[38;2;66;76;158m⣷[39m               [38;2;63;65;138m⣼[38;2;47;118;198m⣿[38;2;29;171;212m⣿[38;2;35;175;213m⣿[38;2;21;147;207m⣿[38;2;65;73;152m⡇[39m    [38;2;65;74;155m⢹[38;2;46;120;198m⣿[38;2;14;154;208m⣿[38;2;15;163;210m⣿[38;2;19;149;207m⣿[38;2;49;115;196m⣿[38;2;66;79;164m⣧[39m        [38;2;54;109;194m⣿[38;2;10;160;210m⣿[38;2;25;169;211m⣿[38;2;19;149;207m⣿[38;2;61;96;183m⣿[38;2;65;71;148m⡿[39m             [38;2;63;64;135m⢸[38;2;52;112;195m⣿[38;2;13;162;210m⣿[38;2;39;176;213m⣿[38;2;11;157;209m⣿[38;2;60;99;187m⡿[39m      [38;2;63;64;135m⠸[38;2;59;102;190m⢿[38;2;24;144;206m⣿[38;2;21;167;211m⣿[38;2;20;166;211m⣿[38;2;27;141;205m⣿[38;2;59;102;190m⣿[38;2;65;73;152m⠇[38;2;66;78;162m⠹[38;2;50;114;196m⣿[38;2;37;131;203m⣿[38;2;45;120;198m⣿[38;2;66;79;164m⣿[39m       [38;2;62;60;128m⢠[38;2;63;91;177m⣾[38;2;21;147;207m⣿[38;2;64;191;216m⣿[38;2;90;206;219m⣿[38;2;76;198;217m⣿[38;2;19;165;211m⣿[38;2;46;119;198m⣿[38;2;66;80;165m⠟[39m  [38;2;65;83;169m⢸[38;2;28;140;205m⣿[38;2;21;166;211m⣿[38;2;9;160;210m⣿[38;2;49;116;196m⣿[38;2;63;66;138m⣷[39m                         [38;2;47;14;65m▒[38;2;62;18;85m▓[38;2;77;23;106m▓[38;2;92;27;127m█[38;2;107;32;148m█[39m[48;2;20;22;28m                  
                  [38;2;107;32;148m[48;2;27;30;36m█[38;2;92;27;127m█[38;2;77;23;106m▓[38;2;62;18;85m▓[38;2;47;14;65m▒[39m      [38;2;62;61;130m⢸[38;2;59;103;191m⣿[38;2;41;125;201m⣿[38;2;46;120;198m⣿[38;2;65;83;168m⣿[38;2;62;61;129m⣇[39m            [38;2;54;48;101m⢠[38;2;57;51;109m⣾[38;2;62;59;126m⣿[38;2;66;80;165m⣿[38;2;51;113;195m⣿[38;2;46;120;198m⣿[38;2;58;104;192m⣿[38;2;65;73;152m⣿[38;2;62;59;126m⡄[39m    [38;2;66;75;157m⢸[38;2;50;114;196m⣿[38;2;24;144;206m⣿[38;2;11;157;209m⣿[38;2;17;151;208m⣿[38;2;34;134;204m⣿[38;2;59;103;191m⣷[38;2;66;76;158m⣦[39m    [38;2;65;72;151m⢠[38;2;51;113;195m⣾[38;2;12;161;210m⣿[38;2;49;182;214m⣿[38;2;30;172;212m⣿[38;2;36;131;203m⣿[38;2;65;73;152m⣿[39m              [38;2;62;59;126m⢸[38;2;61;96;184m⣿[38;2;43;123;200m⣿[38;2;45;121;199m⣿[38;2;64;87;173m⣿[39m        [38;2;63;63;133m⢸[38;2;64;87;173m⣿[38;2;46;119;198m⣿[38;2;29;139;205m⣿⣿[38;2;47;119;198m⣿[38;2;63;88;174m⣷[38;2;65;74;154m⣤[38;2;61;95;182m⣿[38;2;52;111;195m⣿[38;2;56;107;193m⣿[38;2;66;75;156m⣿[39m      [38;2;65;72;150m⢰[38;2;61;96;183m⣾[38;2;42;124;200m⣿[38;2;13;155;209m⣿[38;2;43;179;214m⣿[38;2;45;180;214m⣿[38;2;13;155;209m⣿[38;2;61;97;184m⡿[39m    [38;2;65;73;153m⢸[38;2;25;143;206m⣿[38;2;34;174;213m⣿[38;2;28;170;212m⣿[38;2;39;128;202m⣿[38;2;65;74;155m⣿[38;2;62;60;127m⣷[38;2;60;55;118m⣶[38;2;61;57;122m⣴[38;2;62;62;131m⣶[38;2;64;67;142m⣶[38;2;65;74;155m⣶[38;2;65;83;168m⣶[38;2;62;92;179m⣶[38;2;60;97;185m⣾[38;2;60;99;186m⣿[38;2;60;100;187m⣿[38;2;60;100;188m⣿[38;2;60;97;185m⣿[38;2;65;85;170m⣿[38;2;64;67;141m⣷[39m          [38;2;47;14;65m▒[38;2;62;18;85m▓[38;2;77;23;106m▓[38;2;92;27;127m█[38;2;107;32;148m█[39m[48;2;20;22;28m                  
                  [38;2;107;32;148m[48;2;27;30;36m█[38;2;92;27;127m█[38;2;77;23;106m▓[38;2;62;18;85m▓[38;2;47;14;65m▒[39m       [38;2;63;66;140m⢹[38;2;66;80;165m⣿[38;2;65;84;169m⣿[38;2;66;78;163m⣿[38;2;66;81;166m⣿[38;2;61;96;183m⣿[38;2;50;114;196m⣿[38;2;47;118;197m⣿[38;2;60;99;187m⣷[38;2;65;71;148m⣆[39m       [38;2;55;48;102m⣿[38;2;56;50;106m⡿[38;2;57;52;110m⠟[38;2;59;54;115m⠋[38;2;63;63;134m⢻[38;2;65;72;151m⣿[38;2;66;78;162m⣿[38;2;66;79;164m⣿[38;2;66;81;166m⣿[38;2;64;87;173m⣿[38;2;62;91;178m⣷[38;2;63;91;177m⣶[38;2;64;87;174m⣶[38;2;64;86;172m⣾[38;2;61;97;184m⣿[38;2;45;120;198m⣿[38;2;22;146;207m⣿[38;2;13;162;210m⣿[38;2;22;167;211m⣿[38;2;14;163;210m⣿[38;2;14;154;208m⣿[38;2;23;145;206m⣿[38;2;19;149;207m⣿[38;2;10;158;209m⣿[38;2;21;166;211m⣿[38;2;40;177;213m⣿[38;2;67;193;216m⣿[38;2;83;202;218m⣿[38;2;70;194;217m⣿[38;2;15;163;210m⣿[38;2;56;106;193m⣿[38;2;62;62;132m⡇[39m              [38;2;58;53;113m⢸[38;2;66;76;159m⣿[38;2;61;96;184m⣿[38;2;60;99;186m⣿[38;2;66;80;166m⣿[38;2;63;64;136m⣄[38;2;63;66;138m⣀[38;2;65;84;170m⣤[38;2;58;104;192m⣴[38;2;53;110;194m⣦[38;2;61;95;182m⣤[38;2;65;71;149m⣄[38;2;60;57;120m⣰[38;2;58;53;113m⣾[38;2;62;59;126m⣿[38;2;66;78;163m⣿[38;2;55;107;193m⣿[38;2;36;132;203m⣿[38;2;25;143;206m⣿⣿[38;2;32;136;204m⣿[38;2;37;131;203m⣿[38;2;47;118;197m⣿[38;2;60;99;187m⣿[38;2;65;74;156m⣿[39m   [38;2;64;67;141m⢀[38;2;66;81;166m⣴[38;2;59;100;188m⣾[38;2;47;119;198m⣿[38;2;39;129;202m⣿[38;2;36;132;203m⣿[38;2;38;129;202m⣿[38;2;41;126;201m⣿[38;2;49;115;196m⣿[38;2;61;97;184m⣿[38;2;66;75;156m⣷[38;2;62;61;129m⡄[39m  [38;2;63;66;139m⢠[38;2;60;98;186m⣾[38;2;17;151;208m⣿[38;2;26;169;212m⣿[38;2;10;158;209m⣿[38;2;53;111;194m⣿[38;2;64;70;147m⣿[38;2;62;60;128m⣿[38;2;61;58;124m⣿[38;2;63;63;134m⣿[38;2;65;71;149m⣿[38;2;66;81;166m⣿[38;2;61;94;181m⣿[38;2;52;111;195m⣿[38;2;40;127;201m⣿[38;2;33;135;204m⣿[38;2;34;134;204m⣿[38;2;38;129;202m⣿[38;2;41;126;201m⣿[38;2;42;124;200m⣿[38;2;52;112;195m⣿[38;2;63;91;177m⣿[38;2;63;66;138m⣿[39m         [38;2;47;14;65m▒[38;2;62;18;85m▓[38;2;77;23;106m▓[38;2;92;27;127m█[38;2;107;32;148m█[39m[48;2;20;22;28m                  
                  [38;2;107;32;148m[48;2;27;30;36m█[38;2;92;27;127m█[38;2;77;23;106m▓[38;2;62;18;85m▓[38;2;47;14;65m▒[39m        [38;2;58;53;112m⠈[38;2;61;58;124m⢿[38;2;64;67;140m⣿[38;2;65;82;167m⣿[38;2;59;103;191m⣿[38;2;41;125;201m⣿[38;2;38;130;202m⣿[38;2;54;109;194m⣿[38;2;66;75;157m⣿[39m  [38;2;52;44;94m⠘⠋[39m        [38;2;59;54;115m⠘[38;2;63;63;133m⢿[38;2;65;73;152m⣿[38;2;65;82;167m⣿[38;2;62;93;180m⣿[38;2;59;101;189m⣿[38;2;59;103;191m⣿[38;2;60;99;187m⣿[38;2;62;93;180m⣿[38;2;63;90;176m⣿[38;2;62;94;181m⣿[38;2;52;112;195m⣿[38;2;29;139;205m⣿[38;2;9;159;209m⣿[38;2;21;167;211m⣿[38;2;23;168;211m⣿[38;2;28;170;212m⣿[38;2;49;182;214m⣿[38;2;67;193;216m⣿[38;2;74;197;217m⣿[38;2;77;198;217m⣿[38;2;84;203;218m⣿[38;2;81;201;218m⣿[38;2;48;182;214m⣿[38;2;30;138;205m⣿[38;2;64;86;172m⣿[38;2;63;64;136m⣷[38;2;60;56;118m⣆[39m              [38;2;63;63;133m⢻[38;2;66;81;166m⣿[38;2;62;93;179m⣿[38;2;61;95;182m⣿[38;2;56;107;193m⣿[38;2;23;145;206m⣿[38;2;46;181;214m⣿[38;2;82;201;218m⣿[38;2;70;194;217m⣿[38;2;18;165;211m⣿[38;2;59;100;188m⣿[38;2;62;62;132m⣿[38;2;57;51;108m⡿[38;2;56;51;107m⠛[38;2;59;55;117m⠻[38;2;65;72;151m⢿[38;2;59;102;190m⣿[38;2;36;132;203m⣿[38;2;20;148;207m⣿[38;2;17;151;208m⣿[38;2;22;146;207m⣿[38;2;34;134;204m⣿[38;2;44;122;199m⣿[38;2;51;113;195m⣿[38;2;55;108;193m⣿[38;2;58;104;192m⣿[38;2;57;105;192m⣿[38;2;54;109;194m⣿[38;2;50;114;196m⣿[38;2;45;121;199m⣿[38;2;40;126;201m⣿[38;2;44;122;199m⣿[38;2;57;106;192m⣿[38;2;64;85;171m⣿[38;2;66;76;159m⣿[38;2;66;78;162m⣿[38;2;66;79;164m⣿[38;2;66;75;157m⣿⣿[38;2;66;81;166m⣿[38;2;64;86;172m⣿[38;2;63;89;175m⣿[38;2;55;108;193m⣿[38;2;30;138;205m⣿[38;2;25;143;206m⣿[38;2;45;120;199m⣿[38;2;66;79;164m⣿[38;2;61;58;124m⠿[38;2;59;55;117m⠛[38;2;60;56;118m⠻[38;2;62;61;129m⢿[38;2;64;69;145m⣿[38;2;66;78;163m⣿[38;2;62;92;179m⣿[38;2;54;110;194m⣿[38;2;39;128;202m⣿[38;2;29;139;205m⣿⣿[38;2;35;133;204m⣿[38;2;40;127;201m⣿[38;2;41;126;201m⣿[38;2;45;120;198m⣿[38;2;59;103;191m⣿[38;2;66;76;159m⣿[38;2;60;56;119m⣷[39m        [38;2;47;14;65m▒[38;2;62;18;85m▓[38;2;77;23;106m▓[38;2;92;27;127m█[38;2;107;32;148m█[39m[48;2;20;22;28m                  
                  [38;2;107;32;148m[48;2;27;30;36m█[38;2;92;27;127m█[38;2;77;23;106m▓[38;2;62;18;85m▓[38;2;47;14;65m▒[39m          [38;2;59;55;117m⠘[38;2;65;71;150m⢿[38;2;62;94;181m⣿[38;2;48;116;197m⣿[38;2;44;122;199m⣿[38;2;59;102;190m⣿[38;2;65;72;151m⠟[39m               [38;2;64;70;147m⠻[38;2;65;84;169m⣿[38;2;61;95;182m⣿[38;2;60;98;186m⣿[38;2;61;96;183m⣿[38;2;63;89;175m⣿[38;2;66;81;167m⣿[38;2;66;76;159m⣿[38;2;66;78;162m⣿[38;2;62;92;178m⣿[38;2;48;117;197m⣿[38;2;29;139;205m⣿[38;2;14;154;208m⣿[38;2;19;165;211m⣿[38;2;46;180;214m⣿[38;2;65;191;216m⣿[38;2;70;194;217m⣿[38;2;65;191;216m⣿[38;2;51;184;215m⣿[38;2;20;166;211m⣿[38;2;37;131;203m⣿[38;2;64;86;172m⣿[38;2;64;68;142m⣿[38;2;62;62;132m⣿[38;2;62;59;125m⣿[38;2;59;55;116m⣿[38;2;56;50;107m⣦[39m             [38;2;63;65;138m⣿[38;2;66;79;164m⣿[38;2;61;94;181m⣿[38;2;47;118;198m⣿[38;2;9;160;210m⣿[38;2;67;193;216m⣿[38;2;100;210;220m⣿[38;2;82;201;218m⣿[38;2;26;169;212m⣿[38;2;59;102;190m⣿[38;2;62;61;129m⠇[39m    [38;2;63;66;140m⠘[38;2;62;94;180m⢿[38;2;43;123;200m⣿[38;2;29;139;205m⣿[38;2;30;138;205m⣿[38;2;40;127;201m⣿[38;2;47;119;198m⣿[38;2;49;116;197m⣿[38;2;50;114;196m⣿[38;2;52;111;195m⣿[38;2;53;111;195m⣿[38;2;51;113;195m⣿[38;2;50;114;196m⣿⣿[38;2;57;106;193m⣿[38;2;63;89;175m⡿[38;2;64;67;142m⠋[39m  [38;2;61;58;124m⠘[38;2;63;66;139m⠿[38;2;64;69;146m⣿[38;2;66;75;156m⣿[38;2;65;82;168m⣿[38;2;64;88;174m⣿[38;2;63;88;174m⣿[38;2;62;94;180m⣿[38;2;61;96;184m⣿[38;2;64;88;174m⡿[38;2;64;68;142m⠏[39m       [38;2;63;65;138m⠈[38;2;66;76;159m⠻[38;2;63;90;176m⢿[38;2;60;100;188m⣿[38;2;59;103;191m⣿[38;2;60;100;188m⣿[38;2;60;99;186m⣿[38;2;57;105;192m⣿[38;2;55;108;194m⣿[38;2;60;99;186m⣿[38;2;66;76;159m⣿[38;2;60;57;120m⣿[39m        [38;2;47;14;65m▒[38;2;62;18;85m▓[38;2;77;23;106m▓[38;2;92;27;127m█[38;2;107;32;148m█[39m[48;2;20;22;28m                  
                  [38;2;107;32;148m[48;2;27;30;36m█[38;2;92;27;127m█[38;2;77;23;106m▓[38;2;62;18;85m▓[38;2;47;14;65m▒[39m                                           [38;2;63;65;136m⠙[38;2;66;77;160m⠿[38;2;61;95;182m⠿[38;2;47;118;198m⣿[38;2;37;131;203m⣿[38;2;40;127;201m⣿[38;2;54;109;194m⣿[38;2;64;86;172m⠿[38;2;64;69;144m⠟[39m  [38;2;59;54;115m⠈[38;2;60;56;120m⠻[38;2;60;57;120m⢿[38;2;59;55;116m⣿[38;2;57;51;108m⣿[38;2;55;48;101m⣧[38;2;54;47;100m⣠[38;2;56;49;105m⣴[38;2;58;53;112m⣶[38;2;58;54;114m⣶[38;2;57;51;109m⣦[38;2;54;47;100m⡄[39m      [38;2;56;50;105m⠘[38;2;61;58;124m⢿[38;2;66;75;156m⣿[38;2;57;105;192m⣿[38;2;19;149;207m⣿[38;2;44;180;214m⣿[38;2;68;193;216m⣿[38;2;44;180;214m⣿[38;2;26;142;206m⣿[38;2;66;77;160m⠇[39m        [38;2;65;72;151m⠻[38;2;65;84;170m⠿[38;2;62;93;180m⠿[38;2;60;99;187m⣿[38;2;59;103;191m⣿[38;2;58;104;192m⣿[38;2;59;101;189m⣿[38;2;60;98;185m⣿[38;2;62;93;179m⣿[38;2;65;82;168m⠿[38;2;64;69;145m⠟[39m        [38;2;62;61;129m⠈[38;2;64;70;147m⠛[38;2;65;74;154m⠿[38;2;64;70;146m⠿[38;2;62;61;130m⠟[39m             [38;2;61;58;122m⠘[38;2;63;64;135m⢿[38;2;64;69;145m⣿[38;2;65;74;154m⣿[38;2;66;80;165m⣿[38;2;65;83;168m⣿[38;2;66;77;160m⣿[38;2;63;64;136m⣿[38;2;57;52;110m⠇[39m        [38;2;47;14;65m▒[38;2;62;18;85m▓[38;2;77;23;106m▓[38;2;92;27;127m█[38;2;107;32;148m█[39m[48;2;20;22;28m                  
                  [38;2;107;32;148m[48;2;27;30;36m█[38;2;92;27;127m█[38;2;77;23;106m▓[38;2;62;18;85m▓[38;2;47;14;65m▒[39m                                                            [38;2;54;47;99m⠘[38;2;56;50;105m⢻[38;2;58;53;113m⣿[38;2;59;55;116m⣿[38;2;58;52;111m⣿[38;2;55;49;103m⣿[39m         [38;2;62;61;129m⠹[38;2;65;72;151m⠿[38;2;66;81;167m⠿[38;2;66;81;166m⠿[38;2;64;70;148m⠏[39m                                                 [38;2;58;54;114m⠈[38;2;62;61;130m⠻[38;2;64;68;143m⠿⠿[38;2;62;61;129m⠟[39m          [38;2;47;14;65m▒[38;2;62;18;85m▓[38;2;77;23;106m▓[38;2;92;27;127m█[38;2;107;32;148m█[39m[48;2;20;22;28m                  
                  [38;2;107;32;148m[48;2;27;30;36m█[38;2;92;27;127m█[38;2;77;23;106m▓[38;2;62;18;85m▓[38;2;47;14;65m▒[39m                                                                [38;2;56;49;105m⠉[39m                                                                               [38;2;47;14;65m▒[38;2;62;18;85m▓[38;2;77;23;106m▓[38;2;92;27;127m█[38;2;107;32;148m█[39m[48;2;20;22;28m                  
                  [38;2;107;32;148m[48;2;27;30;36m█[38;2;92;27;127m█[38;2;77;23;106m▓[38;2;62;18;85m▓[38;2;47;14;65m▒[39m                                                                                                                                                [38;2;47;14;65m▒[38;2;62;18;85m▓[38;2;77;23;106m▓[38;2;92;27;127m█[38;2;107;32;148m█[39m[48;2;20;22;28m                  
                  [38;2;107;32;148m[48;2;27;30;36m█[38;2;92;27;127m█[38;2;77;23;106m▓[38;2;62;18;85m▓[38;2;47;14;65m▒[39m                                                                                                                                                [38;2;47;14;65m▒[38;2;62;18;85m▓[38;2;77;23;106m▓[38;2;92;27;127m█[38;2;107;32;148m█[39m[48;2;20;22;28m                  
                  [38;2;107;32;148m[48;2;27;30;36m█[38;2;92;27;127m█[38;2;77;23;106m▓[38;2;62;18;85m▓[38;2;47;14;65m▒[39m                                                                                                                                                [38;2;47;14;65m▒[38;2;62;18;85m▓[38;2;77;23;106m▓[38;2;92;27;127m█[38;2;107;32;148m█[39m[48;2;20;22;28m                  
                  [38;2;107;32;148m[48;2;27;30;36m█[38;2;92;27;127m█[38;2;77;23;106m▓[38;2;62;18;85m▓[38;2;47;14;65m▒[39m                                                                                                                                                [38;2;47;14;65m▒[38;2;62;18;85m▓[38;2;77;23;106m▓[38;2;92;27;127m█[38;2;107;32;148m█[39m[48;2;20;22;28m                  
                  [38;2;107;32;148m[48;2;27;30;36m█[38;2;92;27;127m█[38;2;77;23;106m▓[38;2;62;18;85m▓[38;2;47;14;65m▒[39m                                                                                                                 [38;2;53;45;96m⣆[39m                              [38;2;47;14;65m▒[38;2;62;18;85m▓[38;2;77;23;106m▓[38;2;92;27;127m█[38;2;107;32;148m█[39m[48;2;20;22;28m                  
                  [38;2;107;32;148m[48;2;27;30;36m█[38;2;92;27;127m█[38;2;77;23;106m▓[38;2;62;18;85m▓[38;2;47;14;65m▒[39m                                                                                                                 [38;2;54;47;98m⣿[39m                              [38;2;47;14;65m▒[38;2;62;18;85m▓[38;2;77;23;106m▓[38;2;92;27;127m█[38;2;107;32;148m█[39m[48;2;20;22;28m                  
                  [38;2;107;32;148m[48;2;27;30;36m█[38;2;92;27;127m█[38;2;77;23;106m▓[38;2;62;18;85m▓[38;2;47;14;65m▒[39m                                                                                                                 [38;2;54;46;98m⢸[39m                              [38;2;47;14;65m▒[38;2;62;18;85m▓[38;2;77;23;106m▓[38;2;92;27;127m█[38;2;107;32;148m█[39m[48;2;20;22;28m                  
                  [38;2;107;32;148m[48;2;27;30;36m█[38;2;92;27;127m█[38;2;77;23;106m▓[38;2;62;18;85m▓[38;2;47;14;65m▒[39m                                                                                                                                                [38;2;47;14;65m▒[38;2;62;18;85m▓[38;2;77;23;106m▓[38;2;92;27;127m█[38;2;107;32;148m█[39m[48;2;20;22;28m                  
                  [38;2;107;32;148m[48;2;27;30;36m█[38;2;92;27;127m█[38;2;77;23;106m▓[38;2;62;18;85m▓[38;2;47;14;65m▒[39m                                                                                                                                                [38;2;47;14;65m▒[38;2;62;18;85m▓[38;2;77;23;106m▓[38;2;92;27;127m█[38;2;107;32;148m█[39m[48;2;20;22;28m                  
                  [38;2;107;32;148m[48;2;27;30;36m█[38;2;92;27;127m█[38;2;77;23;106m▓[38;2;62;18;85m▓[38;2;47;14;65m▒[39m                                                                                                                                   [38;2;54;46;98m⢸[38;2;54;47;100m⣷[39m           [38;2;47;14;65m▒[38;2;62;18;85m▓[38;2;77;23;106m▓[38;2;92;27;127m█[38;2;107;32;148m█[39m[48;2;20;22;28m                  
                  [38;2;107;32;148m[48;2;27;30;36m█[38;2;92;27;127m█[38;2;77;23;106m▓[38;2;62;18;85m▓[38;2;47;14;65m▒[39m                                                                                                                                    [38;2;54;48;101m⢿[38;2;54;47;99m⣷[39m          [38;2;47;14;65m▒[38;2;62;18;85m▓[38;2;77;23;106m▓[38;2;92;27;127m█[38;2;107;32;148m█[39m[48;2;20;22;28m                  
                  [38;2;107;32;148m[48;2;27;30;36m█[38;2;92;27;127m█[38;2;77;23;106m▓[38;2;62;18;85m▓[38;2;47;14;65m▒[39m                                                                                                                                                [38;2;47;14;65m▒[38;2;62;18;85m▓[38;2;77;23;106m▓[38;2;92;27;127m█[38;2;107;32;148m█[39m[48;2;20;22;28m                  
                  [38;2;107;32;148m[48;2;27;30;36m█[38;2;92;27;127m█[38;2;77;23;106m▓[38;2;62;18;85m▓[38;2;47;14;65m▒[39m                                                                                                                                                [38;2;47;14;65m▒[38;2;62;18;85m▓[38;2;77;23;106m▓[38;2;92;27;127m█[38;2;107;32;148m█[39m[48;2;20;22;28m                  
                  [38;2;107;32;148m[48;2;27;30;36m█[38;2;92;27;127m█[38;2;77;23;106m▓[38;2;62;18;85m▓[38;2;47;14;65m▒[39m      [38;2;52;44;94m⠘⠋[38;2;52;44;93m⠈[39m                           [38;2;53;45;95m⢰[38;2;53;46;97m⣶⣾[39m                                                                                                         [38;2;47;14;65m▒[38;2;62;18;85m▓[38;2;77;23;106m▓[38;2;92;27;127m█[38;2;107;32;148m█[39m[48;2;20;22;28m                  
                  [38;2;107;32;148m[48;2;27;30;36m█[38;2;92;27;127m█[38;2;77;23;106m▓[38;2;62;18;85m▓[38;2;47;14;65m▒[39m                                                                                                                                                [38;2;47;14;65m▒[38;2;62;18;85m▓[38;2;77;23;106m▓[38;2;92;27;127m█[38;2;107;32;148m█[39m[48;2;20;22;28m                  
                  [38;2;107;32;148m[48;2;27;30;36m█[38;2;92;27;127m█[38;2;77;23;106m▓[38;2;62;18;85m▓[38;2;47;14;65m▒[39m                                                                                                                                                [38;2;47;14;65m▒[38;2;62;18;85m▓[38;2;77;23;106m▓[38;2;92;27;127m█[38;2;107;32;148m█[39m[48;2;20;22;28m                  
                  [38;2;107;32;148m[48;2;27;30;36m█[38;2;92;27;127m█[38;2;77;23;106m▓[38;2;62;18;85m▓[38;2;47;14;65m▒[39m                                                                                                                                                [38;2;47;14;65m▒[38;2;62;18;85m▓[38;2;77;23;106m▓[38;2;92;27;127m█[38;2;107;32;148m█[39m[48;2;20;22;28m                  
                  [38;2;107;32;148m[48;2;27;30;36m█[38;2;92;27;127m█[38;2;77;23;106m▓[38;2;62;18;85m▓[38;2;47;14;65m▒[39m                                                                                                                                                [38;2;47;14;65m▒[38;2;62;18;85m▓[38;2;77;23;106m▓[38;2;92;27;127m█[38;2;107;32;148m█[39m[48;2;20;22;28m                  
                  [38;2;107;32;148m[48;2;27;30;36m█[38;2;92;27;127m█[38;2;77;23;106m▓[38;2;62;18;85m▓[38;2;47;14;65m▒[39m                                                                                                                                                [38;2;47;14;65m▒[38;2;62;18;85m▓[38;2;77;23;106m▓[38;2;92;27;127m█[38;2;107;32;148m█[39m[48;2;20;22;28m                  
                  [38;2;107;32;148m[48;2;27;30;36m█[38;2;92;27;127m█[38;2;77;23;106m▓[38;2;62;18;85m▓[38;2;47;14;65m▒[39m                                                                                                                                                [38;2;47;14;65m▒[38;2;62;18;85m▓[38;2;77;23;106m▓[38;2;92;27;127m█[38;2;107;32;148m█[39m[48;2;20;22;28m                  
                  [38;2;107;32;148m[48;2;27;30;36m█[38;2;92;27;127m█[38;2;77;23;106m▓[38;2;69;20;96m▓▓▓▓▓▓▓▓▓▓▓▓▓▓▓▓▓▓▓▓▓▓▓▓▓▓▓▓▓▓▓▓▓▓▓▓▓▓▓▓▓▓▓▓▓▓▓▓▓▓▓▓▓▓▓▓▓▓▓▓▓▓▓▓▓▓▓▓▓▓▓▓▓▓▓▓▓▓▓▓▓▓▓▓▓▓▓▓▓▓▓▓▓▓▓▓▓▓▓▓▓▓▓▓▓▓▓▓▓▓▓▓▓▓▓▓▓▓▓▓▓▓▓▓▓▓▓▓▓▓▓▓▓▓▓▓▓▓▓▓▓▓▓▓▓▓▓▓[38;2;77;23;106m▓[38;2;92;27;127m█[38;2;107;32;148m█[39m[48;2;20;22;28m                  
                  [38;2;107;32;148m[48;2;27;30;36m██████████████████████████████████████████████████████████████████████████████████████████████████████████████████████████████████████████████████████████[39m[48;2;20;22;28m                  
                                                                                                                                                                                              
                                                                                                                                                                                              
