[48;2;40;40;40m                                                                                                                                                                                              
                                                                                                                                                                                              
                  [38;2;106;139;99m[48;2;30;30;30m██████████████████████████████████████████████████████████████████████████████████████████████████████████████████████████████████████████████████████████[39m[48;2;40;40;40m                  
                  [38;2;106;139;99m[48;2;30;30;30m█[38;2;91;119;85m█[38;2;76;100;71m▓[38;2;68;90;64m▓▓▓▓▓▓▓▓▓▓▓▓▓▓▓▓▓▓▓▓▓▓▓▓▓▓▓▓▓▓▓▓▓▓▓▓▓▓▓▓▓▓▓▓▓▓▓▓▓▓▓▓▓▓▓▓▓▓▓▓▓▓▓▓▓▓▓▓▓▓▓▓▓▓▓▓▓▓▓▓▓▓▓▓▓▓▓▓▓▓▓▓▓▓▓▓▓▓▓▓▓▓▓▓▓▓▓▓▓▓▓▓▓▓▓▓▓▓▓▓▓▓▓▓▓▓▓▓▓▓▓▓▓▓▓▓▓▓▓▓▓▓▓▓▓▓▓▓[38;2;76;100;71m▓[38;2;91;119;85m█[38;2;106;139;99m█[39m[48;2;40;40;40m                  
                  [38;2;106;139;99m[48;2;30;30;30m█[38;2;91;119;85m█[38;2;76;100;71m▓[38;2;61;80;57m▓[38;2;46;61;43m▒[38;2;28;52;32m⠏[38;2;28;53;33m⢰[38;2;28;54;33m⣄[39m                                                                                                                                             [38;2;46;61;43m▒[38;2;61;80;57m▓[38;2;76;100;71m▓[38;2;91;119;85m█[38;2;106;139;99m█[39m[48;2;40;40;40m                  
                  [38;2;106;139;99m[48;2;30;30;30m█[38;2;91;119;85m█[38;2;76;100;71m▓[38;2;61;80;57m▓[38;2;46;61;43m▒[38;2;28;52;32m⢀[38;2;28;53;33m⣿[38;2;29;56;34m⣿⣿[39m                                                                                                                                            [38;2;46;61;43m▒[38;2;61;80;57m▓[38;2;76;100;71m▓[38;2;91;119;85m█[38;2;106;139;99m█[39m[48;2;40;40;40m                  
                  [38;2;106;139;99m[48;2;30;30;30m█[38;2;91;119;85m█[38;2;76;100;71m▓[38;2;61;80;57m▓[38;2;46;61;43m▒[39m [38;2;28;53;32m⠹[38;2;30;58;35m⣿[38;2;31;61;36m⣿[38;2;30;59;35m⣿[39m                                                                                                                                           [38;2;46;61;43m▒[38;2;61;80;57m▓[38;2;76;100;71m▓[38;2;91;119;85m█[38;2;106;139;99m█[39m[48;2;40;40;40m                  
                  [38;2;106;139;99m[48;2;30;30;30m█[38;2;91;119;85m█[38;2;76;100;71m▓[38;2;61;80;57m▓[38;2;46;61;43m▒[39m  [38;2;29;56;34m⢸[38;2;31;62;36m⣿[38;2;32;64;36m⣿[38;2;30;59;35m⣷[39m                                                                                                                                          [38;2;46;61;43m▒[38;2;61;80;57m▓[38;2;76;100;71m▓[38;2;91;119;85m█[38;2;106;139;99m█[39m[48;2;40;40;40m                  
                  [38;2;106;139;99m[48;2;30;30;30m█[38;2;91;119;85m█[38;2;76;100;71m▓[38;2;61;80;57m▓[38;2;46;61;43m▒[39m   [38;2;30;58;35m⢹[38;2;32;64;36m⣿[38;2;31;62;36m⣿[38;2;29;56;34m⡇[39m                                                                                                                                         [38;2;46;61;43m▒[38;2;61;80;57m▓[38;2;76;100;71m▓[38;2;91;119;85m█[38;2;106;139;99m█[39m[48;2;40;40;40m                  
                  [38;2;106;139;99m[48;2;30;30;30m█[38;2;91;119;85m█[38;2;76;100;71m▓[38;2;61;80;57m▓[38;2;46;61;43m▒[39m    [38;2;30;58;34m⢹[38;2;30;60;35m⣿[38;2;29;57;34m⣿[39m                                                                                                                                         [38;2;46;61;43m▒[38;2;61;80;57m▓[38;2;76;100;71m▓[38;2;91;119;85m█[38;2;106;139;99m█[39m[48;2;40;40;40m                  
                  [38;2;106;139;99m[48;2;30;30;30m█[38;2;91;119;85m█[38;2;76;100;71m▓[38;2;61;80;57m▓[38;2;46;61;43m▒[39m     [38;2;28;54;33m⠸[38;2;29;55;33m⣿[38;2;28;53;33m⣷[39m                                                                                                                                        [38;2;46;61;43m▒[38;2;61;80;57m▓[38;2;76;100;71m▓[38;2;91;119;85m█[38;2;106;139;99m█[39m[48;2;40;40;40m                  
                  [38;2;106;139;99m[48;2;30;30;30m█[38;2;91;119;85m█[38;2;76;100;71m▓[38;2;61;80;57m▓[38;2;46;61;43m▒[39m      [38;2;27;51;32m⢸[38;2;28;52;32m⣿[39m                                                                                                                                        [38;2;46;61;43m▒[38;2;61;80;57m▓[38;2;76;100;71m▓[38;2;91;119;85m█[38;2;106;139;99m█[39m[48;2;40;40;40m                  
                  [38;2;106;139;99m[48;2;30;30;30m█[38;2;91;119;85m█[38;2;76;100;71m▓[38;2;61;80;57m▓[38;2;46;61;43m▒[39m       [38;2;27;51;32m⠘[39m                                                                                                                                        [38;2;46;61;43m▒[38;2;61;80;57m▓[38;2;76;100;71m▓[38;2;91;119;85m█[38;2;106;139;99m█[39m[48;2;40;40;40m                  
                  [38;2;106;139;99m[48;2;30;30;30m█[38;2;91;119;85m█[38;2;76;100;71m▓[38;2;61;80;57m▓[38;2;46;61;43m▒[39m        [38;2;29;57;34m⣾⣆[39m                                                                                                                                      [38;2;46;61;43m▒[38;2;61;80;57m▓[38;2;76;100;71m▓[38;2;91;119;85m█[38;2;106;139;99m█[39m[48;2;40;40;40m                  
                  [38;2;106;139;99m[48;2;30;30;30m█[38;2;91;119;85m█[38;2;76;100;71m▓[38;2;61;80;57m▓[38;2;46;61;43m▒[39m       [38;2;29;57;34m⢸[38;2;33;66;37m⣿[38;2;33;67;37m⣿[38;2;30;60;35m⡇[39m                                                                                                                                     [38;2;46;61;43m▒[38;2;61;80;57m▓[38;2;76;100;71m▓[38;2;91;119;85m█[38;2;106;139;99m█[39m[48;2;40;40;40m                  
                  [38;2;106;139;99m[48;2;30;30;30m█[38;2;91;119;85m█[38;2;76;100;71m▓[38;2;61;80;57m▓[38;2;46;61;43m▒[39m       [38;2;30;58;35m⢸[38;2;34;70;38m⣿[38;2;35;72;38m⣿[38;2;32;64;36m⣿[39m                                                                                                                                     [38;2;46;61;43m▒[38;2;61;80;57m▓[38;2;76;100;71m▓[38;2;91;119;85m█[38;2;106;139;99m█[39m[48;2;40;40;40m                  
                  [38;2;106;139;99m[48;2;30;30;30m█[38;2;91;119;85m█[38;2;76;100;71m▓[38;2;61;80;57m▓[38;2;46;61;43m▒[39m        [38;2;34;68;38m⣿[38;2;34;70;38m⣿[38;2;32;63;36m⡟[39m                                                     [38;2;27;49;31m⢠⣦[39m                                                                              [38;2;46;61;43m▒[38;2;61;80;57m▓[38;2;76;100;71m▓[38;2;91;119;85m█[38;2;106;139;99m█[39m[48;2;40;40;40m                  
                  [38;2;106;139;99m[48;2;30;30;30m█[38;2;91;119;85m█[38;2;76;100;71m▓[38;2;61;80;57m▓[38;2;46;61;43m▒[39m        [38;2;31;62;36m⣿[38;2;31;63;36m⣿[38;2;29;57;34m⡇[39m                                                     [38;2;27;49;31m⢸⡿[39m                                                         [38;2;29;57;34m⣤[38;2;29;55;33m⣴[38;2;28;52;32m⣤[39m                  [38;2;46;61;43m▒[38;2;61;80;57m▓[38;2;76;100;71m▓[38;2;91;119;85m█[38;2;106;139;99m█[39m[48;2;40;40;40m                  
                  [38;2;106;139;99m[48;2;30;30;30m█[38;2;91;119;85m█[38;2;76;100;71m▓[38;2;61;80;57m▓[38;2;46;61;43m▒[39m        [38;2;30;59;35m⣿⣿[38;2;28;54;33m⡇[39m          [38;2;26;48;31m⣀[39m                                                                                                  [38;2;29;56;34m⢠[38;2;32;63;36m⣶[38;2;33;66;37m⣿[38;2;32;64;37m⣿[38;2;30;59;35m⣿[38;2;28;53;32m⣿[39m     [38;2;27;51;32m⢸[38;2;28;52;32m⣷[39m           [38;2;46;61;43m▒[38;2;61;80;57m▓[38;2;76;100;71m▓[38;2;91;119;85m█[38;2;106;139;99m█[39m[48;2;40;40;40m                  
                  [38;2;106;139;99m[48;2;30;30;30m█[38;2;91;119;85m█[38;2;76;100;71m▓[38;2;61;80;57m▓[38;2;46;61;43m▒[39m        [38;2;29;56;34m⣿[38;2;29;55;33m⣿[39m             [38;2;27;49;31m⢻[38;2;27;50;31m⣷⣄[39m   [38;2;29;57;34m⢀[38;2;32;65;37m⣤[38;2;35;73;39m⣶[38;2;37;77;40m⣶[38;2;37;76;40m⣶[38;2;35;71;38m⣦[38;2;32;63;36m⣤[39m    [38;2;31;63;36m⣠[38;2;33;66;37m⣤⣤[38;2;32;65;37m⣤⣤[38;2;33;66;37m⣤[38;2;33;68;37m⣤[38;2;33;67;37m⣤[38;2;32;65;37m⣄[38;2;31;61;36m⡀[39m                                               [38;2;29;56;34m⢀[38;2;30;60;35m⣤[38;2;31;62;36m⣤[38;2;32;63;36m⣤[38;2;31;63;36m⣦[38;2;30;60;35m⣄[39m                [38;2;29;56;34m⢰[38;2;31;62;36m⣿[38;2;33;67;37m⣿[38;2;33;68;37m⣿[38;2;32;64;36m⣿[38;2;30;58;34m⡟[39m      [38;2;27;51;32m⠸[38;2;28;53;32m⣿[38;2;28;52;32m⣿[39m          [38;2;46;61;43m▒[38;2;61;80;57m▓[38;2;76;100;71m▓[38;2;91;119;85m█[38;2;106;139;99m█[39m[48;2;40;40;40m                  
                  [38;2;106;139;99m[48;2;30;30;30m█[38;2;91;119;85m█[38;2;76;100;71m▓[38;2;61;80;57m▓[38;2;46;61;43m▒[39m        [38;2;28;53;33m⣿[38;2;28;52;32m⡇[39m              [38;2;27;50;31m⠘[38;2;27;51;32m⢿[38;2;28;53;33m⣿[38;2;30;58;35m⣶[38;2;35;72;39m⣾[38;2;46;95;43m⣿[38;2;61;116;44m⣿[38;2;73;128;45m⣿⣿[38;2;64;119;44m⣿[38;2;54;109;44m⣿[38;2;47;98;43m⣿[38;2;41;86;41m⣿[38;2;36;75;39m⣿[38;2;37;78;40m⣾[38;2;42;89;42m⣿[38;2;46;96;43m⣿[38;2;45;95;43m⣿[38;2;42;87;42m⣿[38;2;39;81;40m⣿[38;2;38;79;40m⣿[38;2;39;80;40m⣿[38;2;40;84;41m⣿[38;2;42;87;42m⣿[38;2;43;90;42m⣿[38;2;43;91;42m⣿[38;2;42;87;42m⣿[38;2;38;78;40m⣷[38;2;33;67;37m⣦[39m                       [38;2;32;64;36m⣠[38;2;33;67;37m⣤[38;2;34;69;38m⣶[38;2;35;71;38m⣶[38;2;35;73;39m⣶[38;2;36;73;39m⣶[38;2;35;73;39m⣶[38;2;36;75;39m⣤[38;2;38;80;40m⣶[38;2;39;80;40m⣶[38;2;37;76;40m⣤[38;2;34;69;38m⣤[38;2;32;63;36m⣤[38;2;30;59;35m⣀[39m     [38;2;27;51;32m⢠[38;2;29;55;33m⣾[38;2;31;61;36m⣿[38;2;33;67;37m⣿[38;2;35;73;39m⣿[38;2;38;79;40m⣿[38;2;41;86;42m⣿[38;2;42;89;42m⣿[38;2;40;84;41m⣿[38;2;35;71;38m⣦[39m    [38;2;30;60;35m⣀[38;2;32;64;36m⣠⣤[38;2;31;62;36m⣄[39m     [38;2;28;52;32m⣸[38;2;29;57;34m⣿[38;2;31;62;36m⣿[38;2;32;64;36m⡿[38;2;31;62;36m⠟[39m         [38;2;27;51;32m⠘[38;2;28;52;32m⢿[39m          [38;2;46;61;43m▒[38;2;61;80;57m▓[38;2;76;100;71m▓[38;2;91;119;85m█[38;2;106;139;99m█[39m[48;2;40;40;40m                  
                  [38;2;106;139;99m[48;2;30;30;30m█[38;2;91;119;85m█[38;2;76;100;71m▓[38;2;61;80;57m▓[38;2;46;61;43m▒[39m        [38;2;28;52;32m⣿[39m                 [38;2;30;58;34m⢹[38;2;38;78;40m⣿[38;2;60;115;44m⣿[38;2;87;140;45m⣿[38;2;101;150;46m⣿[38;2;93;144;46m⣿[38;2;79;133;45m⣿[38;2;67;123;44m⣿[38;2;59;114;44m⣿[38;2;57;112;44m⣿[38;2;56;111;44m⣿[38;2;53;107;44m⣿[38;2;51;104;43m⣿⣿⣿[38;2;47;98;43m⣿[38;2;42;88;42m⣿[38;2;38;80;40m⣿[38;2;38;78;40m⣿[38;2;38;79;40m⣿[38;2;40;84;41m⣿[38;2;42;87;42m⣿[38;2;43;91;42m⣿[38;2;45;94;43m⣿[38;2;48;99;43m⣿[38;2;50;102;43m⣿[38;2;48;99;43m⣿[38;2;43;90;42m⣿[38;2;41;85;41m⣶[38;2;42;87;42m⣶[38;2;41;86;41m⣾[38;2;37;76;40m⣿[38;2;32;64;36m⣿[38;2;29;56;34m⣿[38;2;28;52;32m⣦[39m   [38;2;27;49;31m⠸[38;2;27;50;31m⣿[38;2;27;51;32m⣿[38;2;28;52;32m⣿[38;2;28;53;33m⣷[38;2;29;56;34m⣶[38;2;30;60;35m⣦[38;2;32;63;36m⣄[38;2;37;76;40m⣠[38;2;47;97;43m⣴[38;2;52;105;43m⣾[38;2;50;103;43m⣿[38;2;42;89;42m⣿[38;2;38;80;40m⣿[38;2;37;78;40m⣿[38;2;38;80;40m⣿[38;2;41;85;41m⣿[38;2;44;92;43m⣿[38;2;50;102;43m⣿[38;2;65;121;44m⣿[38;2;87;139;45m⣿[38;2;95;145;46m⣿[38;2;82;135;45m⣿[38;2;60;115;44m⣿[38;2;49;101;43m⣿[38;2;46;95;43m⣿[38;2;42;88;42m⣿[38;2;38;78;40m⣷[38;2;33;67;37m⣶[38;2;30;58;34m⣴[38;2;28;52;32m⣾⡿[38;2;29;55;33m⠿[38;2;31;61;36m⣿[38;2;33;67;37m⣿[38;2;35;72;39m⣿[38;2;38;79;40m⣿[38;2;42;88;42m⣿[38;2;44;93;43m⣿[38;2;43;91;42m⣿[38;2;40;84;41m⣿[38;2;38;78;40m⣿[38;2;39;81;40m⣷[38;2;44;93;43m⣾[38;2;52;106;43m⣿[38;2;61;116;44m⣿[38;2;62;117;44m⣿[38;2;59;114;44m⣿[38;2;53;107;44m⣿[38;2;48;99;43m⣿[38;2;42;87;42m⣿[38;2;36;74;39m⣶[38;2;31;61;36m⣶[38;2;28;54;33m⣾[38;2;28;53;32m⡟[38;2;28;53;33m⠛[39m              [38;2;27;50;31m⡇[39m         [38;2;46;61;43m▒[38;2;61;80;57m▓[38;2;76;100;71m▓[38;2;91;119;85m█[38;2;106;139;99m█[39m[48;2;40;40;40m                  
                  [38;2;106;139;99m[48;2;30;30;30m█[38;2;91;119;85m█[38;2;76;100;71m▓[38;2;61;80;57m▓[38;2;46;61;43m▒[39m       [38;2;32;64;36m⢠[38;2;33;67;37m⣶[39m                 [38;2;31;63;36m⢸[38;2;49;100;43m⣿[38;2;95;145;46m⣿[38;2;118;162;44m⣿[38;2;117;161;45m⣿[38;2;88;140;45m⣿[38;2;66;122;44m⣿[38;2;55;109;44m⣿[38;2;50;103;43m⣿[38;2;53;107;44m⣿[38;2;61;117;44m⣿[38;2;69;125;45m⣿[38;2;71;126;45m⣿[38;2;64;120;44m⣿[38;2;52;106;43m⣿[38;2;43;91;42m⡿[38;2;37;76;40m⠏[39m    [38;2;35;73;39m⠈[38;2;38;79;40m⠻[38;2;41;86;42m⢿[38;2;47;97;43m⣿[38;2;56;110;44m⣿[38;2;62;118;44m⣿[38;2;59;114;44m⣿[38;2;53;107;44m⣿[38;2;49;101;43m⣿[38;2;47;97;43m⣿[38;2;40;84;41m⣿[38;2;33;68;37m⣿[38;2;30;58;34m⣿[38;2;28;52;32m⠇[39m       [38;2;28;54;33m⠻[38;2;30;59;35m⣿[38;2;32;65;37m⣿[38;2;39;82;41m⣿[38;2;58;113;44m⣿[38;2;85;138;45m⣿[38;2;87;139;45m⣿[38;2;66;122;44m⣿[38;2;44;92;43m⣿[38;2;38;79;40m⣿[38;2;37;76;40m⣿[38;2;37;77;40m⣿[38;2;40;84;41m⣿[38;2;45;93;43m⣿[38;2;54;108;44m⣿[38;2;82;135;45m⣿[38;2;112;158;45m⣿[38;2;120;164;44m⣿[38;2;105;153;46m⣿[38;2;75;130;45m⣿[38;2;57;112;44m⣿[38;2;51;104;43m⣿[38;2;50;102;43m⣿[38;2;48;100;43m⣿[38;2;43;91;42m⣿[38;2;37;76;40m⣿[38;2;30;59;35m⣇[39m     [38;2;33;67;37m⠘[38;2;37;78;40m⠻[38;2;41;85;41m⢿[38;2;42;88;42m⣿[38;2;44;92;43m⣿[38;2;52;106;43m⣿[38;2;69;125;45m⣿[38;2;85;138;45m⣿[38;2;90;142;46m⣿[38;2;86;138;45m⣿[38;2;75;130;45m⣿[38;2;65;120;44m⣿[38;2;58;113;44m⣿[38;2;57;111;44m⣿[38;2;54;109;44m⣿[38;2;49;101;43m⣿[38;2;40;84;41m⣿[38;2;32;64;36m⣿[39m               [38;2;27;51;32m⢸[38;2;27;50;31m⡟[39m         [38;2;46;61;43m▒[38;2;61;80;57m▓[38;2;76;100;71m▓[38;2;91;119;85m█[38;2;106;139;99m█[39m[48;2;40;40;40m                  
                  [38;2;106;139;99m[48;2;30;30;30m█[38;2;91;119;85m█[38;2;76;100;71m▓[38;2;61;80;57m▓[38;2;46;61;43m▒[39m      [38;2;31;62;36m⢠[38;2;43;89;42m⣾[38;2;47;97;43m⣿[38;2;43;91;42m⣿[38;2;32;64;36m⡆[39m               [38;2;33;66;37m⢸[38;2;53;107;44m⣿[38;2;105;152;46m⣿[38;2;117;161;45m⣿[38;2;97;147;46m⣿[38;2;48;99;43m⣿[38;2;33;66;37m⠃[39m  [38;2;38;79;40m⢻[38;2;50;102;43m⣿[38;2;67;123;44m⣿[38;2;78;132;45m⣿[38;2;69;125;45m⣿[38;2;51;104;43m⣿[38;2;37;76;40m⣧[39m        [38;2;35;72;39m⠸[38;2;50;103;43m⣿[38;2;71;127;45m⣿[38;2;76;130;45m⣿[38;2;66;121;44m⣿[38;2;52;106;43m⣿[38;2;46;96;43m⣿[38;2;39;81;40m⣿[38;2;32;64;36m⡟[39m          [38;2;29;57;34m⠸[38;2;34;69;38m⢿[38;2;45;95;43m⣿[38;2;73;128;45m⣿[38;2;99;148;46m⣿[38;2;94;144;46m⣿[38;2;64;120;44m⣿[38;2;39;82;41m⡿[38;2;32;64;36m⠃[39m  [38;2;32;64;37m⠈[38;2;37;76;40m⢻[38;2;46;96;43m⣿[38;2;74;129;45m⣿[38;2;109;156;46m⣿[38;2;122;165;44m⣿[38;2;109;155;46m⣿[38;2;77;132;45m⣿[38;2;55;110;44m⣿[38;2;49;100;43m⣿[38;2;49;101;43m⣿[38;2;52;106;43m⣿[38;2;51;104;43m⣿[38;2;44;92;43m⣿[38;2;34;69;38m⣿[39m        [38;2;35;71;38m⢸[38;2;51;104;43m⣿[38;2;87;139;45m⣿[38;2;111;157;46m⣿[38;2;115;160;45m⣿[38;2;101;150;46m⣿[38;2;84;137;45m⣿[38;2;69;124;45m⣿[38;2;58;113;44m⣿[38;2;53;107;44m⣿[38;2;55;110;44m⣿[38;2;63;119;44m⣿[38;2;64;120;44m⣿[38;2;52;106;43m⣿[38;2;39;81;40m⣿[38;2;29;57;34m⡇[39m              [38;2;27;50;31m⠸[39m          [38;2;46;61;43m▒[38;2;61;80;57m▓[38;2;76;100;71m▓[38;2;91;119;85m█[38;2;106;139;99m█[39m[48;2;40;40;40m                  
                  [38;2;106;139;99m[48;2;30;30;30m█[38;2;91;119;85m█[38;2;76;100;71m▓[38;2;61;80;57m▓[38;2;46;61;43m▒[39m      [38;2;32;65;37m⢸[38;2;47;97;43m⣿[38;2;54;108;44m⣿[38;2;50;102;43m⣿[38;2;36;74;39m⣿[39m               [38;2;32;65;37m⣼[38;2;48;99;43m⣿[38;2;79;133;45m⣿[38;2;83;136;45m⣿[38;2;63;118;44m⣿[38;2;35;73;39m⡇[39m    [38;2;35;73;39m⢹[38;2;49;100;43m⣿[38;2;65;120;44m⣿[38;2;72;127;45m⣿[38;2;63;118;44m⣿[38;2;48;99;43m⣿[38;2;37;76;40m⣧[39m        [38;2;46;96;43m⣿[38;2;70;125;45m⣿[38;2;76;131;45m⣿[38;2;61;116;44m⣿[38;2;41;87;42m⣿[38;2;34;70;38m⡿[39m             [38;2;32;63;36m⢸[38;2;45;93;43m⣿[38;2;67;123;44m⣿[38;2;81;134;45m⣿[38;2;66;121;44m⣿[38;2;43;90;42m⡿[39m      [38;2;32;64;36m⠸[38;2;43;90;42m⢿[38;2;59;114;44m⣿[38;2;75;129;45m⣿[38;2;74;129;45m⣿[38;2;58;113;44m⣿[38;2;44;92;43m⣿[38;2;35;73;39m⡏[38;2;37;76;40m⠹[38;2;47;98;43m⣿[38;2;52;106;43m⣿[38;2;49;100;43m⣿[38;2;36;75;39m⣿[39m       [38;2;31;62;36m⢠[38;2;40;84;41m⣾[38;2;62;117;44m⣿[38;2;98;147;46m⣿[38;2;113;159;45m⣿[38;2;104;152;46m⣿[38;2;73;128;45m⣿[38;2;48;100;43m⣿[38;2;37;77;40m⠟[39m  [38;2;39;80;40m⢹[38;2;58;112;44m⣿[38;2;74;128;45m⣿[38;2;67;123;44m⣿[38;2;46;96;43m⣿[38;2;32;65;37m⣷[39m                         [38;2;46;61;43m▒[38;2;61;80;57m▓[38;2;76;100;71m▓[38;2;91;119;85m█[38;2;106;139;99m█[39m[48;2;40;40;40m                  
                  [38;2;106;139;99m[48;2;30;30;30m█[38;2;91;119;85m█[38;2;76;100;71m▓[38;2;61;80;57m▓[38;2;46;61;43m▒[39m      [38;2;31;62;36m⢸[38;2;43;90;42m⣿[38;2;50;102;43m⣿[38;2;48;99;43m⣿[38;2;37;78;40m⣿[38;2;31;62;36m⣇[39m            [38;2;27;51;32m⢠[38;2;28;54;33m⣾[38;2;31;61;36m⣿[38;2;37;77;40m⣿[38;2;47;98;43m⣿[38;2;49;101;43m⣿[38;2;45;94;43m⣿[38;2;35;72;39m⣿[38;2;31;61;36m⡆[39m    [38;2;36;73;39m⢸[38;2;47;97;43m⣿[38;2;60;115;44m⣿[38;2;67;123;44m⣿[38;2;64;119;44m⣿[38;2;54;108;44m⣿[38;2;44;92;43m⣷[38;2;36;74;39m⣦[39m    [38;2;35;72;38m⣠[38;2;47;98;43m⣾[38;2;72;127;45m⣿[38;2;90;142;46m⣿[38;2;79;133;45m⣿[38;2;52;105;43m⣿[38;2;35;71;38m⣿[39m              [38;2;30;60;35m⢸[38;2;40;85;41m⣿[38;2;48;100;43m⣿[38;2;48;99;43m⣿[38;2;39;81;40m⣿[39m        [38;2;32;64;36m⢸[38;2;39;81;41m⣿[38;2;48;100;43m⣿[38;2;57;111;44m⣿⣿[38;2;49;100;43m⣿[38;2;40;83;41m⣷[38;2;36;73;39m⣤[38;2;42;88;42m⣿[38;2;47;97;43m⣿[38;2;45;94;43m⣿[38;2;35;72;39m⣿[39m      [38;2;35;71;38m⢰[38;2;42;87;42m⣾[38;2;50;103;43m⣿[38;2;66;122;44m⣿[38;2;86;139;45m⣿[38;2;87;139;45m⣿[38;2;66;121;44m⣿[38;2;42;88;42m⡿[39m    [38;2;36;73;39m⢸[38;2;59;114;44m⣿[38;2;80;134;45m⣿[38;2;76;131;45m⣿[38;2;50;103;43m⣿[38;2;35;72;38m⣿[38;2;31;61;36m⣷[38;2;30;58;34m⣦[38;2;30;60;35m⣴[38;2;32;63;36m⣶[38;2;33;67;37m⣶[38;2;35;72;39m⣶[38;2;38;78;40m⣶[38;2;40;84;41m⣶[38;2;42;87;42m⣾[38;2;42;88;42m⣿[38;2;42;89;42m⣿[38;2;43;89;42m⣿[38;2;42;87;42m⣿[38;2;38;79;40m⣿[38;2;33;66;37m⣧[39m          [38;2;46;61;43m▒[38;2;61;80;57m▓[38;2;76;100;71m▓[38;2;91;119;85m█[38;2;106;139;99m█[39m[48;2;40;40;40m                  
                  [38;2;106;139;99m[48;2;30;30;30m█[38;2;91;119;85m█[38;2;76;100;71m▓[38;2;61;80;57m▓[38;2;46;61;43m▒[39m       [38;2;32;65;37m⢹[38;2;36;75;39m⣿[38;2;37;77;40m⣿[38;2;36;74;39m⣿[38;2;37;76;40m⣿[38;2;41;85;41m⣿[38;2;46;96;43m⣿[38;2;48;99;43m⣿[38;2;43;90;42m⣷[38;2;35;72;38m⣆[39m       [38;2;27;51;32m⢿[38;2;28;53;32m⡿[38;2;28;54;33m⠟[38;2;29;57;34m⠉[38;2;32;64;36m⠻[38;2;35;71;38m⣿[38;2;36;75;39m⣿[38;2;37;76;40m⣿[38;2;37;77;40m⣿[38;2;39;81;41m⣿[38;2;40;84;41m⣷[38;2;40;83;41m⣶[38;2;39;81;41m⣶[38;2;39;81;40m⣾[38;2;42;88;42m⣿[38;2;49;101;43m⣿[38;2;60;116;44m⣿[38;2;70;126;45m⣿[38;2;75;129;45m⣿[38;2;71;126;45m⣿[38;2;65;120;44m⣿[38;2;60;115;44m⣿[38;2;63;118;44m⣿[38;2;67;123;44m⣿[38;2;75;129;45m⣿[38;2;84;137;45m⣿[38;2;100;149;46m⣿[38;2;110;156;46m⣿[38;2;101;150;46m⣿[38;2;71;126;45m⣿[38;2;44;92;43m⣿[38;2;31;63;36m⡇[39m              [38;2;29;55;33m⠸[38;2;35;72;39m⣿[38;2;41;86;41m⣿[38;2;42;88;42m⣿[38;2;37;77;40m⣿[38;2;32;65;37m⣄[38;2;33;66;37m⣀[38;2;38;80;40m⣤[38;2;45;94;43m⣶[38;2;47;98;43m⣶[38;2;43;90;42m⣦[38;2;35;73;39m⣤[38;2;30;60;35m⣰[38;2;29;56;34m⣾[38;2;31;61;36m⣿[38;2;36;75;39m⣿[38;2;45;94;43m⣿[38;2;52;106;43m⣿[38;2;59;114;44m⣿⣿[38;2;56;110;44m⣿[38;2;53;107;44m⣿[38;2;49;100;43m⣿[38;2;43;90;42m⣿[38;2;35;73;39m⣿[39m   [38;2;33;67;37m⢀[38;2;37;77;40m⣴[38;2;43;90;42m⣾[38;2;49;100;43m⣿[38;2;52;105;43m⣿[38;2;52;106;43m⣿[38;2;52;105;43m⣿[38;2;51;104;43m⣿[38;2;47;98;43m⣿[38;2;42;88;42m⣿[38;2;36;73;39m⣷[38;2;31;63;36m⡄[39m  [38;2;33;67;37m⣠[38;2;43;90;42m⣾[38;2;64;119;44m⣿[38;2;76;131;45m⣿[38;2;66;121;44m⣿[38;2;45;94;43m⣿[38;2;34;69;38m⣿[38;2;31;62;36m⣿[38;2;30;60;35m⣿[38;2;32;64;36m⣿[38;2;34;70;38m⣿[38;2;37;77;40m⣿[38;2;41;85;41m⣿[38;2;46;95;43m⣿[38;2;51;104;43m⣿[38;2;54;108;44m⣿⣿[38;2;52;105;43m⣿[38;2;51;104;43m⣿[38;2;50;103;43m⣿[38;2;46;96;43m⣿[38;2;40;83;41m⣿[38;2;32;65;37m⣿[39m         [38;2;46;61;43m▒[38;2;61;80;57m▓[38;2;76;100;71m▓[38;2;91;119;85m█[38;2;106;139;99m█[39m[48;2;40;40;40m                  
                  [38;2;106;139;99m[48;2;30;30;30m█[38;2;91;119;85m█[38;2;76;100;71m▓[38;2;61;80;57m▓[38;2;46;61;43m▒[39m         [38;2;30;59;35m⢻[38;2;33;66;37m⣿[38;2;37;76;40m⣿[38;2;43;90;42m⣿[38;2;50;102;43m⣿[38;2;52;105;43m⣿[38;2;46;95;43m⣿[38;2;36;75;39m⣿[39m  [38;2;26;48;30m⠘⠋[39m        [38;2;29;56;34m⠘[38;2;32;64;36m⢿[38;2;35;71;38m⣿[38;2;37;78;40m⣿[38;2;41;85;41m⣿[38;2;43;90;42m⣿[38;2;43;91;42m⣿[38;2;42;89;42m⣿[38;2;41;85;41m⣿[38;2;40;83;41m⣿[38;2;41;85;41m⣿[38;2;46;95;43m⣿[38;2;56;110;44m⣿[38;2;67;123;44m⣿[38;2;74;129;45m⣿[38;2;75;130;45m⣿[38;2;78;132;45m⣿[38;2;89;141;46m⣿[38;2;100;149;46m⣿[38;2;103;152;46m⣿[38;2;104;152;46m⣿[38;2;109;156;46m⣿[38;2;107;154;46m⣿[38;2;88;140;45m⣿[38;2;56;110;44m⣿[38;2;38;80;40m⣿[38;2;32;64;37m⣷[38;2;30;58;34m⣆[39m              [38;2;31;63;36m⢹[38;2;37;76;40m⣿[38;2;40;84;41m⣿[38;2;41;86;41m⣿[38;2;44;92;43m⣿[38;2;57;112;44m⣿[38;2;85;138;45m⣿[38;2;108;155;46m⣿[38;2;104;152;46m⣿[38;2;77;131;45m⣿[38;2;45;93;43m⣿[38;2;32;65;37m⣿[38;2;28;54;33m⡿[38;2;28;53;33m⠛[38;2;29;57;34m⠻[38;2;35;71;38m⢿[38;2;43;90;42m⣿[38;2;52;106;43m⣿[38;2;61;116;44m⣿[38;2;63;119;44m⣿[38;2;61;116;44m⣿[38;2;54;108;44m⣿[38;2;49;101;43m⣿[38;2;47;97;43m⣿[38;2;45;94;43m⣿[38;2;44;92;43m⣿⣿[38;2;45;94;43m⣿[38;2;47;97;43m⣿[38;2;49;101;43m⣿[38;2;51;104;43m⣿[38;2;49;101;43m⣿[38;2;44;93;43m⣿[38;2;38;80;40m⣿[38;2;36;74;39m⣿[38;2;36;75;39m⣿[38;2;37;76;40m⣿[38;2;36;74;39m⣿⣿[38;2;38;78;40m⣿[38;2;39;80;40m⣿[38;2;39;82;41m⣿[38;2;45;95;43m⣿[38;2;56;110;44m⣿[38;2;58;113;44m⣿[38;2;48;100;43m⣿[38;2;36;75;39m⡿[38;2;30;60;35m⠟[38;2;29;57;34m⠛[38;2;30;58;34m⠻[38;2;31;62;36m⢿[38;2;34;68;38m⣿[38;2;36;75;39m⣿[38;2;40;84;41m⣿[38;2;45;94;43m⣿[38;2;51;104;43m⣿[38;2;56;110;44m⣿[38;2;56;111;44m⣿[38;2;53;107;44m⣿[38;2;52;105;43m⣿⣿[38;2;49;101;43m⣿[38;2;43;91;42m⣿[38;2;35;73;39m⣿[38;2;30;58;34m⣷[39m        [38;2;46;61;43m▒[38;2;61;80;57m▓[38;2;76;100;71m▓[38;2;91;119;85m█[38;2;106;139;99m█[39m[48;2;40;40;40m                  
                  [38;2;106;139;99m[48;2;30;30;30m█[38;2;91;119;85m█[38;2;76;100;71m▓[38;2;61;80;57m▓[38;2;46;61;43m▒[39m          [38;2;29;57;34m⠘[38;2;34;69;38m⢻[38;2;40;84;41m⣿[38;2;47;97;43m⣿[38;2;49;101;43m⣿[38;2;44;92;43m⣿[38;2;35;73;39m⡟[39m               [38;2;34;69;38m⠻[38;2;38;79;40m⣿[38;2;41;86;41m⣿[38;2;42;88;42m⣿[38;2;41;86;42m⣿[38;2;39;82;41m⣿[38;2;37;77;40m⣿[38;2;36;74;39m⣿[38;2;36;75;39m⣿[38;2;40;84;41m⣿[38;2;47;98;43m⣿[38;2;56;110;44m⣿[38;2;64;120;44m⣿[38;2;72;127;45m⣿[38;2;87;139;45m⣿[38;2;98;147;46m⣿[38;2;100;149;46m⣿[38;2;96;146;46m⣿[38;2;88;140;45m⣿[38;2;72;127;45m⣿[38;2;51;104;43m⣿[38;2;38;80;40m⣿[38;2;33;67;37m⣿[38;2;32;63;36m⣿[38;2;30;60;35m⣿[38;2;29;57;34m⣿[38;2;28;53;33m⣦[39m             [38;2;32;65;37m⢿[38;2;36;75;39m⣿[38;2;40;84;41m⣿[38;2;47;97;43m⣿[38;2;65;120;44m⣿[38;2;96;146;46m⣿[38;2;118;162;44m⣿[38;2;111;157;46m⣿[38;2;80;134;45m⣿[38;2;45;94;43m⣿[38;2;32;64;36m⠇[39m    [38;2;33;66;37m⠘[38;2;40;85;41m⢿[38;2;49;101;43m⣿[38;2;56;110;44m⣿[38;2;55;110;44m⣿[38;2;51;104;43m⣿[38;2;48;99;43m⣿[38;2;47;98;43m⣿[38;2;47;97;43m⣿[38;2;46;96;43m⣿[38;2;46;95;43m⣿[38;2;46;96;43m⣿[38;2;47;97;43m⣿⣿[38;2;44;93;43m⣿[38;2;39;82;41m⡿[38;2;33;67;37m⠃[39m  [38;2;30;60;35m⠘[38;2;33;66;37m⠻[38;2;34;69;38m⣿[38;2;36;73;39m⣿[38;2;38;79;40m⣿[38;2;39;81;41m⣿⣿[38;2;41;85;41m⣿[38;2;42;87;42m⣿[38;2;39;81;41m⡿[38;2;33;67;37m⠋[39m       [38;2;32;65;37m⠈[38;2;36;73;39m⠙[38;2;40;82;41m⢿[38;2;43;89;42m⣿[38;2;43;91;42m⣿[38;2;43;90;42m⣿⣿[38;2;45;94;43m⣿[38;2;46;95;43m⣿[38;2;42;89;42m⣿[38;2;36;73;39m⣿[38;2;30;58;34m⡿[39m        [38;2;46;61;43m▒[38;2;61;80;57m▓[38;2;76;100;71m▓[38;2;91;119;85m█[38;2;106;139;99m█[39m[48;2;40;40;40m                  
                  [38;2;106;139;99m[48;2;30;30;30m█[38;2;91;119;85m█[38;2;76;100;71m▓[38;2;61;80;57m▓[38;2;46;61;43m▒[39m                                           [38;2;32;64;37m⠙[38;2;36;73;39m⠻[38;2;41;85;41m⠿[38;2;48;98;43m⣿[38;2;52;105;43m⣿[38;2;50;103;43m⣿[38;2;44;93;43m⡿[38;2;38;79;40m⠿[38;2;33;67;37m⠟[39m  [38;2;29;56;34m⠈[38;2;30;58;35m⠻⢿[38;2;29;57;34m⣿[38;2;28;54;33m⣿[38;2;27;51;32m⣧⣠[38;2;28;53;32m⣴[38;2;29;56;34m⣶⣶[38;2;28;54;33m⣦[38;2;27;50;31m⡄[39m      [38;2;28;52;32m⠈[38;2;30;60;35m⢿[38;2;35;71;38m⣿[38;2;43;90;42m⣿[38;2;59;113;44m⣿[38;2;83;136;45m⣿[38;2;98;148;46m⣿[38;2;87;139;45m⣿[38;2;59;114;44m⣿[38;2;37;77;40m⠇[39m        [38;2;34;70;38m⠻[38;2;38;79;40m⠿[38;2;40;84;41m⠿[38;2;42;88;42m⣿[38;2;43;91;42m⣿[38;2;44;92;43m⣿[38;2;43;90;42m⣿[38;2;42;88;42m⣿[38;2;40;84;41m⣿[38;2;37;77;40m⠿[38;2;34;68;38m⠟[39m        [38;2;31;62;36m⠈[38;2;34;69;38m⠛[38;2;35;71;38m⠿[38;2;34;68;38m⠿[38;2;31;62;36m⠋[39m             [38;2;30;59;35m⠘[38;2;32;64;36m⢿[38;2;34;68;38m⣿[38;2;35;72;39m⣿[38;2;37;77;40m⣿[38;2;38;78;40m⣿[38;2;36;74;39m⣿[38;2;32;64;36m⣿[39m         [38;2;46;61;43m▒[38;2;61;80;57m▓[38;2;76;100;71m▓[38;2;91;119;85m█[38;2;106;139;99m█[39m[48;2;40;40;40m                  
                  [38;2;106;139;99m[48;2;30;30;30m█[38;2;91;119;85m█[38;2;76;100;71m▓[38;2;61;80;57m▓[38;2;46;61;43m▒[39m                                                            [38;2;27;50;31m⠘[38;2;28;53;32m⢻[38;2;29;56;34m⣿[38;2;29;57;34m⣿[38;2;29;55;33m⣿[38;2;27;51;32m⣿[39m         [38;2;31;61;36m⠙[38;2;34;69;38m⠿[38;2;36;75;39m⠿[38;2;37;76;40m⠿[38;2;34;69;38m⠋[39m                                                 [38;2;29;56;34m⠈[38;2;31;62;36m⠻[38;2;33;67;37m⠿⠿[38;2;31;61;36m⠟[39m          [38;2;46;61;43m▒[38;2;61;80;57m▓[38;2;76;100;71m▓[38;2;91;119;85m█[38;2;106;139;99m█[39m[48;2;40;40;40m                  
                  [38;2;106;139;99m[48;2;30;30;30m█[38;2;91;119;85m█[38;2;76;100;71m▓[38;2;61;80;57m▓[38;2;46;61;43m▒[39m                                                                [38;2;28;52;32m⠈[39m                                                                               [38;2;46;61;43m▒[38;2;61;80;57m▓[38;2;76;100;71m▓[38;2;91;119;85m█[38;2;106;139;99m█[39m[48;2;40;40;40m                  
                  [38;2;106;139;99m[48;2;30;30;30m█[38;2;91;119;85m█[38;2;76;100;71m▓[38;2;61;80;57m▓[38;2;46;61;43m▒[39m                                                                                                                                                [38;2;46;61;43m▒[38;2;61;80;57m▓[38;2;76;100;71m▓[38;2;91;119;85m█[38;2;106;139;99m█[39m[48;2;40;40;40m                  
                  [38;2;106;139;99m[48;2;30;30;30m█[38;2;91;119;85m█[38;2;76;100;71m▓[38;2;61;80;57m▓[38;2;46;61;43m▒[39m                                                                                                                                                [38;2;46;61;43m▒[38;2;61;80;57m▓[38;2;76;100;71m▓[38;2;91;119;85m█[38;2;106;139;99m█[39m[48;2;40;40;40m                  
                  [38;2;106;139;99m[48;2;30;30;30m█[38;2;91;119;85m█[38;2;76;100;71m▓[38;2;61;80;57m▓[38;2;46;61;43m▒[39m                                                                                                                                                [38;2;46;61;43m▒[38;2;61;80;57m▓[38;2;76;100;71m▓[38;2;91;119;85m█[38;2;106;139;99m█[39m[48;2;40;40;40m                  
                  [38;2;106;139;99m[48;2;30;30;30m█[38;2;91;119;85m█[38;2;76;100;71m▓[38;2;61;80;57m▓[38;2;46;61;43m▒[39m                                                                                                                                                [38;2;46;61;43m▒[38;2;61;80;57m▓[38;2;76;100;71m▓[38;2;91;119;85m█[38;2;106;139;99m█[39m[48;2;40;40;40m                  
                  [38;2;106;139;99m[48;2;30;30;30m█[38;2;91;119;85m█[38;2;76;100;71m▓[38;2;61;80;57m▓[38;2;46;61;43m▒[39m                                                                                                                 [38;2;27;49;31m⣦[39m                              [38;2;46;61;43m▒[38;2;61;80;57m▓[38;2;76;100;71m▓[38;2;91;119;85m█[38;2;106;139;99m█[39m[48;2;40;40;40m                  
                  [38;2;106;139;99m[48;2;30;30;30m█[38;2;91;119;85m█[38;2;76;100;71m▓[38;2;61;80;57m▓[38;2;46;61;43m▒[39m                                                                                                                 [38;2;27;50;31m⣿[39m                              [38;2;46;61;43m▒[38;2;61;80;57m▓[38;2;76;100;71m▓[38;2;91;119;85m█[38;2;106;139;99m█[39m[48;2;40;40;40m                  
                  [38;2;106;139;99m[48;2;30;30;30m█[38;2;91;119;85m█[38;2;76;100;71m▓[38;2;61;80;57m▓[38;2;46;61;43m▒[39m                                                                                                                 [38;2;27;50;31m⢸[39m                              [38;2;46;61;43m▒[38;2;61;80;57m▓[38;2;76;100;71m▓[38;2;91;119;85m█[38;2;106;139;99m█[39m[48;2;40;40;40m                  
                  [38;2;106;139;99m[48;2;30;30;30m█[38;2;91;119;85m█[38;2;76;100;71m▓[38;2;61;80;57m▓[38;2;46;61;43m▒[39m                                                                                                                                                [38;2;46;61;43m▒[38;2;61;80;57m▓[38;2;76;100;71m▓[38;2;91;119;85m█[38;2;106;139;99m█[39m[48;2;40;40;40m                  
                  [38;2;106;139;99m[48;2;30;30;30m█[38;2;91;119;85m█[38;2;76;100;71m▓[38;2;61;80;57m▓[38;2;46;61;43m▒[39m                                                                                                                                                [38;2;46;61;43m▒[38;2;61;80;57m▓[38;2;76;100;71m▓[38;2;91;119;85m█[38;2;106;139;99m█[39m[48;2;40;40;40m                  
                  [38;2;106;139;99m[48;2;30;30;30m█[38;2;91;119;85m█[38;2;76;100;71m▓[38;2;61;80;57m▓[38;2;46;61;43m▒[39m                                                                                                                                   [38;2;27;50;31m⢸[38;2;27;51;32m⣷[39m           [38;2;46;61;43m▒[38;2;61;80;57m▓[38;2;76;100;71m▓[38;2;91;119;85m█[38;2;106;139;99m█[39m[48;2;40;40;40m                  
                  [38;2;106;139;99m[48;2;30;30;30m█[38;2;91;119;85m█[38;2;76;100;71m▓[38;2;61;80;57m▓[38;2;46;61;43m▒[39m                                                                                                                                    [38;2;27;51;32m⢿[38;2;27;50;31m⣿[39m          [38;2;46;61;43m▒[38;2;61;80;57m▓[38;2;76;100;71m▓[38;2;91;119;85m█[38;2;106;139;99m█[39m[48;2;40;40;40m                  
                  [38;2;106;139;99m[48;2;30;30;30m█[38;2;91;119;85m█[38;2;76;100;71m▓[38;2;61;80;57m▓[38;2;46;61;43m▒[39m                                                                                                                                                [38;2;46;61;43m▒[38;2;61;80;57m▓[38;2;76;100;71m▓[38;2;91;119;85m█[38;2;106;139;99m█[39m[48;2;40;40;40m                  
                  [38;2;106;139;99m[48;2;30;30;30m█[38;2;91;119;85m█[38;2;76;100;71m▓[38;2;61;80;57m▓[38;2;46;61;43m▒[39m                                                                                                                                                [38;2;46;61;43m▒[38;2;61;80;57m▓[38;2;76;100;71m▓[38;2;91;119;85m█[38;2;106;139;99m█[39m[48;2;40;40;40m                  
                  [38;2;106;139;99m[48;2;30;30;30m█[38;2;91;119;85m█[38;2;76;100;71m▓[38;2;61;80;57m▓[38;2;46;61;43m▒[39m      [38;2;26;48;30m⠘[38;2;26;48;31m⠋[38;2;26;48;30m⠉[39m                           [38;2;27;49;31m⢸[38;2;27;50;31m⣷[38;2;27;49;31m⣿[39m                                                                                                         [38;2;46;61;43m▒[38;2;61;80;57m▓[38;2;76;100;71m▓[38;2;91;119;85m█[38;2;106;139;99m█[39m[48;2;40;40;40m                  
                  [38;2;106;139;99m[48;2;30;30;30m█[38;2;91;119;85m█[38;2;76;100;71m▓[38;2;61;80;57m▓[38;2;46;61;43m▒[39m                                                                                                                                                [38;2;46;61;43m▒[38;2;61;80;57m▓[38;2;76;100;71m▓[38;2;91;119;85m█[38;2;106;139;99m█[39m[48;2;40;40;40m                  
                  [38;2;106;139;99m[48;2;30;30;30m█[38;2;91;119;85m█[38;2;76;100;71m▓[38;2;61;80;57m▓[38;2;46;61;43m▒[39m                                                                                                                                                [38;2;46;61;43m▒[38;2;61;80;57m▓[38;2;76;100;71m▓[38;2;91;119;85m█[38;2;106;139;99m█[39m[48;2;40;40;40m                  
                  [38;2;106;139;99m[48;2;30;30;30m█[38;2;91;119;85m█[38;2;76;100;71m▓[38;2;61;80;57m▓[38;2;46;61;43m▒[39m                                                                                                                                                [38;2;46;61;43m▒[38;2;61;80;57m▓[38;2;76;100;71m▓[38;2;91;119;85m█[38;2;106;139;99m█[39m[48;2;40;40;40m                  
                  [38;2;106;139;99m[48;2;30;30;30m█[38;2;91;119;85m█[38;2;76;100;71m▓[38;2;61;80;57m▓[38;2;46;61;43m▒[39m                                                                                                                                                [38;2;46;61;43m▒[38;2;61;80;57m▓[38;2;76;100;71m▓[38;2;91;119;85m█[38;2;106;139;99m█[39m[48;2;40;40;40m                  
                  [38;2;106;139;99m[48;2;30;30;30m█[38;2;91;119;85m█[38;2;76;100;71m▓[38;2;61;80;57m▓[38;2;46;61;43m▒[39m                                                                                                                                                [38;2;46;61;43m▒[38;2;61;80;57m▓[38;2;76;100;71m▓[38;2;91;119;85m█[38;2;106;139;99m█[39m[48;2;40;40;40m                  
                  [38;2;106;139;99m[48;2;30;30;30m█[38;2;91;119;85m█[38;2;76;100;71m▓[38;2;61;80;57m▓[38;2;46;61;43m▒[39m                                                                                                                                                [38;2;46;61;43m▒[38;2;61;80;57m▓[38;2;76;100;71m▓[38;2;91;119;85m█[38;2;106;139;99m█[39m[48;2;40;40;40m                  
                  [38;2;106;139;99m[48;2;30;30;30m█[38;2;91;119;85m█[38;2;76;100;71m▓[38;2;68;90;64m▓▓▓▓▓▓▓▓▓▓▓▓▓▓▓▓▓▓▓▓▓▓▓▓▓▓▓▓▓▓▓▓▓▓▓▓▓▓▓▓▓▓▓▓▓▓▓▓▓▓▓▓▓▓▓▓▓▓▓▓▓▓▓▓▓▓▓▓▓▓▓▓▓▓▓▓▓▓▓▓▓▓▓▓▓▓▓▓▓▓▓▓▓▓▓▓▓▓▓▓▓▓▓▓▓▓▓▓▓▓▓▓▓▓▓▓▓▓▓▓▓▓▓▓▓▓▓▓▓▓▓▓▓▓▓▓▓▓▓▓▓▓▓▓▓▓▓▓[38;2;76;100;71m▓[38;2;91;119;85m█[38;2;106;139;99m█[39m[48;2;40;40;40m                  
                  [38;2;106;139;99m[48;2;30;30;30m██████████████████████████████████████████████████████████████████████████████████████████████████████████████████████████████████████████████████████████[39m[48;2;40;40;40m                  
                                                                                                                                                                                              
                                                                                                                                                                                              
