[48;2;37;41;49m                                                                                                                                                                                              
                                                                                                                                                                                              
                  [38;2;66;74;105m[48;2;41;44;52m██████████████████████████████████████████████████████████████████████████████████████████████████████████████████████████████████████████████████████████[39m[48;2;37;41;49m                  
                  [38;2;66;74;105m[48;2;41;44;52m█[38;2;56;63;90m█[38;2;47;53;75m▓[38;2;42;48;68m▓▓▓▓▓▓▓▓▓▓▓▓▓▓▓▓▓▓▓▓▓▓▓▓▓▓▓▓▓▓▓▓▓▓▓▓▓▓▓▓▓▓▓▓▓▓▓▓▓▓▓▓▓▓▓▓▓▓▓▓▓▓▓▓▓▓▓▓▓▓▓▓▓▓▓▓▓▓▓▓▓▓▓▓▓▓▓▓▓▓▓▓▓▓▓▓▓▓▓▓▓▓▓▓▓▓▓▓▓▓▓▓▓▓▓▓▓▓▓▓▓▓▓▓▓▓▓▓▓▓▓▓▓▓▓▓▓▓▓▓▓▓▓▓▓▓▓▓[38;2;47;53;75m▓[38;2;56;63;90m█[38;2;66;74;105m█[39m[48;2;37;41;49m                  
                  [38;2;66;74;105m[48;2;41;44;52m█[38;2;56;63;90m█[38;2;47;53;75m▓[38;2;38;42;60m▓[38;2;29;32;46m▒[38;2;86;86;164m⣿[38;2;84;83;155m⡄[39m                                                                                                                                              [38;2;29;32;46m▒[38;2;38;42;60m▓[38;2;47;53;75m▓[38;2;56;63;90m█[38;2;66;74;105m█[39m[48;2;37;41;49m                  
                  [38;2;66;74;105m[48;2;41;44;52m█[38;2;56;63;90m█[38;2;47;53;75m▓[38;2;38;42;60m▓[38;2;29;32;46m▒[38;2;90;90;174m⣿[38;2;87;87;166m⣷[39m                           [38;2;87;87;166m⢀[38;2;90;90;174m⣀[38;2;90;91;175m⣀[38;2;88;88;168m⡀[39m                 [38;2;87;86;164m⢀[38;2;91;91;177m⣤[38;2;94;96;189m⣴[38;2;95;99;195m⣶[38;2;94;97;192m⣶[38;2;93;94;184m⣶[38;2;91;91;177m⣶[38;2;89;90;173m⣤⣤[38;2;90;90;175m⣤[38;2;91;92;179m⣤[38;2;93;94;183m⣤[38;2;93;94;184m⣴[38;2;92;93;181m⣤[38;2;89;89;171m⣤[38;2;85;85;160m⣄[39m                              [38;2;85;84;159m⢀[38;2;88;88;169m⣤[38;2;89;90;173m⣤[38;2;89;89;171m⣄[38;2;88;88;167m⣀[38;2;87;86;164m⣀[38;2;86;86;163m⣀[38;2;87;87;165m⣠[38;2;88;88;170m⣤[38;2;90;90;173m⣴[38;2;90;91;175m⣶⣶[38;2;90;90;174m⣦[38;2;88;88;168m⣄[39m                               [38;2;78;76;138m⣼[39m  [38;2;29;32;46m▒[38;2;38;42;60m▓[38;2;47;53;75m▓[38;2;56;63;90m█[38;2;66;74;105m█[39m[48;2;37;41;49m                  
                  [38;2;66;74;105m[48;2;41;44;52m█[38;2;56;63;90m█[38;2;47;53;75m▓[38;2;38;42;60m▓[38;2;29;32;46m▒[38;2;93;94;185m⣿[38;2;92;92;179m⣿[38;2;87;87;166m⣿[39m                        [38;2;87;87;167m⣴[38;2;94;96;188m⣾[38;2;97;102;204m⣿[38;2;99;106;214m⣿[38;2;99;106;213m⣿[38;2;96;101;202m⣿[38;2;93;95;186m⣿[38;2;88;88;170m⣷[38;2;86;86;163m⣦[38;2;86;85;161m⣤[38;2;85;84;158m⡄[39m        [38;2;83;82;154m⣠[38;2;87;87;166m⣴[38;2;91;91;176m⣾[38;2;93;95;185m⣿[38;2;95;99;196m⣿[38;2;98;105;210m⣿[38;2;100;109;222m⣿[38;2;101;111;225m⣿[38;2;100;108;219m⣿[38;2;97;103;206m⣿[38;2;95;99;197m⣿[38;2;94;97;192m⣿⣿[38;2;95;98;194m⣿[38;2;96;100;198m⣿[38;2;97;102;203m⣿[38;2;97;103;205m⣿[38;2;97;102;203m⣿[38;2;95;98;193m⣿[38;2;92;93;180m⣿[38;2;88;88;168m⣿[38;2;86;85;162m⣿[38;2;86;85;161m⣶[38;2;86;85;162m⣶[38;2;86;86;163m⣶[38;2;86;86;162m⣶[38;2;85;85;160m⣦[38;2;84;83;156m⣄[39m       [38;2;91;91;177m⣠[38;2;92;93;180m⣤[38;2;90;90;174m⣄[39m         [38;2;84;83;156m⣀[38;2;87;86;165m⣠[38;2;91;91;177m⣾[38;2;94;97;192m⣿[38;2;97;102;205m⣿[38;2;97;103;207m⣿[38;2;96;101;202m⣿[38;2;94;97;191m⣿[38;2;92;93;182m⣿[38;2;91;91;177m⣿⣿[38;2;92;93;181m⣿[38;2;93;94;184m⣿[38;2;93;95;185m⣿[38;2;93;95;187m⣿[38;2;94;96;188m⣿[38;2;93;95;187m⣿[38;2;92;92;180m⣿[38;2;88;88;169m⣷[38;2;86;85;161m⣦[38;2;85;84;158m⣤[38;2;85;84;159m⣤[38;2;86;86;163m⣤[38;2;87;87;165m⣄[38;2;86;86;163m⡀[39m                [38;2;87;87;167m⣀[39m         [38;2;29;32;46m▒[38;2;38;42;60m▓[38;2;47;53;75m▓[38;2;56;63;90m█[38;2;66;74;105m█[39m[48;2;37;41;49m                  
                  [38;2;66;74;105m[48;2;41;44;52m█[38;2;56;63;90m█[38;2;47;53;75m▓[38;2;38;42;60m▓[38;2;29;32;46m▒[38;2;91;92;178m⠿[38;2;92;93;180m⣿[38;2;90;91;176m⣿[38;2;85;85;161m⣧[39m                   [38;2;84;83;155m⣀[38;2;85;84;159m⣠[38;2;86;86;163m⣴[38;2;88;88;168m⣾[38;2;91;91;177m⣿[38;2;94;97;192m⣿[38;2;97;102;205m⣿[38;2;99;106;213m⣿[38;2;98;105;212m⣿[38;2;96;101;202m⣿[38;2;94;96;189m⣿[38;2;90;91;175m⣿[38;2;90;90;173m⣿[38;2;92;93;182m⣿[38;2;95;98;195m⣿[38;2;94;97;192m⣷[38;2;90;90;174m⣆[39m   [38;2;80;78;143m⢠[38;2;81;79;146m⣤[38;2;82;81;151m⣾[38;2;86;85;161m⣿[38;2;91;91;177m⣿[38;2;94;97;192m⣿[38;2;96;101;200m⣿[38;2;97;102;205m⣿[38;2;98;104;210m⣿[38;2;99;107;217m⣿[38;2;100;108;219m⣿[38;2;98;105;211m⣿[38;2;96;100;199m⣿[38;2;94;97;191m⣿[38;2;94;96;190m⣿[38;2;95;98;193m⣿[38;2;95;98;194m⣿[38;2;95;99;196m⣿[38;2;96;100;198m⣿[38;2;96;100;199m⣿[38;2;96;100;198m⣿[38;2;94;97;190m⣿[38;2;92;93;181m⣿[38;2;90;90;173m⣿[38;2;88;88;169m⣿[38;2;87;87;167m⣿[38;2;87;87;166m⣿⣿⣿⣿⣿[38;2;88;88;168m⣿[38;2;88;88;167m⣷[38;2;87;87;165m⣶[38;2;87;86;165m⣤[38;2;91;91;177m⣴[38;2;97;103;206m⣾[38;2;103;115;237m⣿[38;2;101;124;244m⣿[38;2;103;120;243m⣿[38;2;101;111;227m⣿[38;2;97;103;207m⣿[38;2;94;97;190m⣿[38;2;92;92;180m⣶[38;2;90;90;174m⣶[38;2;89;90;173m⣶[38;2;90;90;175m⣶[38;2;91;92;177m⣶[38;2;91;92;178m⣶⣾[38;2;91;91;177m⣿⣿[38;2;93;94;183m⣿[38;2;95;98;194m⣿[38;2;97;102;205m⣿[38;2;98;104;209m⣿[38;2;97;103;206m⣿[38;2;95;98;195m⣿[38;2;92;93;182m⣿[38;2;90;90;175m⠿[38;2;89;90;173m⠿[38;2;90;91;175m⠿[38;2;91;91;177m⠿⠿[38;2;91;92;179m⠿[38;2;92;93;182m⠿[38;2;93;94;184m⢿[38;2;93;94;183m⣿[38;2;92;93;181m⣿⣿[38;2;93;94;184m⣿[38;2;94;96;188m⣿[38;2;94;97;192m⣿[38;2;95;98;195m⣿[38;2;95;99;195m⣿[38;2;94;96;190m⣿[38;2;92;93;182m⣿[38;2;91;92;178m⣿[38;2;92;93;180m⣿[38;2;93;95;185m⣿[38;2;93;94;185m⣿[38;2;92;93;180m⣿[38;2;89;89;172m⣿[38;2;87;86;164m⣷[38;2;84;83;157m⣦[38;2;82;81;150m⡄[39m  [38;2;91;92;178m⣰[38;2;99;106;213m⣾[38;2;103;115;237m⣿[38;2;104;116;240m⣿[38;2;101;111;225m⣿[38;2;96;100;200m⣿[38;2;90;90;174m⣿[38;2;83;81;152m⡟[39m     [38;2;29;32;46m▒[38;2;38;42;60m▓[38;2;47;53;75m▓[38;2;56;63;90m█[38;2;66;74;105m█[39m[48;2;37;41;49m                  
                  [38;2;66;74;105m[48;2;41;44;52m█[38;2;56;63;90m█[38;2;47;53;75m▓[38;2;38;42;60m▓[38;2;29;32;46m▒[39m [38;2;88;88;169m⢻[38;2;91;91;177m⣿[38;2;89;89;171m⣿[38;2;84;83;157m⣧[38;2;80;79;145m⣄[39m     [38;2;88;88;169m⢠[38;2;94;97;192m⣶[38;2;98;104;209m⣿[38;2;99;107;217m⣿[38;2;100;108;219m⣿[38;2;98;105;211m⣿[38;2;95;98;194m⣷[38;2;90;90;175m⣶[38;2;86;85;161m⡄[39m [38;2;89;89;171m⢰[38;2;94;96;189m⣿[38;2;96;100;198m⣿[38;2;95;98;194m⣿[38;2;92;93;181m⣿[38;2;89;89;172m⣿[38;2;89;89;170m⡿[38;2;89;90;173m⠟[38;2;90;90;175m⠁[39m  [38;2;89;89;172m⠉[38;2;88;88;169m⠙[38;2;87;86;164m⠻[38;2;88;87;167m⠿[38;2;92;93;182m⢿[38;2;98;104;209m⣿[38;2;101;111;226m⣿[38;2;100;108;218m⣿[38;2;94;97;191m⣿[38;2;86;86;163m⣿[38;2;82;81;150m⣿[38;2;81;79;146m⣿⡟[38;2;82;80;149m⠛[38;2;84;83;157m⠛[38;2;90;90;174m⠻[38;2;94;96;189m⣿[38;2;94;97;191m⣿[38;2;92;93;182m⡟[38;2;90;90;173m⠉[39m     [38;2;85;84;159m⠈[38;2;86;86;163m⢿[38;2;86;86;162m⡿[39m     [38;2;86;85;161m⠈[38;2;87;87;165m⢻[38;2;88;88;169m⣿[38;2;87;87;165m⣧[39m  [38;2;84;83;156m⠉[38;2;85;84;158m⠙[38;2;86;85;162m⠻[38;2;88;88;167m⢿[38;2;89;89;171m⣿[38;2;90;91;176m⣿[38;2;93;95;187m⣿[38;2;97;103;207m⣿[38;2;103;115;235m⣿[38;2;98;130;246m⣿[38;2;94;137;248m⣿[38;2;98;130;246m⣿[38;2;103;115;237m⣿[38;2;99;106;215m⣿[38;2;96;101;201m⣿[38;2;95;98;195m⣿[38;2;95;98;194m⣿⣿[38;2;95;99;195m⣿[38;2;95;98;193m⣿[38;2;94;96;188m⣿[38;2;92;93;181m⣿[38;2;90;91;175m⣿[38;2;89;89;171m⡿[38;2;88;88;170m⠟[38;2;89;89;170m⠋[38;2;89;90;173m⠉[38;2;90;90;175m⠛[38;2;89;90;173m⢿[38;2;87;87;165m⡟[39m          [38;2;93;95;186m⣿[38;2;95;99;195m⣿⣿[38;2;95;98;193m⣿⣿[38;2;95;99;196m⣿[38;2;96;101;202m⣿[38;2;97;103;205m⣿[38;2;97;102;203m⣿[38;2;95;99;195m⣿[38;2;94;96;189m⣿[38;2;93;95;187m⣿[38;2;93;94;184m⣿[38;2;91;92;179m⡿[38;2;89;89;171m⢿[38;2;87;86;164m⣿[38;2;86;85;162m⣿[38;2;86;86;162m⣿[38;2;88;89;170m⣿[38;2;94;96;189m⣿[38;2;100;108;218m⣿[38;2;103;119;243m⣿[38;2;99;128;245m⣿⣿[38;2;100;126;245m⣿[38;2;104;117;242m⣿[38;2;99;107;215m⣿[38;2;90;91;175m⣧[39m     [38;2;29;32;46m▒[38;2;38;42;60m▓[38;2;47;53;75m▓[38;2;56;63;90m█[38;2;66;74;105m█[39m[48;2;37;41;49m                  
                  [38;2;66;74;105m[48;2;41;44;52m█[38;2;56;63;90m█[38;2;47;53;75m▓[38;2;38;42;60m▓[38;2;29;32;46m▒[39m  [38;2;92;92;180m⣿[38;2;93;95;186m⣿[38;2;89;90;173m⣿[38;2;83;81;152m⡿[39m    [38;2;93;94;183m⣼[38;2;99;107;216m⣿[38;2;102;113;231m⣿[38;2;101;111;227m⣿[38;2;100;109;221m⣿[38;2;101;110;224m⣿[38;2;102;112;230m⣿[38;2;102;113;231m⣿[38;2;100;108;219m⣿[38;2;96;101;202m⣿[38;2;94;97;192m⣿[38;2;96;101;201m⣿[38;2;99;107;215m⣿[38;2;100;109;222m⣿[38;2;99;106;215m⣿[38;2;95;99;195m⣿[38;2;89;89;170m⡏[39m          [38;2;94;97;192m⢻[38;2;102;113;232m⣿[38;2;103;120;243m⣿[38;2;102;112;228m⣿[38;2;93;95;186m⣿[39m      [38;2;88;88;167m⣿[38;2;88;87;167m⣿[39m                [38;2;87;86;164m⢸[38;2;91;91;177m⣿[38;2;89;89;171m⣿[39m      [38;2;87;87;165m⠈[38;2;93;95;187m⢿[38;2;98;104;208m⣿[38;2;101;110;223m⣿[38;2;102;113;232m⣿[38;2;104;117;241m⣿⣿[38;2;101;111;227m⣿[38;2;97;102;204m⡿[38;2;94;96;188m⠿[38;2;92;93;182m⠿[38;2;93;94;183m⣿[38;2;94;97;192m⣿[38;2;97;102;203m⣿[38;2;97;103;206m⣿[38;2;95;99;197m⣿[38;2;92;92;179m⠿[38;2;87;87;165m⠋[39m                 [38;2;85;85;160m⢸[38;2;90;91;175m⣿[38;2;92;93;182m⣿[38;2;91;92;178m⡿[38;2;89;89;171m⠟[38;2;87;87;166m⠋[38;2;88;88;168m⠉[38;2;92;92;180m⢻[38;2;96;100;200m⣿[38;2;98;104;208m⣿[38;2;96;101;200m⣿[38;2;92;92;180m⡟[39m      [38;2;90;90;174m⢻[38;2;96;100;200m⣿[38;2;101;110;223m⣿[38;2;103;115;237m⣿[38;2;104;117;241m⣿[38;2;103;115;237m⣿[38;2;103;114;234m⠿[38;2;104;117;241m⣿[38;2;102;122;244m⣿[38;2;104;116;238m⣿[38;2;96;101;202m⣿[38;2;85;85;161m⡇[39m    [38;2;29;32;46m▒[38;2;38;42;60m▓[38;2;47;53;75m▓[38;2;56;63;90m█[38;2;66;74;105m█[39m[48;2;37;41;49m                  
                  [38;2;66;74;105m[48;2;41;44;52m█[38;2;56;63;90m█[38;2;47;53;75m▓[38;2;38;42;60m▓[38;2;29;32;46m▒[39m  [38;2;94;96;189m⣿[38;2;97;102;203m⣿[38;2;94;97;191m⣿[39m    [38;2;87;87;166m⢸[38;2;100;108;218m⣿[38;2;102;122;244m⣿[38;2;102;123;244m⣿[38;2;100;109;221m⡿[38;2;96;101;200m⠋[38;2;97;102;203m⠙[38;2;100;109;221m⢿[38;2;104;117;242m⣿⣿[38;2;101;110;224m⣿[38;2;97;102;203m⣿⣿[38;2;98;104;209m⣿[38;2;99;106;213m⣿[38;2;98;104;209m⣿[38;2;95;99;196m⣿[38;2;90;91;176m⣷[39m      [38;2;78;75;137m⠇[39m    [38;2;99;107;216m⢸[38;2;102;122;244m⣿[38;2;104;118;243m⣿[38;2;95;99;196m⣿[39m      [38;2;83;82;154m⣿[38;2;83;82;152m⡇[39m       [38;2;83;82;152m⢸[38;2;83;82;153m⣿[39m       [38;2;89;89;172m⣾[38;2;94;96;190m⣿[38;2;93;94;183m⣿[38;2;85;85;160m⡇[39m     [38;2;87;86;164m⢠[38;2;97;103;205m⣿[38;2;102;112;228m⣿[38;2;101;110;223m⣿[38;2;95;98;193m⡿[39m       [38;2;88;89;170m⠸[38;2;95;99;195m⣿[38;2;96;101;202m⣿[38;2;93;94;184m⡇[39m                   [38;2;84;83;157m⣿[38;2;87;86;164m⡿[38;2;86;85;161m⠏[39m     [38;2;93;94;183m⢿[38;2;96;101;201m⣿[38;2;95;98;194m⣿[39m       [38;2;93;94;183m⢸[38;2;100;108;219m⣿[38;2;103;115;237m⣿[38;2;102;112;228m⣿[38;2;97;102;204m⡇[39m   [38;2;101;110;224m⣿[38;2;103;115;237m⣿[38;2;99;106;214m⣿[38;2;89;89;171m⣷[39m    [38;2;29;32;46m▒[38;2;38;42;60m▓[38;2;47;53;75m▓[38;2;56;63;90m█[38;2;66;74;105m█[39m[48;2;37;41;49m                  
                  [38;2;66;74;105m[48;2;41;44;52m█[38;2;56;63;90m█[38;2;47;53;75m▓[38;2;38;42;60m▓[38;2;29;32;46m▒[39m  [38;2;94;97;192m⢹[38;2;98;105;211m⣿[38;2;96;100;199m⣿[39m    [38;2;90;91;175m⢸[38;2;103;115;235m⣿[38;2;99;128;246m⣿[38;2;104;117;241m⣿[39m   [38;2;94;97;191m⢸[38;2;102;112;230m⣿[38;2;104;116;238m⣿[38;2;100;109;221m⣿[38;2;94;97;190m⣿[38;2;91;91;177m⡿[38;2;89;89;171m⠛⠛[38;2;91;92;178m⢿[38;2;93;94;185m⣿[38;2;92;93;182m⣿[38;2;89;89;171m⣿[38;2;84;83;157m⣆[39m         [38;2;96;101;202m⢸[38;2;103;114;234m⣿[38;2;102;113;230m⣿[38;2;94;96;188m⣿[39m      [38;2;81;79;146m⢸[39m       [38;2;85;84;159m⢰[38;2;89;89;172m⣿[38;2;88;88;167m⣿[39m       [38;2;93;94;183m⣿[38;2;96;100;198m⣿[38;2;93;95;186m⣿[38;2;85;85;160m⡇[39m [38;2;78;76;138m⣠[38;2;78;76;137m⣄[39m [38;2;81;80;148m⢀[38;2;93;95;187m⣼[38;2;104;116;238m⣿[38;2;102;122;244m⣿[38;2;100;109;221m⣿[39m         [38;2;94;97;190m⣿[38;2;97;102;205m⣿[38;2;94;96;188m⣿[39m           [38;2;89;90;173m⢰[38;2;94;96;189m⣶[38;2;94;97;191m⣶[38;2;92;93;181m⣦[38;2;87;86;164m⣄[39m   [38;2;81;79;146m⠋[39m       [38;2;90;90;175m⢸[38;2;95;98;195m⣿[38;2;94;97;190m⣿[38;2;85;85;160m⡇[39m      [38;2;95;98;194m⣼[38;2;101;110;224m⣿[38;2;101;111;226m⣿[38;2;97;102;203m⣿[38;2;92;92;180m⣿[38;2;88;88;168m⣷[38;2;85;84;159m⣦[38;2;85;85;161m⣴[38;2;93;94;184m⣿[38;2;97;103;206m⣿[38;2;96;101;201m⣿[38;2;89;89;170m⡇[39m    [38;2;29;32;46m▒[38;2;38;42;60m▓[38;2;47;53;75m▓[38;2;56;63;90m█[38;2;66;74;105m█[39m[48;2;37;41;49m                  
                  [38;2;66;74;105m[48;2;41;44;52m█[38;2;56;63;90m█[38;2;47;53;75m▓[38;2;38;42;60m▓[38;2;29;32;46m▒[39m  [38;2;90;91;176m⢸[38;2;95;99;196m⣿[38;2;94;97;191m⣿[39m    [38;2;93;95;187m⣾[38;2;102;112;229m⣿[38;2;104;117;241m⣿[38;2;101;111;227m⣿[38;2;94;97;192m⣷[38;2;92;93;182m⣤[38;2;95;98;194m⣶[38;2;98;104;210m⣾[38;2;100;108;219m⣿[38;2;98;104;210m⣿[38;2;93;95;186m⣿[39m     [38;2;86;85;162m⠸[38;2;89;89;172m⢿[38;2;90;90;174m⣿[38;2;88;88;167m⣿[38;2;84;83;156m⣷[39m       [38;2;90;91;175m⣸[38;2;97;103;205m⣿[38;2;99;107;216m⣿[38;2;96;101;201m⣿[38;2;88;87;167m⡟[39m      [38;2;80;78;144m⢸[39m       [38;2;92;93;180m⢸[38;2;96;100;198m⣿[38;2;94;96;190m⣿[39m      [38;2;92;93;182m⣸[38;2;96;100;200m⣿[38;2;95;99;195m⣿[38;2;90;90;174m⡿[39m      [38;2;98;104;208m⣿[38;2;99;128;245m⣿[38;2;99;129;246m⣿[38;2;99;107;215m⣿[39m         [38;2;92;93;182m⢸[38;2;96;100;200m⣿[38;2;94;96;188m⣿[39m          [38;2;96;100;198m⣼[38;2;101;111;227m⣿[38;2;104;116;239m⣿[38;2;102;113;232m⣿[38;2;100;109;222m⣿[38;2;97;102;203m⣿[38;2;91;92;179m⣿[39m          [38;2;86;86;163m⢸[38;2;92;93;181m⣿[38;2;91;92;179m⣿[38;2;84;83;156m⡇[39m     [38;2;87;87;167m⢸[38;2;96;100;199m⣿[38;2;98;105;212m⣿[38;2;96;100;199m⣿[38;2;91;91;177m⡿[38;2;88;88;168m⢿[38;2;87;87;166m⣿[38;2;85;84;159m⣿[38;2;83;82;154m⣿[38;2;87;86;164m⠻[38;2;93;94;184m⢿[38;2;93;95;186m⣿[38;2;89;89;170m⡇[39m    [38;2;29;32;46m▒[38;2;38;42;60m▓[38;2;47;53;75m▓[38;2;56;63;90m█[38;2;66;74;105m█[39m[48;2;37;41;49m                  
                  [38;2;66;74;105m[48;2;41;44;52m█[38;2;56;63;90m█[38;2;47;53;75m▓[38;2;38;42;60m▓[38;2;29;32;46m▒[39m   [38;2;87;87;166m⢹[38;2;88;88;168m⣿[38;2;84;83;156m⡇[39m [38;2;88;88;169m⢰[38;2;93;95;186m⣾[38;2;95;99;196m⣿[38;2;98;104;208m⣿[38;2;98;105;211m⣿[38;2;97;103;206m⣿[38;2;95;98;195m⣿[38;2;95;99;196m⣿[38;2;97;103;206m⣿[38;2;98;105;210m⣿[38;2;96;101;200m⣿[38;2;92;92;180m⡿[38;2;84;83;157m⠃[39m       [38;2;85;84;159m⠹[38;2;87;87;166m⣿[38;2;86;86;162m⣿[38;2;83;82;153m⡇[39m   [38;2;82;81;151m⢀[38;2;86;86;164m⣠[38;2;92;93;181m⣾[38;2;96;100;199m⣿[38;2;97;102;203m⣿[38;2;94;97;190m⣿[38;2;88;88;168m⡟[39m       [38;2;81;79;146m⠸[38;2;82;80;149m⣇[39m      [38;2;96;100;200m⣾[38;2;101;110;224m⣿[38;2;101;111;226m⣿[38;2;95;99;197m⣇[39m   [38;2;95;99;196m⣰[38;2;100;109;221m⣾[38;2;102;112;228m⣿[38;2;99;106;214m⣿[38;2;93;94;185m⣿[38;2;84;84;157m⡇[39m      [38;2;99;106;213m⣿[38;2;101;124;244m⣿[38;2;104;119;243m⣿[38;2;95;99;196m⡇[39m         [38;2;87;86;165m⢸[38;2;92;93;182m⣿[38;2;91;92;178m⣿[39m         [38;2;93;95;187m⣾[38;2;101;110;224m⣿[38;2;104;117;242m⣿[38;2;104;116;240m⣿[38;2;102;112;229m⣿[38;2;101;111;227m⣿[38;2;100;109;222m⣿[38;2;97;103;205m⣿[38;2;91;91;176m⣿[39m          [38;2;90;90;173m⣿[38;2;90;90;174m⣿[39m      [38;2;90;90;173m⣿[38;2;94;97;191m⣿[38;2;94;96;190m⣿[38;2;88;88;169m⡟[39m      [38;2;91;91;177m⢸[38;2;95;99;197m⣿[38;2;95;98;193m⣿[38;2;86;86;163m⡆[39m   [38;2;29;32;46m▒[38;2;38;42;60m▓[38;2;47;53;75m▓[38;2;56;63;90m█[38;2;66;74;105m█[39m[48;2;37;41;49m                  
                  [38;2;66;74;105m[48;2;41;44;52m█[38;2;56;63;90m█[38;2;47;53;75m▓[38;2;38;42;60m▓[38;2;29;32;46m▒[39m      [38;2;90;90;174m⣾[38;2;94;97;191m⣿[38;2;95;99;197m⣿[38;2;94;96;188m⣿[38;2;92;93;180m⣿[38;2;91;91;177m⣿[38;2;91;92;178m⣿[38;2;92;93;181m⣿[38;2;94;96;189m⣿[38;2;95;98;194m⣿[38;2;93;95;187m⠿[38;2;89;89;170m⠟[39m          [38;2;83;82;154m⠸[38;2;86;85;162m⣿[38;2;85;84;159m⣿[39m  [38;2;83;82;153m⣿[38;2;88;87;167m⣿[38;2;93;94;184m⣿[38;2;96;100;198m⣿[38;2;96;101;201m⣿[38;2;93;95;186m⣿[38;2;87;86;164m⡏[39m        [38;2;85;85;160m⣰[38;2;88;88;169m⣿[38;2;89;89;170m⣷⣶⣶[38;2;88;88;170m⣿[38;2;88;88;168m⣿[38;2;90;90;174m⣿[38;2;97;102;203m⣿[38;2;103;114;233m⣿[38;2;101;124;244m⣿[38;2;101;123;244m⣿[38;2;104;117;241m⣿[38;2;103;114;235m⣷[38;2;103;115;237m⣿[38;2;103;121;244m⣿[38;2;101;124;244m⣿[38;2;103;115;236m⣿[38;2;97;102;203m⣿[38;2;87;87;166m⡏[39m       [38;2;98;104;209m⣿[38;2;103;115;236m⣿[38;2;101;110;223m⣿[38;2;91;92;178m⡇[39m          [38;2;88;88;168m⣿[38;2;88;88;169m⣿[39m        [38;2;88;88;168m⣼[38;2;97;103;205m⣿[38;2;102;112;228m⣿[38;2;101;110;224m⣿[38;2;96;101;201m⠏[39m [38;2;96;100;199m⠸[38;2;101;110;225m⣿[38;2;101;111;226m⣿[38;2;96;101;201m⣿[38;2;86;85;161m⣇[39m         [38;2;90;90;174m⣿[38;2;90;91;176m⣿[38;2;84;84;157m⡇[39m    [38;2;86;85;162m⢠[38;2;92;93;180m⣿[38;2;92;93;182m⣿[38;2;88;88;168m⡟[39m       [38;2;93;94;184m⢸[38;2;101;110;224m⣿[38;2;102;112;228m⣿[38;2;95;98;193m⣧[39m   [38;2;29;32;46m▒[38;2;38;42;60m▓[38;2;47;53;75m▓[38;2;56;63;90m█[38;2;66;74;105m█[39m[48;2;37;41;49m                  
                  [38;2;66;74;105m[48;2;41;44;52m█[38;2;56;63;90m█[38;2;47;53;75m▓[38;2;38;42;60m▓[38;2;29;32;46m▒[39m     [38;2;85;85;160m⣼[38;2;91;92;178m⣿[38;2;93;95;187m⣿[38;2;92;93;181m⡿[38;2;87;87;166m⠋[38;2;84;83;157m⠈⢻⣷[39m                [38;2;86;85;161m⢸[38;2;87;87;165m⣿[39m  [38;2;85;85;161m⣿[38;2;90;90;174m⣿[38;2;93;94;184m⣿[38;2;93;95;186m⣿[38;2;91;91;177m⡿[38;2;85;84;159m⠃[39m        [38;2;87;87;166m⣸[38;2;92;92;179m⣿[38;2;93;94;184m⣿[38;2;92;92;180m⣿[38;2;90;90;175m⣿[38;2;89;90;173m⣿[38;2;89;90;172m⣿[38;2;89;89;172m⣿[38;2;90;90;174m⣿[38;2;93;95;187m⣿[38;2;98;105;211m⣿[38;2;103;115;236m⣿[38;2;102;122;244m⣿⣿[38;2;104;117;242m⣿[38;2;104;117;240m⣿[38;2;104;119;243m⣿[38;2;103;115;237m⣿[38;2;98;104;208m⣿[38;2;89;89;171m⠇[39m       [38;2;88;88;168m⢸[38;2;97;102;203m⣿[38;2;99;107;217m⣿[38;2;96;101;202m⣿[38;2;88;88;169m⡇[39m          [38;2;85;84;159m⢸[38;2;87;87;167m⣿[38;2;86;85;162m⣧[39m      [38;2;80;79;145m⣸[38;2;88;89;170m⣿[38;2;96;101;200m⣿[38;2;97;102;204m⣿[38;2;92;93;182m⡇[39m   [38;2;101;110;223m⣿[38;2;103;115;235m⣿[38;2;99;106;214m⣿[38;2;87;86;164m⣿[38;2;81;80;148m⣿[38;2;82;80;149m⣿[38;2;84;83;155m⣿[38;2;85;85;161m⣷[38;2;86;85;162m⣦[38;2;85;84;159m⣄[39m  [38;2;90;91;176m⢸[38;2;95;98;194m⣿[38;2;94;97;191m⣿[38;2;87;86;165m⡏[39m   [38;2;88;88;169m⢠[38;2;92;93;181m⣿[38;2;92;93;182m⣿[38;2;88;88;169m⣿[39m        [38;2;91;91;176m⢸[38;2;101;111;225m⣿[38;2;103;115;237m⣿[38;2;97;103;207m⣿[39m   [38;2;29;32;46m▒[38;2;38;42;60m▓[38;2;47;53;75m▓[38;2;56;63;90m█[38;2;66;74;105m█[39m[48;2;37;41;49m                  
                  [38;2;66;74;105m[48;2;41;44;52m█[38;2;56;63;90m█[38;2;47;53;75m▓[38;2;38;42;60m▓[38;2;29;32;46m▒[39m    [38;2;82;81;150m⢰[38;2;86;85;162m⣿[38;2;87;87;167m⡿[38;2;86;85;161m⠃[39m   [38;2;83;82;153m⢸[38;2;83;82;154m⣿[39m                [38;2;87;87;167m⣸[38;2;88;89;170m⣿[38;2;86;85;162m⣿[38;2;83;82;154m⣶[38;2;84;83;156m⣿[38;2;86;85;161m⣿[38;2;86;86;163m⡿[39m         [38;2;82;81;150m⢠[38;2;87;86;165m⣿[38;2;93;94;183m⣿[38;2;95;98;193m⣿[38;2;94;97;190m⣿[38;2;90;91;176m⡟[38;2;87;87;165m⠋[39m  [38;2;87;86;164m⣠[38;2;86;85;162m⣾[38;2;86;86;162m⡿[38;2;89;89;172m⠛[38;2;95;98;193m⠻[38;2;99;107;216m⣿[38;2;101;110;225m⣿[38;2;100;109;221m⠿[38;2;98;104;210m⠟[38;2;95;99;197m⠋[39m          [38;2;91;91;177m⣾[38;2;95;99;196m⣿[38;2;96;100;198m⣿[38;2;93;95;187m⣿[38;2;88;88;169m⣿[38;2;83;82;154m⣇[39m          [38;2;89;89;171m⣿[38;2;90;91;176m⣿[38;2;89;89;170m⣿[38;2;84;83;157m⣿[38;2;82;80;149m⣿[38;2;79;77;142m⡇[39m   [38;2;84;84;157m⠘[38;2;92;93;181m⢿[38;2;94;97;191m⣿[38;2;93;94;184m⣷[39m  [38;2;95;98;194m⢸[38;2;103;115;235m⣿[38;2;104;116;238m⣿[38;2;98;104;209m⣿[39m   [38;2;83;82;153m⠙[38;2;86;85;161m⢿[38;2;88;88;169m⣿[38;2;90;91;176m⣿[38;2;91;92;179m⣿[38;2;94;97;191m⣾[38;2;99;106;214m⣿[38;2;100;109;222m⣿[38;2;98;104;210m⣿[38;2;91;92;178m⣷[38;2;87;86;164m⣤[38;2;87;87;165m⣴[38;2;89;90;173m⣾[38;2;92;93;181m⣿[38;2;92;93;182m⣿[38;2;90;91;175m⣿[38;2;85;85;160m⡏[39m         [38;2;96;101;201m⢹[38;2;99;107;217m⣿[38;2;96;100;198m⣿[39m   [38;2;29;32;46m▒[38;2;38;42;60m▓[38;2;47;53;75m▓[38;2;56;63;90m█[38;2;66;74;105m█[39m[48;2;37;41;49m                  
                  [38;2;66;74;105m[48;2;41;44;52m█[38;2;56;63;90m█[38;2;47;53;75m▓[38;2;38;42;60m▓[38;2;29;32;46m▒[39m    [38;2;84;84;157m⣿[38;2;86;85;161m⣿[39m     [38;2;83;82;153m⢸[38;2;84;84;157m⣿[38;2;82;81;150m⡇[39m            [38;2;90;90;175m⣀[38;2;92;93;181m⣤[38;2;93;95;185m⣾[38;2;93;94;184m⣿[38;2;91;91;177m⣿[38;2;87;87;165m⣿[38;2;84;83;155m⣿[38;2;82;80;149m⠟[39m          [38;2;85;84;159m⢠[38;2;88;88;169m⣾[38;2;90;91;176m⣿[38;2;94;96;188m⣿[38;2;95;98;194m⣿[38;2;93;94;184m⣿[39m   [38;2;81;80;148m⢸[38;2;82;81;151m⣿[38;2;81;80;147m⡇[39m   [38;2;84;83;156m⢸[38;2;85;84;158m⣿[39m           [38;2;86;85;162m⢠[38;2;92;93;180m⣾[38;2;93;95;186m⣿[38;2;92;93;180m⣿[38;2;89;90;173m⣿[38;2;88;89;170m⣿[38;2;88;88;168m⣿[38;2;87;87;165m⣿[38;2;85;85;160m⣷[38;2;83;82;154m⣀[39m        [38;2;91;91;176m⣿[38;2;96;100;199m⣿⣿[38;2;90;91;176m⣿[38;2;83;81;152m⠏[39m     [38;2;85;85;160m⠸[38;2;91;92;179m⣿[38;2;94;97;192m⣿[38;2;95;99;196m⣿[38;2;96;100;198m⣿[38;2;99;106;214m⣿[38;2;103;114;233m⣿[38;2;100;109;222m⣿[38;2;94;96;188m⡟[39m     [38;2;86;85;162m⠘[38;2;92;93;182m⢿[38;2;97;103;206m⣿[38;2;102;113;232m⣿[38;2;102;122;244m⣿[38;2;104;116;239m⣿[38;2;98;105;212m⣿[38;2;91;92;178m⣿[38;2;87;87;167m⣿[38;2;88;88;168m⣿[38;2;90;90;173m⣿[38;2;90;90;175m⡿[38;2;88;87;167m⠟[38;2;85;84;158m⠙[38;2;82;81;150m⣿[38;2;81;79;146m⡆[39m        [38;2;87;87;166m⠸[38;2;92;93;181m⣿[38;2;90;91;175m⣿[39m   [38;2;29;32;46m▒[38;2;38;42;60m▓[38;2;47;53;75m▓[38;2;56;63;90m█[38;2;66;74;105m█[39m[48;2;37;41;49m                  
                  [38;2;66;74;105m[48;2;41;44;52m█[38;2;56;63;90m█[38;2;47;53;75m▓[38;2;38;42;60m▓[38;2;29;32;46m▒[39m    [38;2;88;88;168m⣿[38;2;90;90;173m⣿[38;2;86;86;162m⡇[39m    [38;2;81;80;148m⠘[38;2;84;83;155m⣿[38;2;82;81;151m⣇[39m         [38;2;83;82;154m⣰[38;2;89;89;171m⣾[38;2;94;97;191m⣿[38;2;98;105;211m⣿[38;2;100;109;222m⣿[38;2;101;110;223m⣿[38;2;98;104;208m⣿[38;2;93;95;187m⣿[38;2;87;87;166m⣿[38;2;82;81;151m⠇[39m          [38;2;90;91;176m⢰[38;2;95;98;195m⣿[38;2;94;97;192m⣿[38;2;90;91;175m⣿[38;2;90;90;174m⣿[38;2;91;92;179m⣿[38;2;89;90;173m⣿[38;2;83;82;154m⡇[39m  [38;2;81;80;147m⢸[38;2;81;79;147m⡟[39m    [38;2;83;82;154m⢸[38;2;85;84;159m⣿[38;2;83;82;152m⡇[39m         [38;2;88;88;169m⢠[38;2;96;100;198m⣿[38;2;97;103;207m⣿[38;2;93;95;186m⣿[39m  [38;2;82;81;151m⠘[38;2;86;85;161m⢿[38;2;88;88;170m⣿[38;2;91;91;177m⣿[38;2;92;93;181m⣿[38;2;92;93;182m⣿[38;2;89;90;173m⣷[39m      [38;2;90;91;175m⢸[38;2;99;107;216m⣿[38;2;101;111;225m⣿[38;2;96;101;201m⣷[39m       [38;2;87;87;165m⠸[38;2;93;95;187m⣿[38;2;96;101;201m⣿[38;2;97;103;207m⣿[38;2;98;105;212m⣿⣿[38;2;95;99;196m⣿[39m       [38;2;91;91;177m⢸[38;2;100;109;222m⣿[38;2;100;126;245m⣿[38;2;98;129;246m⣿[38;2;102;113;231m⣿[38;2;95;98;193m⣿[38;2;87;87;166m⠿[38;2;85;84;159m⠋[39m     [38;2;81;79;146m⠘[38;2;84;83;155m⣿[38;2;84;83;156m⣧[39m        [38;2;87;86;165m⣿[38;2;85;85;161m⡿[39m   [38;2;29;32;46m▒[38;2;38;42;60m▓[38;2;47;53;75m▓[38;2;56;63;90m█[38;2;66;74;105m█[39m[48;2;37;41;49m                  
                  [38;2;66;74;105m[48;2;41;44;52m█[38;2;56;63;90m█[38;2;47;53;75m▓[38;2;38;42;60m▓[38;2;29;32;46m▒[39m   [38;2;82;81;151m⢸[38;2;89;90;173m⣿[38;2;93;94;183m⣿[38;2;90;91;176m⣿[38;2;84;83;157m⣧[39m    [38;2;81;80;148m⠸[38;2;82;80;149m⣿[39m     [38;2;85;84;158m⢠[38;2;84;83;157m⣴[38;2;83;82;153m⣾[38;2;82;81;151m⣿[38;2;84;83;156m⣿[38;2;89;89;171m⣿[38;2;94;96;189m⣿[38;2;98;104;210m⣿[38;2;100;109;220m⣿[38;2;100;109;221m⣿[38;2;98;104;209m⣿[38;2;94;97;191m⣿[38;2;88;88;168m⣿[39m          [38;2;87;87;165m⢰[38;2;97;102;204m⣿[38;2;100;108;219m⣿[38;2;96;101;202m⣿[38;2;88;88;169m⠃[39m [38;2;87;86;164m⢿[38;2;87;87;165m⣿[38;2;84;83;155m⣧[39m        [38;2;85;84;158m⢸[38;2;87;86;164m⣿[38;2;85;84;158m⣷[39m         [38;2;95;98;195m⣾[38;2;100;109;220m⣿[38;2;99;106;214m⣿[38;2;90;90;175m⡟[39m    [38;2;89;89;170m⢿[38;2;94;96;189m⣿[38;2;97;103;206m⣿[38;2;100;108;219m⣿[38;2;100;108;218m⣿[38;2;96;100;198m⣿[38;2;88;88;168m⡆[39m     [38;2;98;105;210m⣿[38;2;102;113;231m⣿[38;2;100;108;218m⣿[38;2;90;91;175m⣧[39m       [38;2;89;89;172m⣼[38;2;92;93;182m⣿[38;2;93;95;186m⣿⣿[38;2;92;93;182m⣿[38;2;90;90;173m⣿[38;2;85;85;161m⣿[38;2;82;80;149m⡆[39m     [38;2;92;93;180m⣼[38;2;101;110;224m⣿[38;2;103;120;243m⣿[38;2;103;115;235m⣿[38;2;95;99;196m⣿[39m         [38;2;84;83;155m⢸[38;2;88;88;168m⣿[38;2;88;88;167m⣷[38;2;84;83;156m⡄[39m     [38;2;86;85;162m⢸[38;2;88;88;168m⣿[38;2;85;84;159m⡇[39m   [38;2;29;32;46m▒[38;2;38;42;60m▓[38;2;47;53;75m▓[38;2;56;63;90m█[38;2;66;74;105m█[39m[48;2;37;41;49m                  
                  [38;2;66;74;105m[48;2;41;44;52m█[38;2;56;63;90m█[38;2;47;53;75m▓[38;2;38;42;60m▓[38;2;29;32;46m▒[39m    [38;2;88;88;169m⢿[38;2;92;93;180m⣿[38;2;90;90;175m⣿[38;2;85;84;159m⣿[38;2;80;79;145m⣧[39m    [38;2;84;83;155m⠘[38;2;87;87;165m⣷[38;2;91;91;177m⣴[38;2;95;98;194m⣶[38;2;96;101;202m⣾[38;2;96;100;198m⣿[38;2;93;94;183m⣿[38;2;88;88;168m⣿[38;2;84;83;156m⣿[38;2;81;80;148m⠃[39m    [38;2;92;93;181m⠈[38;2;94;97;190m⠻[38;2;95;98;194m⢿[38;2;94;96;188m⣿[38;2;89;89;172m⣿[39m    [38;2;78;76;139m⢀[39m     [38;2;93;94;185m⣼[38;2;100;109;221m⣿[38;2;101;111;227m⣿[38;2;96;100;199m⣿[38;2;86;86;162m⣄[38;2;82;80;149m⣀[38;2;82;81;150m⣸[38;2;83;82;154m⢸[38;2;83;82;153m⣿[38;2;82;81;149m⡇[39m       [38;2;85;84;159m⣼[38;2;87;86;165m⣿[38;2;85;84;158m⣿[39m        [38;2;86;85;162m⢸[38;2;97;103;206m⣿[38;2;100;108;219m⣿[38;2;96;101;201m⡟[39m     [38;2;91;91;177m⣼[38;2;95;98;193m⣿[38;2;97;102;204m⣿[38;2;100;108;219m⣿[38;2;102;112;228m⣿[38;2;100;108;218m⣿[38;2;94;97;192m⣿[38;2;86;86;163m⣧[39m    [38;2;94;96;188m⢸[38;2;99;107;215m⣿[38;2;100;108;218m⣿[38;2;94;97;191m⣿[38;2;86;85;161m⣧[39m   [38;2;80;79;144m⢀[38;2;82;81;150m⣴[38;2;83;82;153m⣾[38;2;84;83;155m⣿[38;2;83;82;153m⡟⠋[38;2;86;85;161m⢹[38;2;88;88;168m⣿[38;2;88;88;169m⣿[38;2;86;85;162m⣿[38;2;83;82;154m⣿[38;2;82;80;149m⣿[38;2;80;79;145m⣿[38;2;80;78;144m⣦[38;2;80;79;145m⣶[38;2;84;84;158m⣿[38;2;93;95;186m⣿[38;2;99;107;215m⣿[38;2;100;108;220m⣿[38;2;95;98;194m⡿[39m           [38;2;87;87;166m⢿[38;2;91;91;177m⣿⣿[38;2;88;88;169m⣦[38;2;85;84;158m⣤[39m  [38;2;90;90;174m⢰[38;2;93;95;186m⣿[38;2;91;92;179m⣿[38;2;84;84;157m⡇[39m   [38;2;29;32;46m▒[38;2;38;42;60m▓[38;2;47;53;75m▓[38;2;56;63;90m█[38;2;66;74;105m█[39m[48;2;37;41;49m                  
                  [38;2;66;74;105m[48;2;41;44;52m█[38;2;56;63;90m█[38;2;47;53;75m▓[38;2;38;42;60m▓[38;2;29;32;46m▒[39m    [38;2;83;81;152m⢸[38;2;85;85;160m⣿[38;2;85;84;159m⠇[39m [38;2;82;81;150m⠛[39m [38;2;84;84;157m⢠[38;2;85;85;160m⣶[38;2;87;87;165m⣶[38;2;89;89;172m⣾[38;2;93;94;184m⣿[38;2;96;100;199m⣿[38;2;99;107;215m⣿[38;2;100;109;222m⣿[38;2;100;108;219m⣿[38;2;97;102;204m⣿[38;2;93;94;183m⣿[39m        [38;2;88;89;170m⢸[38;2;92;93;182m⣿[38;2;90;91;175m⣿[38;2;83;82;153m⡇[39m   [38;2;79;76;139m⠹[38;2;79;77;139m⠿[39m   [38;2;85;84;159m⢸[38;2;96;101;200m⣿[38;2;101;110;224m⣿[38;2;99;107;217m⣿[38;2;92;93;181m⣿[38;2;83;82;152m⡿[38;2;80;78;143m⠟[38;2;79;77;141m⠉[38;2;80;79;145m⠈[38;2;82;81;151m⢻[38;2;83;82;154m⣿[39m    [38;2;81;79;146m⣠⣤[38;2;82;80;149m⣼[38;2;84;83;155m⣿[38;2;85;84;159m⣿[38;2;83;82;154m⣿[39m        [38;2;86;85;161m⢸[38;2;95;98;194m⣿[38;2;96;101;201m⣿[38;2;92;93;182m⡇[39m    [38;2;87;86;164m⣸[38;2;91;92;179m⣿[38;2;92;93;181m⣿[38;2;91;92;179m⡿[38;2;94;97;191m⠻[38;2;98;104;208m⢿[38;2;98;104;209m⣿[38;2;94;97;191m⣿[38;2;87;87;165m⣿[38;2;82;81;150m⣿[38;2;80;78;143m⣿[38;2;80;78;142m⣷[38;2;80;79;144m⣾[38;2;85;84;158m⡟[38;2;92;92;180m⢻[38;2;95;99;197m⣿[38;2;95;98;195m⣿[38;2;90;91;175m⣿[38;2;84;83;155m⣇[38;2;80;78;144m⣰[38;2;80;78;143m⣿[38;2;81;79;145m⣿[38;2;82;80;149m⡿⠿[38;2;81;79;146m⠃[39m   [38;2;89;89;171m⣿[38;2;90;90;174m⣿[38;2;87;86;164m⡿[38;2;82;81;150m⠛[38;2;81;79;146m⠋[38;2;80;78;143m⠉⠉[38;2;81;79;145m⠉[38;2;86;86;163m⠹[38;2;94;97;192m⣿[38;2;96;101;202m⣿[38;2;94;96;189m⣿[39m             [38;2;89;90;172m⢻[38;2;94;97;190m⣿[38;2;97;102;204m⣿[38;2;97;103;205m⣿[38;2;96;101;202m⣷[38;2;97;102;204m⣾[38;2;98;104;210m⣿[38;2;97;102;203m⣿[38;2;91;91;177m⣿[39m    [38;2;29;32;46m▒[38;2;38;42;60m▓[38;2;47;53;75m▓[38;2;56;63;90m█[38;2;66;74;105m█[39m[48;2;37;41;49m                  
                  [38;2;66;74;105m[48;2;41;44;52m█[38;2;56;63;90m█[38;2;47;53;75m▓[38;2;38;42;60m▓[38;2;29;32;46m▒[39m        [38;2;85;84;158m⢠[38;2;87;87;166m⣿[38;2;88;88;168m⣿[38;2;87;87;165m⣿⣿[38;2;89;89;171m⣿[38;2;92;93;182m⣿[38;2;95;99;196m⣿[38;2;98;104;208m⣿[38;2;98;105;211m⣿[38;2;98;104;208m⣿[38;2;96;101;201m⣿[38;2;94;97;192m⣿[38;2;92;93;180m⣷[38;2;87;87;166m⣄[39m      [38;2;88;88;168m⢸[38;2;92;93;181m⣿[38;2;90;90;174m⣿[39m         [38;2;88;88;169m⢸[38;2;99;107;216m⣿[38;2;104;116;238m⣿[38;2;101;111;226m⣿[38;2;92;93;181m⡇[39m     [38;2;86;86;162m⣿[38;2;87;86;165m⣿[38;2;85;84;159m⣶[38;2;82;81;150m⣿[38;2;82;80;149m⣿[38;2;81;79;147m⣿[38;2;81;79;145m⠿[38;2;80;79;145m⠛[38;2;82;80;149m⢻[38;2;84;83;156m⣿[38;2;84;83;157m⣿[39m         [38;2;90;91;176m⣿[38;2;94;97;192m⣿[38;2;94;96;189m⣷[38;2;89;89;171m⣆[39m  [38;2;85;84;159m⢸[38;2;89;89;172m⣿[38;2;90;90;174m⣿[38;2;86;86;163m⠇[39m  [38;2;87;86;164m⢸[38;2;89;89;172m⣿[38;2;88;87;167m⠟[39m       [38;2;90;91;175m⢸[38;2;95;99;195m⣿[38;2;95;98;193m⣿[38;2;90;90;174m⣿[39m         [38;2;92;93;180m⣿[38;2;93;94;184m⣿[39m      [38;2;89;89;171m⢸[38;2;96;101;200m⣿⣿[38;2;90;90;174m⡇[39m             [38;2;89;89;171m⣰[38;2;95;98;195m⣿[38;2;101;110;224m⣿[38;2;104;117;240m⣿[38;2;104;119;243m⣿[38;2;104;117;242m⣿[38;2;102;112;228m⣿[38;2;96;101;202m⣿[38;2;87;86;164m⠇[39m    [38;2;29;32;46m▒[38;2;38;42;60m▓[38;2;47;53;75m▓[38;2;56;63;90m█[38;2;66;74;105m█[39m[48;2;37;41;49m                  
                  [38;2;66;74;105m[48;2;41;44;52m█[38;2;56;63;90m█[38;2;47;53;75m▓[38;2;38;42;60m▓[38;2;29;32;46m▒[39m       [38;2;83;82;154m⢰[38;2;87;87;165m⣿[38;2;88;88;168m⣿[38;2;87;86;164m⡿[38;2;85;84;159m⠋[39m  [38;2;87;87;165m⢸[38;2;87;86;164m⡿[38;2;86;85;161m⠋[38;2;86;85;162m⠙[38;2;88;88;168m⠻[38;2;91;92;179m⢿[38;2;93;95;187m⣿[38;2;94;96;189m⣿[38;2;93;95;186m⣿[38;2;92;93;182m⣷[38;2;91;92;179m⣦[38;2;90;90;174m⣄[39m  [38;2;87;87;165m⢠[38;2;91;92;178m⣼[38;2;92;93;182m⣿[38;2;89;89;172m⣿[39m       [38;2;82;81;150m⢀[38;2;83;82;154m⣠[38;2;90;90;174m⣾[38;2;100;109;222m⣿[38;2;100;127;245m⣿[38;2;100;126;245m⣿[38;2;99;106;213m⣷[39m     [38;2;89;90;172m⣿[38;2;91;92;179m⣿[38;2;88;89;170m⣿[38;2;83;82;152m⠏[39m     [38;2;84;83;156m⢸[38;2;88;88;169m⣿[38;2;88;87;167m⣷[39m        [38;2;85;84;158m⢸[38;2;92;93;181m⣿[38;2;96;100;198m⣿[38;2;96;101;202m⣿[38;2;95;99;197m⣿[38;2;94;96;189m⣾[38;2;93;95;185m⣿[38;2;92;92;180m⣿[38;2;88;88;168m⣇[39m   [38;2;81;79;146m⢰[39m         [38;2;85;85;160m⠸[38;2;95;99;196m⣿[38;2;98;105;210m⣿[38;2;95;99;195m⣿[39m         [38;2;93;95;187m⣿[38;2;94;97;192m⣿[38;2;89;89;172m⡇[39m     [38;2;93;95;187m⣼[38;2;99;106;213m⣿[38;2;97;102;204m⣿[39m           [38;2;86;85;161m⣰[38;2;86;86;163m⣾[38;2;86;85;162m⣿[38;2;86;86;164m⣿[38;2;91;92;179m⣿[38;2;99;106;213m⣿[38;2;102;123;244m⣿[38;2;94;137;248m⣿[38;2;96;134;247m⣿[38;2;102;112;229m⣿[38;2;92;93;182m⡏[39m     [38;2;29;32;46m▒[38;2;38;42;60m▓[38;2;47;53;75m▓[38;2;56;63;90m█[38;2;66;74;105m█[39m[48;2;37;41;49m                  
                  [38;2;66;74;105m[48;2;41;44;52m█[38;2;56;63;90m█[38;2;47;53;75m▓[38;2;38;42;60m▓[38;2;29;32;46m▒[39m      [38;2;89;89;172m⢰[38;2;91;92;179m⣾[38;2;89;90;173m⣿[38;2;85;85;160m⠃[39m   [38;2;81;79;147m⣰[38;2;81;79;146m⡇[39m     [38;2;87;87;165m⠘[38;2;90;91;176m⢿[38;2;93;94;183m⣿[38;2;94;96;188m⣿[38;2;95;98;194m⣿[38;2;96;101;202m⣿[38;2;97;103;207m⣿[38;2;97;103;206m⣿[38;2;96;101;202m⣿[38;2;96;100;199m⣿[38;2;95;98;193m⣿[38;2;93;95;185m⣿[38;2;90;91;176m⣦[38;2;89;89;172m⣤[38;2;88;88;169m⣤[38;2;87;87;166m⣶[38;2;86;86;163m⣶[38;2;85;84;159m⣶[38;2;84;83;156m⣿[38;2;83;82;154m⣿⣿[38;2;87;87;166m⣿[38;2;98;104;208m⣿[38;2;100;125;245m⣿[38;2;92;141;249m⣿[38;2;98;130;246m⣿[38;2;100;108;219m⣷[39m    [38;2;93;94;184m⣿[38;2;94;96;190m⣿[38;2;89;89;172m⣿[39m       [38;2;91;91;177m⣿[38;2;94;96;188m⣿[38;2;91;92;178m⣷[39m        [38;2;87;87;165m⠻[38;2;94;96;188m⣿[38;2;97;102;204m⣿[38;2;98;104;209m⣿[38;2;98;104;208m⣿[38;2;97;103;205m⣿[38;2;95;99;197m⣿[38;2;93;94;184m⣿[38;2;88;88;168m⣦[38;2;84;83;155m⡀[39m [38;2;80;78;144m⡜[39m          [38;2;93;95;187m⢻[38;2;99;106;214m⣿[38;2;98;104;208m⣿[38;2;89;90;172m⡇[39m        [38;2;93;94;184m⣿[38;2;94;97;191m⣿[38;2;90;90;173m⣇[39m     [38;2;95;99;197m⣿[38;2;99;107;216m⣿[38;2;96;101;201m⣿[39m         [38;2;88;88;169m⣶[38;2;90;91;175m⣿[38;2;89;89;172m⣿[38;2;87;87;166m⣿[38;2;85;84;159m⠿[38;2;84;83;155m⠋[38;2;85;84;160m⠙[38;2;92;92;180m⠻[38;2;101;110;225m⣿[38;2;98;130;246m⣿[38;2;97;132;247m⣿[38;2;101;110;224m⣿[39m      [38;2;29;32;46m▒[38;2;38;42;60m▓[38;2;47;53;75m▓[38;2;56;63;90m█[38;2;66;74;105m█[39m[48;2;37;41;49m                  
                  [38;2;66;74;105m[48;2;41;44;52m█[38;2;56;63;90m█[38;2;47;53;75m▓[38;2;38;42;60m▓[38;2;29;32;46m▒[39m    [38;2;94;97;192m⣰[38;2;104;116;239m⣾[38;2;97;131;246m⣿[38;2;103;121;244m⣿[38;2;97;102;203m⣷[39m  [38;2;79;77;141m⢀[38;2;80;78;144m⣼[38;2;80;79;145m⣿[38;2;79;77;141m⠇[39m        [38;2;88;89;170m⠙[38;2;93;95;186m⢿[38;2;97;103;206m⣿[38;2;100;109;222m⣿[38;2;102;112;228m⣿[38;2;100;109;221m⣿[38;2;97;103;206m⣿[38;2;95;98;194m⣿[38;2;94;96;188m⣿[38;2;93;94;185m⣿[38;2;92;93;181m⣿[38;2;91;91;177m⣿[38;2;89;89;171m⣿[38;2;87;87;165m⣿[38;2;85;85;160m⡿[38;2;84;83;155m⠟[38;2;82;81;150m⠋[39m  [38;2;92;93;180m⢹[38;2;101;110;223m⣿[38;2;99;127;245m⣿[38;2;96;134;247m⣿[38;2;103;121;243m⣿[38;2;99;107;217m⣿[38;2;94;97;192m⣶[38;2;92;93;182m⣤[38;2;94;96;189m⣼[38;2;96;100;198m⣿[38;2;95;98;193m⣿[38;2;88;88;169m⡏[39m       [38;2;89;89;172m⢸[38;2;96;100;198m⣿[38;2;97;102;204m⣿[38;2;93;94;184m⣧[39m         [38;2;91;91;177m⠹[38;2;94;97;191m⢿[38;2;95;99;196m⣿⣿[38;2;95;98;195m⣿[38;2;95;98;194m⣿[38;2;94;97;191m⣿[38;2;93;94;185m⣿[38;2;89;89;172m⣿[38;2;83;82;154m⡇[39m          [38;2;89;89;171m⢸[38;2;97;102;204m⣿[38;2;98;104;210m⣿[38;2;93;94;185m⣿[39m        [38;2;93;94;185m⢸[38;2;95;98;193m⣿[38;2;91;91;177m⣷[39m     [38;2;95;98;194m⣿[38;2;97;102;205m⣿[38;2;93;95;185m⣿[39m       [38;2;88;88;168m⢰[38;2;93;95;186m⣾[38;2;94;96;189m⣿[38;2;91;92;179m⣿[38;2;87;87;165m⡟[39m     [38;2;94;96;189m⠸[38;2;104;117;242m⣿[38;2;97;132;247m⣿[38;2;103;115;237m⣿[38;2;92;93;181m⣇[39m     [38;2;29;32;46m▒[38;2;38;42;60m▓[38;2;47;53;75m▓[38;2;56;63;90m█[38;2;66;74;105m█[39m[48;2;37;41;49m                  
                  [38;2;66;74;105m[48;2;41;44;52m█[38;2;56;63;90m█[38;2;47;53;75m▓[38;2;38;42;60m▓[38;2;29;32;46m▒[39m   [38;2;96;100;198m⢸[38;2;92;141;249m⣿[38;2;83;176;255m⣿[38;2;83;180;255m⣿[38;2;86;153;253m⣿[38;2;101;111;226m⣿[38;2;89;89;172m⣿[38;2;82;81;151m⡞[38;2;81;79;146m⠛[38;2;80;78;143m⠁[39m            [38;2;93;95;187m⢸[38;2;98;105;212m⣿[38;2;100;108;218m⣿[38;2;98;104;208m⣿[38;2;95;98;194m⣿[38;2;93;94;185m⣿[38;2;92;93;182m⣿[38;2;91;92;179m⠿[38;2;90;91;175m⠿[38;2;88;88;169m⠟[38;2;86;85;162m⠋[39m      [38;2;86;85;161m⣼[38;2;92;93;182m⣿[38;2;97;103;207m⣿[38;2;102;113;230m⣿[38;2;103;114;233m⣿[38;2;100;109;222m⣿[38;2;98;104;208m⣿⣿[38;2;99;107;216m⣿[38;2;100;109;221m⣿[38;2;98;105;211m⣿[38;2;93;94;184m⣷[39m        [38;2;93;94;185m⢿[38;2;98;105;210m⣿[38;2;99;106;214m⣿[38;2;95;98;193m⣷[39m           [38;2;87;87;166m⠈[38;2;90;90;174m⠻[38;2;93;94;183m⢿[38;2;94;97;192m⣿[38;2;96;101;202m⣿[38;2;96;100;199m⣿[38;2;92;93;180m⣷[39m           [38;2;93;94;183m⣿[38;2;95;98;195m⣿[38;2;93;94;185m⣿[38;2;85;85;160m⣧[39m       [38;2;93;94;184m⣼[38;2;94;97;192m⣿[38;2;91;92;178m⣿[39m     [38;2;91;92;179m⣿[38;2;93;94;184m⣿[38;2;87;87;166m⡇[39m      [38;2;88;88;168m⢸[38;2;95;99;197m⣿[38;2;97;103;207m⣿[38;2;95;98;193m⣿[38;2;86;86;163m⠇[39m       [38;2;104;117;241m⣿[38;2;87;150;252m⣿[38;2;90;145;250m⣿[38;2;101;110;223m⣿[39m     [38;2;29;32;46m▒[38;2;38;42;60m▓[38;2;47;53;75m▓[38;2;56;63;90m█[38;2;66;74;105m█[39m[48;2;37;41;49m                  
                  [38;2;66;74;105m[48;2;41;44;52m█[38;2;56;63;90m█[38;2;47;53;75m▓[38;2;38;42;60m▓[38;2;29;32;46m▒[39m   [38;2;99;106;214m⣿[38;2;87;151;252m⣿[38;2;83;178;255m⣿[38;2;83;175;255m⣿[38;2;91;143;250m⣿[38;2;99;107;216m⣿[38;2;90;91;176m⣿[38;2;87;86;164m⣷[38;2;85;84;159m⡆[39m             [38;2;90;90;174m⣼[38;2;93;95;186m⣿[38;2;92;93;182m⡿[38;2;89;89;171m⠏[38;2;87;87;167m⢹[38;2;86;86;162m⣿[39m          [38;2;83;82;153m⢸[38;2;84;84;157m⣿[38;2;84;83;155m⡿[39m  [38;2;91;92;178m⠙[38;2;94;97;191m⠻[38;2;96;100;198m⢿[38;2;97;102;205m⣿[38;2;98;104;209m⣿⣿[38;2;97;102;204m⣿[38;2;95;98;194m⣿[38;2;92;93;181m⣿[38;2;87;86;165m⡆[39m       [38;2;94;96;188m⢿[38;2;98;104;209m⣿[38;2;98;104;208m⣿[38;2;94;96;188m⣿[38;2;87;87;166m⣆[39m            [38;2;88;88;168m⠘[38;2;94;96;189m⢿[38;2;97;102;205m⣿[38;2;96;100;199m⣿[38;2;91;91;176m⣷[39m      [38;2;85;85;160m⢀[38;2;85;84;159m⣴[38;2;84;83;155m⣶⣾[38;2;88;88;168m⣿[38;2;92;92;180m⣿[38;2;91;92;179m⣿[38;2;87;86;164m⣿[38;2;82;80;149m⣿[38;2;80;79;145m⣿[38;2;80;78;143m⣿[38;2;79;77;142m⣦[38;2;79;77;140m⣄[39m  [38;2;95;98;193m⣿[38;2;96;101;200m⣿[38;2;93;94;183m⣿[39m     [38;2;87;86;164m⣿[38;2;87;87;165m⣿[39m      [38;2;84;84;157m⢠[38;2;94;97;192m⣿[38;2;101;110;223m⣿[38;2;100;108;218m⣿[38;2;93;95;185m⡇[39m        [38;2;100;126;245m⣿[38;2;83;166;255m⣿[38;2;83;164;255m⣿[38;2;103;121;244m⣿[38;2;87;86;164m⡇[39m    [38;2;29;32;46m▒[38;2;38;42;60m▓[38;2;47;53;75m▓[38;2;56;63;90m█[38;2;66;74;105m█[39m[48;2;37;41;49m                  
                  [38;2;66;74;105m[48;2;41;44;52m█[38;2;56;63;90m█[38;2;47;53;75m▓[38;2;38;42;60m▓[38;2;29;32;46m▒[39m   [38;2;97;102;204m⣿[38;2;98;130;246m⣿[38;2;90;145;250m⣿[38;2;98;131;246m⠟[38;2;98;105;212m⠃[39m [38;2;86;85;161m⠹[38;2;87;87;165m⣿[38;2;88;88;169m⣿[38;2;86;86;163m⣷[39m           [38;2;85;85;160m⢸[38;2;92;93;181m⣿[38;2;93;94;183m⣿[39m   [38;2;83;82;152m⣿[39m         [38;2;81;80;147m⢸[38;2;84;83;155m⣿[38;2;83;82;153m⡟[39m     [38;2;86;85;161m⢸[38;2;89;89;171m⡟[38;2;91;91;177m⠉[38;2;92;93;182m⠻[38;2;93;95;187m⠿[38;2;94;97;190m⣿[38;2;96;100;198m⣿[38;2;95;99;196m⣿[38;2;92;93;180m⣷[39m       [38;2;92;93;181m⠸[38;2;96;100;198m⣿[38;2;96;100;199m⣿[38;2;94;96;189m⣿[38;2;91;92;178m⣿[38;2;87;87;165m⣦[39m            [38;2;95;99;195m⢻[38;2;98;104;208m⣿[38;2;96;100;198m⣿[38;2;90;90;174m⣿[38;2;86;85;161m⣦[38;2;86;85;162m⣶[38;2;88;88;169m⣾[38;2;90;91;176m⣿⣿[38;2;89;89;171m⣿[38;2;86;86;163m⣿[38;2;84;83;155m⡿[38;2;81;80;148m⠃[39m [38;2;88;88;168m⢻[38;2;90;91;175m⣿[38;2;88;88;168m⣷[39m   [38;2;79;77;141m⠈[38;2;79;77;142m⠉[38;2;82;81;150m⠁[38;2;91;91;177m⣾[38;2;97;102;205m⣿[38;2;97;103;207m⣿[38;2;93;94;184m⣿[38;2;83;82;153m⣧[39m    [38;2;84;83;157m⣸⣿[39m      [38;2;88;88;168m⣿[38;2;96;100;200m⣿[38;2;101;111;227m⣿[38;2;101;110;224m⣿[38;2;95;98;194m⣧[39m       [38;2;94;96;188m⣼[38;2;98;129;246m⣿[38;2;83;163;255m⣿[38;2;84;157;254m⣿[38;2;104;116;239m⣿[38;2;86;86;162m⡇[39m    [38;2;29;32;46m▒[38;2;38;42;60m▓[38;2;47;53;75m▓[38;2;56;63;90m█[38;2;66;74;105m█[39m[48;2;37;41;49m                  
                  [38;2;66;74;105m[48;2;41;44;52m█[38;2;56;63;90m█[38;2;47;53;75m▓[38;2;38;42;60m▓[38;2;29;32;46m▒[39m   [38;2;87;86;164m⢸[38;2;90;90;175m⣿[39m     [38;2;84;83;156m⠸[38;2;89;89;172m⢿[38;2;91;92;179m⣿[38;2;89;89;171m⣷[39m          [38;2;87;87;166m⣼[38;2;94;96;188m⣿[38;2;96;100;199m⣿[38;2;95;99;195m⣷[38;2;93;95;187m⣶[38;2;91;92;179m⣾[38;2;87;87;166m⣿[39m         [38;2;83;82;153m⣼⡇[39m      [38;2;83;82;152m⣸⡇[39m    [38;2;94;96;190m⢿[38;2;99;107;215m⣿[38;2;98;105;212m⣿[38;2;93;95;187m⣷[39m       [38;2;87;87;166m⠸[38;2;94;96;188m⣿[38;2;96;101;200m⣿[38;2;96;100;198m⣿[38;2;94;96;189m⣿[38;2;92;93;181m⣿[38;2;90;90;173m⣶[38;2;86;86;163m⣄[39m         [38;2;95;99;197m⣼[38;2;99;107;217m⣿[38;2;99;107;215m⣿[38;2;95;98;193m⣿[38;2;91;91;177m⣿[38;2;89;89;172m⣿[38;2;90;90;174m⣿[38;2;91;92;178m⣿[38;2;90;91;175m⣿[38;2;87;87;167m⠟[39m    [38;2;87;86;164m⢸[38;2;92;93;181m⣿[38;2;91;91;177m⣿[39m      [38;2;96;101;201m⣿[38;2;100;109;220m⣿[38;2;98;104;209m⣿[38;2;91;92;178m⣿[38;2;82;81;150m⠇[39m    [38;2;84;83;156m⣿[38;2;85;85;160m⣿[39m     [38;2;85;84;159m⣴[38;2;89;89;170m⣿[38;2;93;95;186m⣿[38;2;97;103;205m⣿[38;2;98;104;210m⣿[38;2;95;99;196m⣿[38;2;89;89;170m⣷[38;2;83;82;154m⣄[39m   [38;2;81;79;147m⣤[38;2;84;83;157m⣼[38;2;93;94;183m⣿[38;2;101;111;226m⣿[38;2;101;125;245m⣿[38;2;104;117;241m⣿[38;2;95;99;197m⣿[39m     [38;2;29;32;46m▒[38;2;38;42;60m▓[38;2;47;53;75m▓[38;2;56;63;90m█[38;2;66;74;105m█[39m[48;2;37;41;49m                  
                  [38;2;66;74;105m[48;2;41;44;52m█[38;2;56;63;90m█[38;2;47;53;75m▓[38;2;38;42;60m▓[38;2;29;32;46m▒[39m   [38;2;81;80;148m⢰[38;2;82;80;149m⡇[39m       [38;2;93;94;185m⢿[38;2;95;98;193m⣿[38;2;91;92;179m⣷[39m        [38;2;82;81;150m⢠[38;2;87;86;164m⣿[38;2;93;94;185m⣿[38;2;97;103;206m⣿[38;2;100;109;220m⣿[38;2;101;110;223m⣿[38;2;99;106;214m⣿[38;2;95;99;196m⣿[38;2;90;90;175m⣶[38;2;84;84;157m⣄[39m      [38;2;84;83;157m⢸[38;2;86;86;163m⣿[38;2;84;83;156m⡇[39m      [38;2;88;88;167m⣿[38;2;87;87;167m⣷[39m     [38;2;98;104;209m⢿[38;2;102;112;229m⣿[38;2;99;107;217m⣿[38;2;91;92;178m⣷[38;2;83;82;152m⣶[38;2;80;78;143m⣄[39m     [38;2;90;90;175m⢸[38;2;96;101;202m⣿[38;2;98;105;210m⣿[38;2;96;101;201m⣿[38;2;94;96;189m⣿[38;2;93;95;186m⣿[38;2;93;94;184m⣿[38;2;90;91;175m⣷[38;2;85;84;159m⣆[39m     [38;2;90;90;173m⣰[38;2;95;98;195m⣾[38;2;99;106;214m⣿[38;2;100;109;221m⣿[38;2;100;109;220m⣿[38;2;97;103;207m⣿[38;2;94;97;190m⣿[38;2;90;90;174m⡿[38;2;86;86;163m⠏[39m       [38;2;86;85;161m⢸[38;2;93;94;183m⣿[38;2;93;94;184m⣿[38;2;86;86;163m⡇[39m    [38;2;98;105;211m⣾[38;2;102;113;232m⣿[38;2;101;111;227m⣿[38;2;95;99;195m⣿[38;2;86;86;163m⠏[39m     [38;2;85;84;159m⢸[38;2;89;89;171m⣿[38;2;88;88;168m⣷[39m   [38;2;84;83;156m⣼[38;2;85;84;158m⣿[38;2;84;84;157m⡟[38;2;85;84;158m⠁[38;2;88;88;170m⠘[38;2;92;93;181m⠿[38;2;92;93;180m⣿[38;2;88;88;169m⣿[38;2;84;83;156m⣿[38;2;81;80;148m⣿[38;2;80;78;144m⡿[38;2;80;78;143m⠿[38;2;81;79;146m⡿[38;2;83;82;152m⠟[38;2;86;85;162m⠛[38;2;90;91;176m⠛[38;2;93;95;187m⣿[38;2;93;94;185m⣿[38;2;88;88;168m⣧[39m     [38;2;29;32;46m▒[38;2;38;42;60m▓[38;2;47;53;75m▓[38;2;56;63;90m█[38;2;66;74;105m█[39m[48;2;37;41;49m                  
                  [38;2;66;74;105m[48;2;41;44;52m█[38;2;56;63;90m█[38;2;47;53;75m▓[38;2;38;42;60m▓[38;2;29;32;46m▒[39m   [38;2;81;80;148m⢸[38;2;82;81;151m⣿[39m       [38;2;94;96;188m⢸[38;2;98;105;212m⣿[38;2;97;102;204m⣿[38;2;88;88;169m⡇[39m   [38;2;83;82;154m⣠[38;2;84;83;157m⣴[38;2;84;83;156m⣾[38;2;83;82;152m⣿[38;2;82;81;150m⡿[38;2;83;82;154m⠿[38;2;88;88;169m⢿[38;2;94;97;192m⣿[38;2;98;105;212m⣿[38;2;100;109;221m⣿[38;2;99;107;217m⣿[38;2;97;102;204m⣿[38;2;93;95;186m⣿[38;2;88;87;167m⣿[38;2;83;82;152m⣿[38;2;81;79;146m⣿[38;2;80;78;144m⣿[38;2;80;79;145m⣦[38;2;81;80;148m⣤[38;2;85;84;159m⣤[38;2;91;92;178m⣼[38;2;93;94;183m⣿[38;2;89;89;171m⣇[39m      [38;2;92;93;180m⣿[38;2;93;94;183m⣿[38;2;86;86;162m⡇[39m    [38;2;94;97;190m⢸[38;2;101;110;224m⣿[38;2;102;112;228m⣿[38;2;95;99;195m⣿[38;2;85;85;161m⣿[39m      [38;2;90;90;173m⢸[38;2;97;103;206m⣿[38;2;98;105;212m⣿[38;2;95;99;196m⣿[38;2;90;91;176m⠿[38;2;91;92;177m⠿[38;2;93;94;184m⣿[38;2;94;96;189m⣿[38;2;93;94;183m⣿[38;2;88;88;169m⣧[39m  [38;2;83;81;151m⣠[38;2;87;87;166m⣾[38;2;93;94;183m⣿[38;2;96;100;198m⣿[38;2;97;103;205m⣿[38;2;97;103;206m⣿[38;2;98;104;209m⣿[38;2;98;105;212m⣿[38;2;97;102;203m⣿[38;2;91;92;178m⣇[39m         [38;2;90;90;175m⢻[38;2;92;93;181m⣿[38;2;88;88;169m⣷[38;2;83;82;154m⡄[39m [38;2;93;94;183m⣰[38;2;100;108;219m⣾[38;2;104;119;243m⣿[38;2;104;116;239m⣿[38;2;98;104;209m⣿[38;2;88;88;169m⡟[39m      [38;2;84;83;155m⢸[38;2;90;90;175m⣿[38;2;92;92;179m⣿[38;2;89;90;173m⣿[38;2;86;86;164m⣿[38;2;86;86;162m⣿[38;2;85;84;159m⣿[38;2;82;81;151m⠃[39m              [38;2;88;88;169m⢸[38;2;94;96;188m⣿[38;2;93;95;187m⣿[38;2;86;86;163m⡇[39m    [38;2;29;32;46m▒[38;2;38;42;60m▓[38;2;47;53;75m▓[38;2;56;63;90m█[38;2;66;74;105m█[39m[48;2;37;41;49m                  
                  [38;2;66;74;105m[48;2;41;44;52m█[38;2;56;63;90m█[38;2;47;53;75m▓[38;2;38;42;60m▓[38;2;29;32;46m▒[39m   [38;2;81;80;148m⢸[38;2;83;82;153m⣿[38;2;81;80;148m⡇[39m      [38;2;95;99;197m⢸[38;2;100;109;220m⣿[38;2;98;105;211m⣿[38;2;90;91;176m⣷[38;2;81;80;148m⣠[38;2;81;79;147m⣴[38;2;83;82;154m⣿[38;2;85;85;160m⣿⣿[38;2;84;83;156m⣿[38;2;82;81;150m⠟[39m    [38;2;89;89;171m⠙[38;2;92;93;182m⠻[38;2;94;97;192m⢿[38;2;95;99;197m⣿[38;2;94;96;189m⣿[38;2;89;90;173m⡏[38;2;83;82;154m⠉[38;2;81;79;146m⠁[39m [38;2;80;79;144m⠙[38;2;82;81;151m⢿[38;2;88;88;168m⣿[38;2;95;98;194m⣿[38;2;97;102;204m⣿[38;2;94;96;189m⣿[39m      [38;2;93;94;183m⣿[38;2;94;97;192m⣿[38;2;90;90;175m⣧[39m    [38;2;91;92;178m⢸[38;2;98;105;210m⣿[38;2;99;107;217m⣿[38;2;94;97;191m⣿[38;2;85;85;160m⡇[39m      [38;2;90;91;176m⢸[38;2;98;104;210m⣿[38;2;98;105;211m⣿[38;2;93;94;183m⡇[39m   [38;2;91;92;178m⢻[38;2;94;97;192m⣿[38;2;94;96;189m⣿[38;2;90;90;173m⣿[38;2;85;84;159m⣿[38;2;84;83;156m⣿[38;2;87;86;164m⡿[38;2;90;90;174m⠿[38;2;91;92;178m⠟[38;2;89;89;172m⠁[39m [38;2;92;93;180m⢹[38;2;97;102;204m⣿[38;2;98;105;211m⣿[38;2;95;98;194m⣿[39m         [38;2;88;89;170m⢸[38;2;91;92;179m⣿⣿[38;2;91;91;177m⣿[38;2;93;95;185m⣿[38;2;97;103;206m⣿[38;2;102;113;232m⣿[38;2;104;116;240m⣿[38;2;100;108;219m⣿[38;2;91;92;179m⡟[39m        [38;2;89;89;172m⢻[38;2;93;95;186m⣿[38;2;94;96;188m⣿[38;2;91;92;178m⣿[38;2;87;87;166m⣿[38;2;82;81;151m⡇[39m               [38;2;88;88;169m⢸[38;2;96;100;199m⣿[38;2;97;102;204m⣿[38;2;91;92;178m⣿[39m    [38;2;29;32;46m▒[38;2;38;42;60m▓[38;2;47;53;75m▓[38;2;56;63;90m█[38;2;66;74;105m█[39m[48;2;37;41;49m                  
                  [38;2;66;74;105m[48;2;41;44;52m█[38;2;56;63;90m█[38;2;47;53;75m▓[38;2;38;42;60m▓[38;2;29;32;46m▒[39m    [38;2;82;80;149m⢻[38;2;81;80;147m⣇[39m    [38;2;92;93;182m⢠[38;2;97;103;205m⣼[38;2;100;109;221m⣿[38;2;100;108;219m⣿[38;2;96;100;200m⣿[38;2;88;88;170m⣿[38;2;81;80;148m⠋[38;2;81;79;146m⠙[38;2;83;81;152m⠛[38;2;84;83;155m⠛[39m          [38;2;88;89;170m⢸[38;2;90;91;175m⣿[38;2;87;87;166m⣧[39m     [38;2;89;90;173m⢸[38;2;96;100;199m⣿[38;2;98;105;211m⣿[38;2;96;100;198m⣿[38;2;89;89;170m⣧[39m     [38;2;92;93;180m⢹[38;2;94;97;190m⣿[38;2;92;93;181m⣿[38;2;85;84;159m⡇[39m   [38;2;91;91;177m⣸[38;2;94;97;191m⣿[38;2;94;96;189m⣿[38;2;88;88;169m⡿[38;2;82;81;150m⢧[38;2;80;78;143m⣤[38;2;79;76;139m⣄[39m    [38;2;90;91;176m⢸[38;2;97;102;205m⣿[38;2;96;101;202m⣿[38;2;89;89;172m⡇[39m    [38;2;91;92;178m⢹[38;2;95;98;194m⣿[38;2;94;97;190m⣿[38;2;89;90;173m⣿[39m       [38;2;92;93;180m⢹[38;2;96;100;200m⣿[38;2;96;100;198m⣿[38;2;90;91;176m⣷[39m      [38;2;93;94;183m⢠[38;2;94;96;190m⣾[38;2;95;98;193m⣿[38;2;94;97;190m⣿[38;2;93;94;185m⣿[38;2;92;93;182m⣿[38;2;93;95;187m⣿[38;2;96;100;198m⣿[38;2;97;103;207m⣿[38;2;96;101;200m⣿[38;2;91;92;178m⣿[39m         [38;2;89;89;172m⢸[38;2;94;97;191m⣿[38;2;95;98;193m⣿[38;2;91;91;177m⣿[38;2;84;83;156m⡏[39m                 [38;2;95;99;196m⣿[38;2;98;104;208m⣿[38;2;94;96;188m⣿[39m    [38;2;29;32;46m▒[38;2;38;42;60m▓[38;2;47;53;75m▓[38;2;56;63;90m█[38;2;66;74;105m█[39m[48;2;37;41;49m                  
                  [38;2;66;74;105m[48;2;41;44;52m█[38;2;56;63;90m█[38;2;47;53;75m▓[38;2;38;42;60m▓[38;2;29;32;46m▒[39m     [38;2;81;79;146m⠹[39m [38;2;84;83;155m⢀[38;2;89;90;173m⣴[38;2;96;101;202m⣾[38;2;101;111;227m⣿[38;2;103;114;234m⣿[38;2;100;109;221m⣿[38;2;96;100;198m⣿[38;2;90;91;176m⣿[38;2;84;83;157m⡇[39m              [38;2;85;84;159m⢸[38;2;89;89;171m⣿[38;2;88;88;169m⣿[38;2;84;84;157m⡇[39m  [38;2;84;84;157m⣠[38;2;85;85;160m⣴[38;2;88;88;169m⣾[38;2;93;94;185m⣿[38;2;95;99;197m⣿[38;2;94;97;191m⣿[38;2;89;90;173m⣿[38;2;84;83;156m⣿[38;2;83;82;153m⣿[38;2;84;83;155m⣿[38;2;84;84;157m⣿[38;2;87;87;167m⣿[38;2;94;96;189m⣿[38;2;96;101;202m⣿[38;2;95;99;197m⣿[38;2;92;93;182m⣷[38;2;89;90;173m⣶[38;2;90;90;174m⣾⣿[38;2;90;91;176m⣿[38;2;89;89;170m⣿[38;2;85;84;160m⠏[39m  [38;2;79;77;139m⠈[38;2;78;76;139m⠛[38;2;78;75;137m⠁[39m   [38;2;89;89;172m⢸[38;2;95;98;193m⣿[38;2;94;96;188m⣿[38;2;86;86;163m⡇[39m     [38;2;93;95;185m⢻[38;2;96;100;198m⣿[38;2;93;94;184m⣿[39m        [38;2;91;92;178m⢿[38;2;94;96;188m⣿[38;2;93;95;187m⣿[38;2;93;94;183m⣿[38;2;94;96;189m⣷[38;2;96;101;200m⣶[38;2;98;105;211m⣾[38;2;99;107;217m⣿⣿⣿[38;2;99;106;213m⣿[38;2;97;102;203m⣿[38;2;93;95;187m⣿[38;2;90;90;175m⡿[38;2;88;88;168m⠿[38;2;87;87;166m⠟[38;2;86;85;162m⠉[38;2;84;83;157m⠉[38;2;83;82;154m⠘[38;2;82;81;151m⢿[39m         [38;2;90;91;175m⣿[38;2;94;97;192m⣿[38;2;94;96;189m⣿[38;2;88;88;168m⡇[39m                  [38;2;89;89;172m⢸[38;2;95;98;194m⣿[38;2;94;97;192m⣿[38;2;88;87;167m⡇[39m   [38;2;29;32;46m▒[38;2;38;42;60m▓[38;2;47;53;75m▓[38;2;56;63;90m█[38;2;66;74;105m█[39m[48;2;37;41;49m                  
                  [38;2;66;74;105m[48;2;41;44;52m█[38;2;56;63;90m█[38;2;47;53;75m▓[38;2;38;42;60m▓[38;2;29;32;46m▒[39m      [38;2;89;90;173m⣿[38;2;93;94;184m⣿[38;2;95;99;197m⣿[38;2;99;107;216m⣿[38;2;102;112;230m⣿[38;2;101;110;224m⣿[38;2;96;100;198m⣿[38;2;88;89;170m⠟[38;2;84;83;155m⠻[38;2;81;80;148m⣿[38;2;80;78;144m⡄[39m              [38;2;88;88;168m⣿[38;2;89;90;173m⣿[38;2;89;89;172m⣿[38;2;88;88;169m⣿⣿[38;2;87;87;166m⣿[38;2;86;85;162m⣿[38;2;85;84;159m⣿[38;2;86;86;164m⠿[38;2;90;90;173m⢿[38;2;90;90;174m⣿[38;2;87;87;166m⡟[38;2;83;82;154m⠉[38;2;82;81;151m⠙[38;2;83;82;153m⠻[38;2;85;84;158m⠿[38;2;91;92;178m⢿[38;2;99;106;214m⣿[38;2;102;112;230m⣿[38;2;100;109;220m⣿[38;2;95;98;194m⣿[38;2;91;92;179m⣿[38;2;91;91;177m⣿[38;2;89;89;172m⣿[38;2;86;86;163m⡿[39m          [38;2;90;90;174m⢸[38;2;94;97;191m⣿[38;2;93;94;184m⣿[39m      [38;2;92;93;180m⢸[38;2;97;102;205m⣿[38;2;96;100;199m⣿[38;2;87;87;166m⡇[39m      [38;2;83;82;152m⢠[38;2;86;86;162m⣿[38;2;89;89;172m⣿[38;2;92;92;180m⣿[38;2;93;95;186m⣿[38;2;95;99;195m⣿[38;2;98;104;208m⣿[38;2;100;108;218m⣿[38;2;100;109;222m⣿[38;2;101;110;223m⣿[38;2;101;111;226m⣿[38;2;100;109;222m⣿[38;2;97;103;205m⣿[38;2;91;92;178m⡏[39m       [38;2;80;78;143m⣷[39m       [38;2;85;85;160m⣸[38;2;91;92;179m⣿[38;2;93;95;186m⣿[38;2;92;92;180m⣿[38;2;87;86;165m⣇[39m                   [38;2;94;96;189m⣿[38;2;95;99;197m⣿[38;2;91;91;177m⣿[39m   [38;2;29;32;46m▒[38;2;38;42;60m▓[38;2;47;53;75m▓[38;2;56;63;90m█[38;2;66;74;105m█[39m[48;2;37;41;49m                  
                  [38;2;66;74;105m[48;2;41;44;52m█[38;2;56;63;90m█[38;2;47;53;75m▓[38;2;38;42;60m▓[38;2;29;32;46m▒[39m    [38;2;85;85;160m⢠[38;2;93;94;185m⣾[38;2;96;100;199m⣿⣿[38;2;95;98;193m⣿[38;2;95;98;195m⡿[38;2;94;96;190m⠟[38;2;90;91;175m⠋[39m    [38;2;80;79;145m⢻[38;2;80;78;143m⣷[39m         [38;2;83;82;153m⣠[38;2;83;82;152m⣤[38;2;82;81;151m⣦[38;2;84;83;156m⣼[38;2;88;88;168m⣿[38;2;92;93;181m⣿[38;2;94;96;188m⣿[38;2;93;94;183m⣿[38;2;90;90;174m⣿[38;2;86;86;164m⠟[38;2;83;82;154m⠃[39m   [38;2;85;85;160m⣿[38;2;85;84;158m⡇[39m    [38;2;95;98;194m⢸[38;2;104;117;241m⣿[38;2;101;125;245m⣿[38;2;102;112;229m⣿[38;2;94;96;188m⡿[38;2;88;88;167m⠟[39m             [38;2;93;94;184m⣾[38;2;97;102;205m⣿[38;2;95;99;197m⣿[38;2;88;88;167m⡇[39m     [38;2;93;95;186m⢸[38;2;99;107;216m⣿[38;2;98;105;212m⣿[38;2;90;91;176m⡇[39m   [38;2;80;78;142m⣀[38;2;81;80;147m⣰[38;2;83;81;152m⣾[38;2;84;83;155m⣿[38;2;84;83;156m⣿[38;2;84;84;157m⡿[38;2;86;85;162m⠿[38;2;88;88;167m⠿[38;2;91;91;177m⠟[38;2;93;95;187m⠿[38;2;94;97;192m⠿[38;2;94;97;191m⠟[38;2;93;95;186m⠛[38;2;94;97;191m⢿[38;2;95;99;196m⣿[38;2;93;95;187m⣿[38;2;87;86;164m⡇[39m       [38;2;80;78;144m⠙[39m      [38;2;86;85;162m⣰[38;2;89;89;171m⣿[38;2;89;90;173m⣿[38;2;88;88;168m⣿[38;2;87;86;165m⣿[38;2;87;86;164m⣿⣿[38;2;86;85;162m⣷[38;2;85;84;158m⣶[38;2;83;82;154m⣦[38;2;83;81;152m⣄[39m              [38;2;94;97;190m⣿[38;2;97;102;203m⣿[38;2;93;94;185m⣿[39m   [38;2;29;32;46m▒[38;2;38;42;60m▓[38;2;47;53;75m▓[38;2;56;63;90m█[38;2;66;74;105m█[39m[48;2;37;41;49m                  
                  [38;2;66;74;105m[48;2;41;44;52m█[38;2;56;63;90m█[38;2;47;53;75m▓[38;2;38;42;60m▓[38;2;29;32;46m▒[39m    [38;2;94;97;192m⣾[38;2;99;107;215m⣿[38;2;99;106;213m⣿[38;2;94;96;189m⡿[38;2;87;86;164m⠃[39m        [38;2;80;78;143m⠛[39m      [38;2;82;81;151m⢠[38;2;85;84;159m⣾[38;2;86;85;161m⣿[38;2;85;84;159m⣿[38;2;83;82;154m⣿[38;2;82;81;150m⡿[38;2;83;81;151m⢿[38;2;87;87;165m⣿[38;2;94;97;191m⣿[38;2;98;104;208m⣿[38;2;96;101;202m⣿[38;2;90;91;176m⡇[39m     [38;2;83;82;153m⢸[38;2;84;84;157m⣿[38;2;83;82;152m⡆[39m   [38;2;100;109;222m⣼[38;2;100;126;245m⣿[38;2;102;122;244m⣿[38;2;98;104;210m⣿[39m               [38;2;96;100;198m⣿[38;2;100;109;222m⣿[38;2;99;106;214m⣿[38;2;91;92;178m⣿[39m     [38;2;96;101;202m⢸[38;2;102;112;229m⣿[38;2;100;108;219m⣿[38;2;91;92;178m⣿[38;2;81;80;147m⣦[38;2;79;77;141m⡄[38;2;79;77;142m⠻[38;2;81;79;145m⢿[38;2;83;81;152m⣿[38;2;84;83;155m⣿[38;2;83;82;154m⣿[38;2;81;80;148m⠃[39m         [38;2;90;91;176m⢿[38;2;92;93;181m⣿[38;2;88;88;168m⣿[39m     [38;2;89;90;173m⣀[38;2;91;92;178m⣤[38;2;90;90;174m⣤[38;2;86;86;164m⣤[39m   [38;2;86;86;163m⢠[38;2;90;90;173m⣾[38;2;91;92;178m⣿[38;2;89;90;173m⣿[38;2;86;85;161m⡿[38;2;82;81;151m⠋⠙[38;2;85;84;158m⣿[38;2;86;86;164m⣿[38;2;87;86;165m⣿[38;2;86;86;163m⣿[38;2;87;86;164m⣿[38;2;88;88;169m⣿[38;2;91;92;178m⣿[38;2;94;96;189m⣿[38;2;95;99;196m⣿[38;2;95;98;193m⣿[38;2;91;92;178m⣷[39m         [38;2;95;98;194m⣿[38;2;97;103;205m⣿[38;2;93;94;185m⣿[39m   [38;2;29;32;46m▒[38;2;38;42;60m▓[38;2;47;53;75m▓[38;2;56;63;90m█[38;2;66;74;105m█[39m[48;2;37;41;49m                  
                  [38;2;66;74;105m[48;2;41;44;52m█[38;2;56;63;90m█[38;2;47;53;75m▓[38;2;38;42;60m▓[38;2;29;32;46m▒[39m   [38;2;91;92;179m⢸[38;2;100;109;222m⣿[38;2;103;114;233m⣿[38;2;97;103;207m⡿[39m            [38;2;80;78;143m⣿[39m   [38;2;83;82;153m⣼[38;2;85;84;159m⣿[38;2;86;85;161m⣿[38;2;85;84;159m⠿[38;2;83;82;153m⠋[39m   [38;2;84;83;155m⠘[38;2;93;94;183m⣿[38;2;98;105;212m⣿[38;2;100;108;219m⣿[38;2;96;100;198m⣷[39m      [38;2;87;87;167m⣿[38;2;89;89;171m⣿[38;2;89;90;173m⣷[38;2;94;96;188m⣶[38;2;99;106;213m⣿[38;2;103;115;236m⣿[38;2;103;115;237m⣿[38;2;98;105;212m⣿[38;2;89;89;171m⠇[39m              [38;2;85;84;159m⢸[38;2;95;99;196m⣿[38;2;100;108;219m⣿[38;2;98;105;212m⣿[38;2;92;93;181m⣿[39m    [38;2;92;93;182m⢰[38;2;101;110;223m⣿[38;2;103;115;235m⣿[38;2;99;106;213m⣿[38;2;89;89;171m⡟[38;2;81;79;146m⠁[39m    [38;2;82;81;151m⡿[38;2;81;79;145m⠇[39m           [38;2;90;90;174m⣿[38;2;88;88;169m⣿[38;2;84;83;156m⣷[38;2;83;82;152m⣷[38;2;85;85;161m⣶[38;2;90;91;175m⣾[38;2;95;99;196m⣿[38;2;99;106;213m⣿[38;2;100;108;219m⣿[38;2;98;105;212m⣿[38;2;96;101;200m⣿[38;2;94;97;192m⣿[38;2;94;96;189m⣿⣿[38;2;94;96;188m⣿[38;2;93;95;187m⣿[38;2;91;92;178m⣿[38;2;86;86;163m⡟[39m      [38;2;84;83;156m⠙[38;2;87;87;165m⢻[38;2;91;92;178m⣿[38;2;94;97;191m⣿[38;2;97;103;205m⣿[38;2;99;107;216m⣿[38;2;100;108;218m⣿[38;2;98;104;208m⣿[38;2;95;98;194m⣿[38;2;91;91;177m⣶[38;2;86;85;161m⡄[39m     [38;2;91;91;177m⢰[38;2;97;103;205m⣿[38;2;97;103;207m⣿[38;2;91;92;179m⣿[39m   [38;2;29;32;46m▒[38;2;38;42;60m▓[38;2;47;53;75m▓[38;2;56;63;90m█[38;2;66;74;105m█[39m[48;2;37;41;49m                  
                  [38;2;66;74;105m[48;2;41;44;52m█[38;2;56;63;90m█[38;2;47;53;75m▓[38;2;38;42;60m▓[38;2;29;32;46m▒[39m   [38;2;95;99;197m⢸[38;2;104;117;242m⣿[38;2;104;118;243m⣿[38;2;97;103;206m⡇[39m             [38;2;85;84;159m⢣[38;2;87;87;166m⣴[38;2;88;88;168m⣿[38;2;86;86;163m⣿[38;2;84;83;156m⠏[39m       [38;2;86;86;162m⠘[38;2;94;97;191m⢿[38;2;98;104;209m⣿[38;2;97;102;204m⣿[38;2;93;94;183m⣿[38;2;86;86;163m⡆[39m   [38;2;93;95;186m⣼[38;2;96;100;200m⣿[38;2;96;101;202m⣿[38;2;96;100;199m⣿[38;2;97;102;204m⣿[38;2;99;106;214m⣿[38;2;99;106;215m⣿[38;2;95;99;196m⡿[38;2;88;87;167m⠃[39m                [38;2;93;95;186m⣿[38;2;96;101;202m⣿[38;2;96;100;199m⣿[38;2;93;94;183m⣿[38;2;89;89;170m⣿⣆[38;2;91;92;178m⣠[38;2;95;98;194m⣴[38;2;99;107;216m⣿[38;2;102;113;232m⣿[38;2;102;112;228m⣿[38;2;97;102;204m⣿[39m     [38;2;81;79;146m⣼[39m            [38;2;86;86;162m⣸[38;2;88;88;167m⣿[38;2;86;85;161m⣿[38;2;83;82;154m⢿⣿[38;2;86;86;163m⣿[38;2;91;91;177m⣿[38;2;95;99;196m⣿[38;2;98;105;212m⣿[38;2;99;107;217m⣿[38;2;98;105;212m⣿[38;2;97;103;207m⣿[38;2;98;104;209m⣿[38;2;99;106;214m⣿[38;2;99;106;213m⣿[38;2;96;101;202m⣿[38;2;93;94;184m⣿[38;2;86;86;163m⠇[39m         [38;2;91;92;178m⣿[38;2;95;98;193m⣿[38;2;97;103;206m⣿[38;2;99;107;216m⣿[38;2;100;109;220m⣿[38;2;99;107;215m⣿[38;2;98;104;210m⣿[38;2;96;101;202m⣿[38;2;95;98;195m⣿[38;2;93;95;185m⣶[38;2;92;92;180m⣦[38;2;91;91;176m⣄[38;2;90;91;176m⣀[38;2;93;94;183m⣴[38;2;96;100;198m⣾[38;2;97;102;205m⣿[38;2;94;97;192m⣿[38;2;86;86;163m⡇[39m   [38;2;29;32;46m▒[38;2;38;42;60m▓[38;2;47;53;75m▓[38;2;56;63;90m█[38;2;66;74;105m█[39m[48;2;37;41;49m                  
                  [38;2;66;74;105m[48;2;41;44;52m█[38;2;56;63;90m█[38;2;47;53;75m▓[38;2;38;42;60m▓[38;2;29;32;46m▒[39m   [38;2;96;100;198m⣿[38;2;104;117;242m⣿[38;2;102;123;244m⣿[38;2;100;109;222m⣿[38;2;92;93;180m⣦[38;2;85;85;160m⣀[38;2;83;82;154m⣀[38;2;84;83;157m⣀[38;2;85;85;161m⣠[38;2;86;86;164m⣶[38;2;87;86;164m⣾⣷[38;2;86;86;164m⣦[38;2;86;85;161m⣤[38;2;85;84;158m⣀[38;2;84;83;156m⣀[38;2;86;86;163m⣠[38;2;93;95;186m⣿[38;2;97;103;206m⣿[38;2;97;102;204m⣿[38;2;91;92;179m⡇[39m          [38;2;90;91;176m⠘[38;2;94;96;188m⢿[38;2;93;94;184m⣿[38;2;90;91;175m⣿[38;2;90;90;175m⣿[38;2;93;94;183m⣿[38;2;96;100;199m⣿[38;2;98;104;209m⣿[38;2;98;105;210m⣿[38;2;97;102;203m⣿[38;2;95;99;195m⣿[38;2;95;98;193m⣿[38;2;93;95;186m⠟[39m              [38;2;85;84;158m⢀[38;2;86;86;163m⣠[38;2;87;87;165m⣤[38;2;88;88;168m⣴[38;2;90;90;174m⣶[38;2;93;94;184m⣿[38;2;95;98;193m⣿[38;2;96;100;198m⣿[38;2;97;102;203m⣿[38;2;98;104;208m⣿[38;2;99;106;215m⣿[38;2;100;108;219m⣿[38;2;101;110;223m⣿[38;2;101;110;224m⣿[38;2;100;108;219m⣿[38;2;97;103;207m⣿[38;2;94;97;191m⣿[38;2;91;92;178m⣿[38;2;89;89;171m⣷[38;2;87;87;166m⣾[38;2;86;85;161m⣿[38;2;84;83;155m⣿[39m            [38;2;86;85;162m⣾[38;2;87;87;166m⣿[38;2;86;85;161m⣿[39m   [38;2;83;82;153m⠈[39m    [38;2;92;93;181m⠈[38;2;93;94;185m⠻[38;2;96;100;198m⣿[38;2;99;107;215m⣿[38;2;100;109;221m⣿[38;2;98;104;208m⣿[38;2;92;93;180m⣇[39m         [38;2;91;92;179m⣾[38;2;95;99;196m⣿[38;2;96;101;201m⣿[38;2;96;100;198m⣿[38;2;95;99;195m⣿[38;2;94;97;192m⣿[38;2;94;97;190m⣿[38;2;95;98;194m⣿[38;2;96;100;199m⣿[38;2;97;102;203m⣿[38;2;97;102;204m⣿⣿[38;2;96;101;201m⣿[38;2;96;100;198m⣿[38;2;96;100;199m⣿[38;2;96;101;201m⣿[38;2;95;98;193m⣿[38;2;89;90;172m⡏[39m    [38;2;29;32;46m▒[38;2;38;42;60m▓[38;2;47;53;75m▓[38;2;56;63;90m█[38;2;66;74;105m█[39m[48;2;37;41;49m                  
                  [38;2;66;74;105m[48;2;41;44;52m█[38;2;56;63;90m█[38;2;47;53;75m▓[38;2;38;42;60m▓[38;2;29;32;46m▒[39m   [38;2;94;97;190m⢻[38;2;102;112;229m⣿[38;2;104;118;243m⣿[38;2;102;112;228m⣿[38;2;96;100;199m⣿[38;2;91;91;177m⣿[38;2;88;87;167m⣿[38;2;88;88;167m⣿[38;2;89;89;171m⣿[38;2;89;90;173m⣿[38;2;89;89;172m⣿[38;2;89;89;171m⣿⣿[38;2;88;89;170m⣿[38;2;87;87;165m⣿[38;2;86;85;162m⣿[38;2;90;90;173m⣿[38;2;99;107;217m⣿[38;2;100;126;245m⣿[38;2;99;128;245m⣿[38;2;100;108;218m⣿[38;2;87;87;167m⣇[39m           [38;2;90;91;175m⣼[38;2;93;94;184m⣿[38;2;93;95;187m⣿[38;2;95;98;193m⣿[38;2;96;101;200m⣿[38;2;96;101;202m⣿[38;2;95;99;196m⡿[38;2;93;94;183m⠿[38;2;88;88;168m⠛[39m             [38;2;85;84;158m⣠[38;2;88;88;168m⣶[38;2;90;90;174m⣿[38;2;90;91;176m⣿⣿[38;2;89;90;173m⣿[38;2;89;89;172m⣿[38;2;90;90;174m⣿[38;2;92;93;181m⣿[38;2;95;99;195m⣿[38;2;98;105;211m⣿[38;2;100;109;222m⣿[38;2;101;110;224m⣿[38;2;101;110;223m⣿[38;2;100;109;220m⣿[38;2;99;106;214m⣿[38;2;96;101;200m⣿[38;2;93;95;186m⣿[38;2;91;91;177m⣿[38;2;91;92;178m⣿⣿[38;2;91;92;177m⣿[38;2;90;90;173m⣿[38;2;87;87;166m⣿[38;2;84;83;157m⣷[38;2;82;81;150m⣤[38;2;81;80;147m⣦[38;2;81;79;147m⣤[38;2;80;79;145m⣄[39m      [38;2;82;81;150m⢠[38;2;86;85;161m⣿[38;2;88;87;167m⣿[38;2;86;86;163m⡿[39m           [38;2;86;86;163m⠘[38;2;93;95;187m⣿[38;2;97;103;205m⣿[38;2;98;104;209m⣿[38;2;96;100;198m⣿[38;2;93;94;183m⣦[39m     [38;2;85;85;161m⢀[38;2;89;89;171m⣴[38;2;94;96;189m⣾[38;2;97;103;207m⣿[38;2;98;105;211m⣿[38;2;96;101;201m⣿[38;2;93;94;184m⣿[38;2;89;90;173m⣿[38;2;86;86;163m⠟[38;2;84;84;157m⠛[38;2;85;84;159m⠉[38;2;88;88;168m⠛[38;2;93;95;185m⢿[38;2;96;101;201m⣿[38;2;98;104;209m⣿[38;2;97;103;206m⣿[38;2;96;100;198m⣿[38;2;95;98;193m⣿[38;2;93;95;186m⣿[38;2;90;90;174m⣿[38;2;84;84;157m⡇[39m    [38;2;29;32;46m▒[38;2;38;42;60m▓[38;2;47;53;75m▓[38;2;56;63;90m█[38;2;66;74;105m█[39m[48;2;37;41;49m                  
                  [38;2;66;74;105m[48;2;41;44;52m█[38;2;56;63;90m█[38;2;47;53;75m▓[38;2;38;42;60m▓[38;2;29;32;46m▒[39m   [38;2;93;95;186m⣾[38;2;99;106;215m⣿[38;2;101;110;223m⣿[38;2;98;105;210m⣿[38;2;94;97;191m⣿[38;2;90;90;174m⣿[38;2;87;86;165m⠿[38;2;86;86;163m⠿[38;2;87;87;165m⠿[38;2;87;87;166m⠿[38;2;87;86;164m⠿⠿[38;2;87;87;165m⠿[38;2;87;86;164m⠿[38;2;85;85;161m⠟[38;2;85;84;158m⠛[38;2;88;88;169m⢻[38;2;100;108;219m⣿[38;2;91;142;250m⣿[38;2;83;160;255m⣿[38;2;92;142;249m⣿[38;2;99;107;217m⣿[39m         [38;2;85;85;160m⣰[38;2;87;87;166m⣾[38;2;89;89;171m⣿[38;2;90;90;175m⣿[38;2;90;91;176m⣿⡿[38;2;89;90;172m⠛[39m               [38;2;84;83;155m⢠[38;2;87;86;164m⣾[38;2;89;89;171m⣿[38;2;90;90;174m⣿[38;2;90;91;175m⣿[38;2;90;90;174m⣿[38;2;89;89;171m⠿[38;2;87;87;166m⠛[38;2;86;86;164m⠛[38;2;87;87;166m⠛[38;2;91;91;176m⢻[38;2;96;100;199m⣿[38;2;99;107;217m⣿[38;2;100;109;222m⣿[38;2;98;105;212m⣿[38;2;95;99;197m⡿[38;2;93;94;184m⠟[38;2;89;89;171m⠋[39m  [38;2;83;82;153m⠉[38;2;86;85;161m⢹[38;2;87;87;167m⣿[38;2;88;88;168m⣿[38;2;86;86;163m⠿[38;2;83;82;154m⠟[39m [38;2;80;78;144m⠙[38;2;81;79;145m⠿[38;2;81;79;147m⠿[38;2;81;80;148m⣿⣿⣦[39m   [38;2;84;84;157m⢠[38;2;87;87;165m⣾[38;2;87;87;166m⣿[38;2;84;84;157m⡟[39m             [38;2;85;84;160m⠸[38;2;92;93;181m⢿[38;2;96;100;198m⣿[38;2;97;103;206m⣿[38;2;98;105;212m⣿[38;2;100;108;220m⣿[38;2;101;110;225m⣿[38;2;100;109;221m⣿[38;2;98;104;209m⣿[38;2;95;99;196m⣿[38;2;94;96;189m⣿[38;2;95;98;194m⣿[38;2;97;103;206m⣿[38;2;99;106;214m⣿[38;2;97;102;205m⣿[38;2;93;94;184m⡿[38;2;86;86;164m⠃[39m      [38;2;89;89;172m⣿[38;2;91;92;179m⣿[38;2;90;90;173m⡿[38;2;86;86;163m⠋[38;2;84;84;157m⠉[38;2;86;85;161m⠹[38;2;88;89;170m⣿[38;2;89;89;171m⣿[38;2;85;84;159m⡄[39m   [38;2;29;32;46m▒[38;2;38;42;60m▓[38;2;47;53;75m▓[38;2;56;63;90m█[38;2;66;74;105m█[39m[48;2;37;41;49m                  
                  [38;2;66;74;105m[48;2;41;44;52m█[38;2;56;63;90m█[38;2;47;53;75m▓[38;2;38;42;60m▓[38;2;29;32;46m▒[39m   [38;2;95;98;193m⣿[38;2;98;104;208m⣿[38;2;95;99;196m⣿[38;2;89;89;172m⠏[39m             [38;2;95;98;193m⢸[38;2;99;127;245m⣿[38;2;84;156;254m⣿[38;2;85;155;253m⣿[38;2;98;130;246m⣿[38;2;99;106;215m⣷[38;2;93;94;185m⣦[38;2;89;89;171m⣀[38;2;87;86;164m⡀[38;2;87;87;165m⣀[38;2;88;88;168m⣴[38;2;89;89;172m⣶⣾[38;2;88;88;170m⣿[38;2;88;88;169m⣿⣿[38;2;89;90;173m⣿[38;2;89;89;172m⣿[38;2;86;86;163m⡿[39m             [38;2;88;88;169m⣤[38;2;90;90;174m⣴[38;2;89;89;171m⣶[38;2;87;87;166m⣿[38;2;86;86;163m⣿[38;2;87;87;165m⣿[38;2;87;87;166m⡿[38;2;86;86;164m⠏[39m      [38;2;87;87;166m⢸[38;2;95;98;195m⣿[38;2;98;104;208m⣿[38;2;96;100;198m⣿[38;2;89;89;170m⠇[39m       [38;2;83;81;152m⣿[38;2;82;81;150m⡇[39m       [38;2;81;79;146m⠙[38;2;82;81;150m⢻[38;2;84;83;157m⣿[38;2;87;86;165m⣷[38;2;90;91;176m⣾[38;2;92;93;181m⣿[38;2;91;91;176m⣿[38;2;85;85;160m⡇[39m                [38;2;89;89;171m⢹[38;2;94;97;190m⣿[38;2;98;104;208m⣿[38;2;101;110;224m⣿[38;2;102;113;232m⣿[38;2;102;112;228m⣿[38;2;99;107;217m⣿[38;2;97;102;204m⣿[38;2;96;100;199m⣿[38;2;97;103;205m⣿[38;2;98;105;211m⣿[38;2;96;101;202m⣿[38;2;90;91;176m⠇[39m        [38;2;87;86;164m⣿[38;2;87;87;166m⣿[39m    [38;2;91;92;178m⢸[38;2;95;99;197m⣿[38;2;94;96;189m⣿[39m   [38;2;29;32;46m▒[38;2;38;42;60m▓[38;2;47;53;75m▓[38;2;56;63;90m█[38;2;66;74;105m█[39m[48;2;37;41;49m                  
                  [38;2;66;74;105m[48;2;41;44;52m█[38;2;56;63;90m█[38;2;47;53;75m▓[38;2;38;42;60m▓[38;2;29;32;46m▒[39m  [38;2;87;86;164m⢸[38;2;96;100;199m⣿[38;2;97;103;207m⣿[38;2;93;94;183m⡏[39m               [38;2;96;101;200m⠹[38;2;103;121;244m⣿[38;2;95;135;248m⣿[38;2;99;128;245m⣿[38;2;102;113;231m⣿[38;2;98;104;210m⣿[38;2;96;100;198m⣿[38;2;94;97;190m⣿[38;2;93;95;187m⣿[38;2;93;94;184m⣿[38;2;92;93;181m⣿[38;2;90;90;175m⣿[38;2;88;88;168m⡿[38;2;86;85;162m⠟[38;2;85;84;159m⠛[38;2;86;85;162m⢻[38;2;85;85;160m⣿[38;2;83;81;152m⣿[39m           [38;2;93;95;186m⣰[38;2;97;102;205m⣿[38;2;98;105;211m⣿[38;2;96;100;199m⣿[38;2;92;93;181m⣿[38;2;87;87;166m⡿[38;2;84;83;156m⠟[39m         [38;2;91;92;179m⣼[38;2;95;99;197m⣿[38;2;94;97;191m⣿[38;2;89;89;170m⡇[39m       [38;2;80;78;144m⢸[38;2;81;80;147m⣿[39m          [38;2;84;83;156m⠹[38;2;90;91;175m⣿[38;2;97;103;205m⣿[38;2;100;108;219m⣿[38;2;97;103;205m⣿[39m                  [38;2;84;84;157m⠈[38;2;89;90;172m⠙[38;2;94;97;192m⠻[38;2;97;102;205m⠿[38;2;97;102;204m⠿[38;2;95;98;195m⠿[38;2;93;94;184m⠿[38;2;93;95;187m⢿[38;2;96;101;201m⣿[38;2;97;102;204m⣿[38;2;93;95;185m⣿[39m        [38;2;86;85;162m⢸[38;2;89;89;171m⣿[38;2;87;87;166m⣿[39m    [38;2;92;93;180m⢸[38;2;99;106;215m⣿[38;2;99;106;213m⣿[38;2;91;92;179m⡇[39m  [38;2;29;32;46m▒[38;2;38;42;60m▓[38;2;47;53;75m▓[38;2;56;63;90m█[38;2;66;74;105m█[39m[48;2;37;41;49m                  
                  [38;2;66;74;105m[48;2;41;44;52m█[38;2;56;63;90m█[38;2;47;53;75m▓[38;2;38;42;60m▓[38;2;29;32;46m▒[39m  [38;2;86;86;164m⢸[38;2;96;100;198m⣿[38;2;98;104;208m⣿[38;2;93;95;185m⡇[39m                 [38;2;95;99;196m⠻[38;2;99;106;214m⢿[38;2;99;107;215m⣿[38;2;97;103;205m⣿[38;2;95;99;195m⣿[38;2;94;96;189m⣿[38;2;93;95;186m⣿[38;2;92;93;181m⣿[38;2;90;90;173m⡟[39m     [38;2;83;82;152m⣿[38;2;81;80;147m⡇[39m        [38;2;90;90;174m⢠[38;2;94;96;190m⣶[38;2;97;102;204m⣿[38;2;99;107;216m⣿[38;2;100;109;220m⣿[38;2;99;106;214m⣿[38;2;95;98;193m⣿[38;2;88;89;170m⠟[39m         [38;2;89;89;171m⢠[38;2;94;97;192m⣾[38;2;96;101;202m⣿[38;2;96;100;198m⣿[38;2;91;92;178m⣿[39m         [38;2;80;78;144m⡏[39m           [38;2;88;88;169m⢸[38;2;98;104;208m⣿[38;2;104;117;241m⣿[38;2;101;124;244m⣿[38;2;102;113;232m⣷[38;2;95;99;196m⡄[39m                       [38;2;89;89;170m⢸[38;2;96;101;201m⣿[38;2;98;105;210m⣿[38;2;94;97;191m⣿[39m       [38;2;85;84;159m⢠[38;2;90;91;176m⣿[38;2;91;92;178m⣿[38;2;87;87;165m⡿[39m    [38;2;91;91;177m⢸[38;2;99;106;213m⣿[38;2;99;106;214m⣿[38;2;92;93;182m⡇[39m  [38;2;29;32;46m▒[38;2;38;42;60m▓[38;2;47;53;75m▓[38;2;56;63;90m█[38;2;66;74;105m█[39m[48;2;37;41;49m                  
                  [38;2;66;74;105m[48;2;41;44;52m█[38;2;56;63;90m█[38;2;47;53;75m▓[38;2;38;42;60m▓[38;2;29;32;46m▒[39m   [38;2;93;94;184m⣿[38;2;97;102;204m⣿[38;2;96;101;201m⣿[38;2;92;93;180m⣆[39m   [38;2;83;81;152m⢸[38;2;82;81;150m⣧[39m             [38;2;86;85;161m⠋[39m   [38;2;85;84;159m⠈[38;2;83;82;154m⠛[39m      [38;2;80;78;144m⢻[39m    [38;2;89;89;172m⢀[38;2;94;96;188m⣴[38;2;95;99;197m⣶[38;2;96;101;201m⣿[38;2;96;101;200m⣿[38;2;96;101;201m⣿[38;2;98;104;209m⣿[38;2;99;107;217m⣿[38;2;101;110;225m⣿[38;2;100;109;221m⣿[38;2;97;103;205m⡏[39m         [38;2;87;87;167m⢠[38;2;92;93;182m⣾[38;2;96;100;198m⣿[38;2;97;103;207m⣿[38;2;97;102;203m⣿[38;2;94;97;191m⣿[38;2;90;91;176m⣷[38;2;88;88;168m⣦[38;2;87;87;166m⡀[39m       [38;2;85;84;159m⡇[39m            [38;2;95;99;197m⣿[38;2;103;115;235m⣿[38;2;97;132;247m⣿[38;2;96;134;247m⣿[38;2;102;122;244m⣿[38;2;100;109;221m⣿[38;2;95;99;196m⣷[38;2;90;91;176m⣄[39m                    [38;2;91;91;177m⢸[38;2;98;105;210m⣿[38;2;100;108;219m⣿[38;2;95;99;196m⣿[38;2;87;87;165m⣿[38;2;81;80;148m⣿[38;2;80;79;145m⣿[38;2;82;80;149m⣿[38;2;85;85;160m⣿[38;2;88;88;170m⣿[38;2;90;91;176m⣿[38;2;92;93;181m⣿[38;2;93;95;187m⣿[38;2;92;93;181m⣿[38;2;87;87;165m⡇[39m    [38;2;90;90;174m⢸[38;2;95;99;197m⣿[38;2;95;98;193m⣿[38;2;88;88;169m⡇[39m  [38;2;29;32;46m▒[38;2;38;42;60m▓[38;2;47;53;75m▓[38;2;56;63;90m█[38;2;66;74;105m█[39m[48;2;37;41;49m                  
                  [38;2;66;74;105m[48;2;41;44;52m█[38;2;56;63;90m█[38;2;47;53;75m▓[38;2;38;42;60m▓[38;2;29;32;46m▒[39m   [38;2;87;87;167m⠸[38;2;94;97;191m⣿[38;2;97;102;205m⣿⣿[38;2;96;100;199m⣿[38;2;95;98;195m⣿[38;2;94;97;191m⣿[38;2;94;96;190m⣿[38;2;94;96;188m⣿[38;2;93;94;184m⣷[38;2;91;92;179m⣦[38;2;90;90;175m⣤[38;2;89;89;172m⣄[39m                [38;2;81;80;147m⣷[38;2;81;80;148m⡄[39m     [38;2;88;88;170m⢠[38;2;93;95;185m⣴[38;2;97;103;206m⣾[38;2;100;109;221m⣿[38;2;102;112;230m⣿[38;2;101;111;227m⣿[38;2;100;108;220m⣿[38;2;98;104;209m⣿[38;2;96;101;201m⣿[38;2;96;100;198m⣿[38;2;95;99;197m⣿[38;2;95;98;194m⣿[38;2;95;98;193m⣿[38;2;95;98;194m⣿[38;2;95;98;195m⣶[38;2;93;95;186m⣶[38;2;89;89;172m⣄[39m   [38;2;83;82;154m⢠[38;2;87;87;165m⣴[38;2;91;91;177m⣾[38;2;93;95;185m⣿[38;2;95;98;193m⣿[38;2;95;99;197m⣿[38;2;95;98;193m⣿[38;2;92;93;181m⣿[38;2;89;89;170m⣿[38;2;88;87;167m⣿[38;2;90;90;174m⣿[38;2;94;96;188m⣿[38;2;97;102;204m⣿[38;2;99;106;214m⣿[38;2;98;105;212m⣿[38;2;97;103;205m⣿[38;2;96;101;200m⣿[38;2;96;100;199m⣿[38;2;97;102;203m⣿[38;2;97;103;207m⣿[38;2;98;104;209m⣿[38;2;97;103;206m⣷[38;2;96;100;198m⣶[38;2;94;96;189m⣶[38;2;92;93;180m⣶[38;2;89;89;172m⣤[38;2;87;87;165m⣄[38;2;86;85;162m⣤[38;2;85;85;161m⣴[38;2;86;85;161m⣶[38;2;86;85;162m⣾[38;2;86;86;163m⣿[38;2;89;89;171m⣿[38;2;96;100;200m⣿[38;2;103;115;236m⣿[38;2;99;128;246m⣿[38;2;100;127;245m⣿[38;2;104;116;238m⣿[38;2;100;108;220m⣿[38;2;97;102;203m⣿[38;2;95;98;194m⣿[38;2;95;98;193m⣿[38;2;95;99;196m⣿⣷[38;2;94;96;190m⣶[38;2;92;92;180m⣦[38;2;88;88;168m⡀[39m             [38;2;95;99;197m⣼[38;2;100;108;219m⣿[38;2;99;107;217m⣿[38;2;95;98;193m⣿[38;2;88;88;170m⡿[38;2;84;83;157m⠇[39m [38;2;87;86;164m⢸[38;2;93;94;184m⣿[38;2;95;99;197m⣿[38;2;96;100;198m⣿[38;2;94;96;189m⣿[38;2;92;93;182m⣿[38;2;91;92;179m⣿[38;2;90;91;175m⣷[38;2;89;89;171m⣦[38;2;88;88;168m⣤[38;2;87;87;165m⣤[38;2;88;87;167m⣴[38;2;89;90;173m⣿[38;2;90;90;175m⣿[38;2;87;87;165m⡿[39m   [38;2;29;32;46m▒[38;2;38;42;60m▓[38;2;47;53;75m▓[38;2;56;63;90m█[38;2;66;74;105m█[39m[48;2;37;41;49m                  
                  [38;2;66;74;105m[48;2;41;44;52m█[38;2;56;63;90m█[38;2;47;53;75m▓[38;2;38;42;60m▓[38;2;29;32;46m▒[39m    [38;2;88;88;169m⢸[38;2;94;96;188m⣿[38;2;96;101;201m⣿[38;2;97;102;205m⣿[38;2;97;102;204m⣿[38;2;96;101;201m⣿⣿[38;2;97;102;203m⣿[38;2;97;102;204m⣿⣿[38;2;97;103;205m⣿[38;2;98;105;211m⣿[38;2;99;107;215m⣿[38;2;98;105;211m⣿[38;2;95;99;197m⣷[38;2;91;92;179m⣦[38;2;87;86;164m⣄[39m           [38;2;89;90;172m⣿[38;2;91;92;178m⣿[38;2;91;92;177m⣿[38;2;90;91;175m⣿[38;2;91;91;177m⣿[38;2;92;92;180m⣿[38;2;93;95;186m⣿[38;2;95;98;193m⣿[38;2;97;102;203m⣿[38;2;99;107;217m⣿[38;2;101;111;226m⣿[38;2;102;112;228m⣿[38;2;100;108;220m⣿[38;2;97;102;204m⣿[38;2;93;94;184m⠿[38;2;87;87;166m⠋[39m [38;2;83;82;154m⠈[38;2;86;85;161m⠹[38;2;90;90;175m⢿[38;2;94;97;190m⣿[38;2;96;101;200m⣿[38;2;95;99;197m⣿[38;2;93;94;184m⣿[38;2;88;88;170m⣿[38;2;85;84;158m⣿[38;2;83;82;154m⣿[38;2;85;84;159m⣿[38;2;88;88;169m⣿[38;2;91;92;178m⣿[38;2;92;92;180m⣿[38;2;91;91;177m⡿[38;2;87;87;167m⠏[39m    [38;2;88;87;167m⠻[38;2;93;95;186m⢿[38;2;97;103;205m⣿[38;2;99;107;217m⣿[38;2;99;107;216m⣿[38;2;98;105;210m⣿[38;2;97;103;206m⣿⣿[38;2;98;105;211m⣿[38;2;100;108;218m⣿[38;2;101;110;224m⣿[38;2;101;110;223m⣿[38;2;99;106;214m⣿[38;2;97;102;203m⣿[38;2;94;97;192m⣿[38;2;93;94;183m⣿[38;2;90;90;174m⣿[38;2;88;88;168m⣿[38;2;87;87;165m⣿[38;2;86;86;163m⣿[38;2;86;85;161m⣿[38;2;85;84;158m⡿[38;2;83;82;154m⠏[39m [38;2;89;89;171m⠙[38;2;95;98;193m⠿[38;2;98;104;209m⢿[38;2;99;106;214m⣿[38;2;98;104;209m⣿[38;2;96;100;200m⣿[38;2;95;99;195m⣿[38;2;96;100;198m⣿[38;2;97;103;206m⣿[38;2;98;104;210m⣿[38;2;98;104;209m⣿[38;2;97;102;205m⣿[38;2;96;100;199m⣿[38;2;94;97;192m⣿[38;2;92;93;182m⣶[38;2;90;90;175m⣶[38;2;89;89;170m⣦[38;2;87;87;167m⣤[38;2;86;85;162m⣄[39m    [38;2;87;87;165m⢀[38;2;90;90;174m⣰[38;2;95;98;194m⣾[38;2;99;106;213m⣿[38;2;99;106;215m⣿[38;2;96;100;200m⣿[38;2;91;92;178m⣿[38;2;87;86;165m⣿[38;2;84;84;157m⣷⣶[38;2;88;88;169m⣾[38;2;94;96;188m⣿[38;2;95;99;196m⣿[38;2;94;97;191m⣿[38;2;90;91;176m⣿[38;2;87;87;166m⣿⣿[38;2;89;89;172m⣿[38;2;91;91;177m⣿[38;2;90;91;176m⣿[38;2;89;89;172m⣿[38;2;88;88;168m⣿[38;2;86;86;163m⣿[38;2;84;83;156m⠏[39m    [38;2;29;32;46m▒[38;2;38;42;60m▓[38;2;47;53;75m▓[38;2;56;63;90m█[38;2;66;74;105m█[39m[48;2;37;41;49m                  
                  [38;2;66;74;105m[48;2;41;44;52m█[38;2;56;63;90m█[38;2;47;53;75m▓[38;2;38;42;60m▓[38;2;29;32;46m▒[39m   [38;2;80;78;142m⣀[38;2;81;80;147m⠙[38;2;84;83;157m⠛[38;2;88;88;168m⠻[38;2;91;92;178m⠿[38;2;93;94;184m⠿[38;2;93;95;186m⠿[38;2;94;96;188m⠿[38;2;95;98;193m⢿[38;2;95;99;196m⣿[38;2;96;100;199m⣿[38;2;96;101;202m⣿[38;2;98;105;210m⣿[38;2;100;108;218m⣿[38;2;99;107;216m⣿[38;2;97;103;206m⣿[38;2;94;97;191m⣿[38;2;92;92;179m⣿[38;2;90;90;174m⣿[38;2;89;90;173m⣿[38;2;89;89;172m⣿[38;2;89;89;170m⣷[38;2;87;87;166m⣶[38;2;86;86;164m⣶⣤[38;2;87;86;165m⣶[38;2;88;88;168m⣶[38;2;89;90;172m⣾[38;2;92;92;180m⣿[38;2;94;96;188m⣿[38;2;94;97;191m⣿[38;2;94;96;190m⣿[38;2;93;94;185m⣿[38;2;93;94;183m⣿[38;2;93;94;184m⣿[38;2;93;95;187m⣿[38;2;94;97;191m⣿[38;2;95;98;195m⣿[38;2;95;99;197m⡿[38;2;95;98;193m⠟[38;2;93;94;183m⠛[38;2;88;88;169m⠁[39m       [38;2;88;89;170m⠘[38;2;93;94;184m⠻[38;2;93;95;187m⠿[38;2;91;92;179m⠿[38;2;87;87;167m⠿[38;2;84;83;156m⠿[38;2;83;81;151m⠋[38;2;83;82;154m⠉[38;2;85;84;158m⠉[39m           [38;2;93;95;185m⠛[38;2;94;96;188m⠛[38;2;93;94;185m⠛[38;2;93;94;183m⠻[38;2;93;94;185m⠿[38;2;94;97;192m⠿[38;2;96;101;201m⢿[38;2;98;104;209m⣿⣿[38;2;96;101;202m⡿[38;2;95;98;193m⠿[38;2;93;94;184m⠿[38;2;91;91;177m⠿[38;2;88;88;169m⠿[38;2;86;86;162m⠛[38;2;84;83;157m⠋[39m           [38;2;88;88;169m⠈[38;2;91;91;177m⠛[38;2;94;96;188m⠿[38;2;95;99;196m⠿[38;2;96;100;199m⣿⣿[38;2;96;100;198m⣿[38;2;95;98;194m⣿[38;2;94;96;188m⣿[38;2;92;93;182m⣿[38;2;92;93;181m⣿[38;2;92;92;180m⣿[38;2;91;91;176m⣿[38;2;89;90;172m⣿[38;2;90;90;174m⣿[38;2;91;92;179m⣿[38;2;93;94;183m⣿[38;2;93;95;185m⣿[38;2;94;96;189m⣿[38;2;96;100;199m⣿[38;2;96;101;201m⣿[38;2;94;96;189m⣿[38;2;88;88;170m⡿[38;2;84;84;158m⠟[38;2;83;82;153m⠿[38;2;83;81;151m⠿[38;2;83;82;153m⣿[38;2;86;85;162m⣿[38;2;89;90;172m⣿[38;2;90;90;173m⡿[38;2;87;86;164m⠏[39m   [38;2;85;85;160m⠘[38;2;88;88;168m⠻[38;2;88;88;169m⠿[38;2;87;86;164m⠟[38;2;84;83;156m⠋[39m      [38;2;29;32;46m▒[38;2;38;42;60m▓[38;2;47;53;75m▓[38;2;56;63;90m█[38;2;66;74;105m█[39m[48;2;37;41;49m                  
                  [38;2;66;74;105m[48;2;41;44;52m█[38;2;56;63;90m█[38;2;47;53;75m▓[38;2;38;42;60m▓[38;2;29;32;46m▒[39m  [38;2;78;76;138m⠘[39m            [38;2;90;91;176m⠈[38;2;93;95;186m⠙[38;2;94;97;191m⠻[38;2;94;96;189m⠿[38;2;92;93;181m⠿[38;2;90;91;175m⢿[38;2;89;89;172m⣿⣿⣿[38;2;89;89;171m⣿[38;2;88;88;168m⣿[38;2;87;87;166m⣿[38;2;87;87;167m⣿[38;2;88;88;167m⣿[38;2;88;89;170m⣿[38;2;89;90;172m⣿[38;2;91;91;176m⣿[38;2;92;93;180m⣿[38;2;92;93;181m⣿[38;2;91;92;179m⡿[38;2;90;90;173m⠿[38;2;89;89;171m⠿[38;2;88;88;169m⠟[38;2;87;87;166m⠛[39m                                                                   [38;2;89;89;170m⠈[38;2;89;89;172m⠛⠿[38;2;90;90;174m⠿[38;2;90;90;175m⠿[38;2;89;90;173m⠿[38;2;89;89;170m⠿[38;2;89;89;172m⢿[38;2;91;92;178m⣿[38;2;92;93;182m⣿⣿[38;2;92;93;181m⣿[38;2;91;92;178m⠿[38;2;88;88;170m⠟[39m                        [38;2;29;32;46m▒[38;2;38;42;60m▓[38;2;47;53;75m▓[38;2;56;63;90m█[38;2;66;74;105m█[39m[48;2;37;41;49m                  
                  [38;2;66;74;105m[48;2;41;44;52m█[38;2;56;63;90m█[38;2;47;53;75m▓[38;2;38;42;60m▓[38;2;29;32;46m▒[39m                         [38;2;89;89;170m⠉[39m [38;2;89;89;171m⠈⠁[39m                                                                                                                 [38;2;79;77;141m⠘[39m [38;2;29;32;46m▒[38;2;38;42;60m▓[38;2;47;53;75m▓[38;2;56;63;90m█[38;2;66;74;105m█[39m[48;2;37;41;49m                  
                  [38;2;66;74;105m[48;2;41;44;52m█[38;2;56;63;90m█[38;2;47;53;75m▓[38;2;42;48;68m▓▓▓▓▓▓▓▓▓▓▓▓▓▓▓▓▓▓▓▓▓▓▓▓▓▓▓▓▓▓▓▓▓▓▓▓▓▓▓▓▓▓▓▓▓▓▓▓▓▓▓▓▓▓▓▓▓▓▓▓▓▓▓▓▓▓▓▓▓▓▓▓▓▓▓▓▓▓▓▓▓▓▓▓▓▓▓▓▓▓▓▓▓▓▓▓▓▓▓▓▓▓▓▓▓▓▓▓▓▓▓▓▓▓▓▓▓▓▓▓▓▓▓▓▓▓▓▓▓▓▓▓▓▓▓▓▓▓▓▓▓▓▓▓▓▓▓▓[38;2;47;53;75m▓[38;2;56;63;90m█[38;2;66;74;105m█[39m[48;2;37;41;49m                  
                  [38;2;66;74;105m[48;2;41;44;52m██████████████████████████████████████████████████████████████████████████████████████████████████████████████████████████████████████████████████████████[39m[48;2;37;41;49m                  
                                                                                                                                                                                              
                                                                                                                                                                                              
