[48;2;37;41;49m                                                                                                
                                                                                                
             [38;2;66;74;105m[48;2;41;44;52m██████████████████████████████████████████████████████████████████████[39m[48;2;37;41;49m             
             [38;2;66;74;105m[48;2;41;44;52m█[38;2;56;63;90m█[38;2;47;53;75m▓[38;2;42;48;68m▓▓▓▓▓▓▓▓▓▓▓▓▓▓▓▓▓▓▓▓▓▓▓▓▓▓▓▓▓▓▓▓▓▓▓▓▓▓▓▓▓▓▓▓▓▓▓▓▓▓▓▓▓▓▓▓▓▓▓▓▓▓▓▓[38;2;47;53;75m▓[38;2;56;63;90m█[38;2;66;74;105m█[39m[48;2;37;41;49m             
             [38;2;66;74;105m[48;2;41;44;52m█[38;2;56;63;90m█[38;2;47;53;75m▓[38;2;38;42;60m▓[38;2;29;32;46m▒[38;2;90;90;174m⣷[38;2;87;87;166m⣦[39m    [38;2;86;85;161m⢠[38;2;84;83;157m⣄[39m [38;2;85;84;159m⣰[38;2;88;88;168m⣶[38;2;87;87;166m⣦[38;2;84;83;155m⣤[38;2;85;85;160m⣶[38;2;87;87;166m⣷⣶[38;2;84;83;157m⣀[39m [38;2;84;84;157m⣀[38;2;86;85;162m⣾[38;2;88;88;167m⣿[38;2;89;89;172m⣿[38;2;89;89;170m⣿[38;2;88;88;168m⣶[38;2;86;85;162m⣄[38;2;85;85;160m⣤[38;2;85;84;159m⣴[38;2;86;86;163m⣶[38;2;88;88;169m⣶[38;2;87;87;166m⣦[38;2;86;85;161m⡄[39m [38;2;86;86;163m⣄[38;2;86;85;162m⣴[38;2;86;86;162m⣿[38;2;88;87;167m⣶[39m  [38;2;85;84;159m⣶[38;2;85;85;161m⣷[39m  [38;2;86;86;163m⣾[38;2;86;85;162m⣷[38;2;84;83;156m⣤[38;2;86;85;162m⣴[38;2;87;87;167m⣿⣦[39m  [38;2;85;85;160m⣰[38;2;84;83;155m⣄[39m  [38;2;87;87;166m⡀[39m [38;2;88;87;167m⣠[38;2;90;90;173m⣶[38;2;88;88;169m⣶[39m [38;2;29;32;46m▒[38;2;38;42;60m▓[38;2;47;53;75m▓[38;2;56;63;90m█[38;2;66;74;105m█[39m[48;2;37;41;49m             
             [38;2;66;74;105m[48;2;41;44;52m█[38;2;56;63;90m█[38;2;47;53;75m▓[38;2;38;42;60m▓[38;2;29;32;46m▒[38;2;88;88;169m⢸[38;2;86;85;162m⣿[38;2;85;85;160m⣧[38;2;84;84;157m⣼⣿[38;2;85;85;161m⣿[38;2;86;86;162m⣿[38;2;87;87;167m⣿[39m [38;2;87;87;167m⢸[38;2;88;88;168m⣿[38;2;86;86;163m⣿[38;2;83;82;153m⠃[38;2;84;84;157m⠘[38;2;86;86;163m⣿⡿[38;2;85;84;158m⢿[38;2;84;83;155m⣿[38;2;84;84;157m⣿[38;2;85;85;160m⣿[38;2;86;86;163m⣿[38;2;87;87;166m⢿[38;2;86;86;162m⣿[38;2;85;85;160m⠿[38;2;84;83;157m⢿[38;2;84;83;155m⣿[38;2;84;83;156m⡿[38;2;85;85;161m⠻[38;2;87;87;165m⢿[38;2;86;85;161m⣿[38;2;84;84;157m⠟[38;2;86;86;163m⣿[38;2;87;86;164m⣿[38;2;86;86;162m⠏[38;2;86;85;161m⠹[38;2;88;88;168m⣿[38;2;88;89;170m⣿[38;2;87;86;164m⣆[38;2;86;85;162m⠸[38;2;85;84;159m⣿[38;2;84;83;156m⣿[38;2;85;84;158m⣿[38;2;85;85;160m⣿[38;2;86;85;162m⠟[38;2;85;84;159m⠙[38;2;87;86;164m⠻[38;2;87;87;166m⢿⣿[38;2;87;87;165m⣿[38;2;86;86;163m⣿[38;2;84;83;156m⣿[38;2;82;80;149m⠿[38;2;83;82;153m⢿[38;2;86;86;162m⣿[38;2;87;87;165m⣿[38;2;86;85;162m⣿[38;2;86;86;163m⡿[38;2;88;88;168m⣿[38;2;87;86;164m⣿[39m [38;2;29;32;46m▒[38;2;38;42;60m▓[38;2;47;53;75m▓[38;2;56;63;90m█[38;2;66;74;105m█[39m[48;2;37;41;49m             
             [38;2;66;74;105m[48;2;41;44;52m█[38;2;56;63;90m█[38;2;47;53;75m▓[38;2;38;42;60m▓[38;2;29;32;46m▒[38;2;87;87;166m⢸[38;2;85;85;160m⣿[39m [38;2;88;88;168m⢻[38;2;88;88;169m⡿[39m [38;2;87;87;166m⢸[38;2;89;89;172m⣿⣿[38;2;88;88;170m⣿[38;2;88;87;167m⣿[38;2;87;87;165m⣷[39m  [38;2;83;82;154m⣿[38;2;86;86;162m⣧[38;2;88;88;168m⢸[38;2;87;87;166m⣿[38;2;86;85;161m⡇[38;2;84;83;156m⠸⣿⠏[39m [38;2;85;85;160m⢠⡀[39m [38;2;83;82;154m⡸[38;2;87;87;165m⣷[38;2;89;89;171m⣾[38;2;87;87;165m⣇[39m [38;2;87;87;167m⣸[38;2;88;88;169m⣿[38;2;86;86;164m⡆[38;2;84;83;156m⣰[38;2;86;86;164m⣿[38;2;88;88;169m⣿[38;2;87;87;165m⣿[38;2;85;84;159m⣿[38;2;84;83;155m⠟[38;2;84;83;157m⠋[38;2;86;86;164m⢰⣿[38;2;87;87;165m⣤[38;2;88;88;168m⣶[38;2;88;88;169m⣿[38;2;86;86;164m⡿[38;2;85;84;158m⠻[38;2;87;87;165m⣿[38;2;88;88;169m⣿[39m   [38;2;89;90;173m⣿[38;2;90;90;174m⡿[39m [38;2;89;89;172m⣰[38;2;91;92;178m⣿[38;2;88;88;170m⡇[39m [38;2;29;32;46m▒[38;2;38;42;60m▓[38;2;47;53;75m▓[38;2;56;63;90m█[38;2;66;74;105m█[39m[48;2;37;41;49m             
             [38;2;66;74;105m[48;2;41;44;52m█[38;2;56;63;90m█[38;2;47;53;75m▓[38;2;38;42;60m▓[38;2;29;32;46m▒[39m   [38;2;88;88;168m⣿[38;2;88;89;170m⣿[38;2;87;87;166m⣆[38;2;86;86;163m⠘[38;2;89;89;170m⢿[38;2;89;90;172m⣿[38;2;87;87;165m⣿[38;2;84;83;157m⡟[38;2;85;85;160m⢻[38;2;85;84;159m⣿[38;2;85;84;158m⡇[39m  [38;2;88;89;170m⣿[38;2;87;86;165m⣿[39m [38;2;85;84;159m⢰[38;2;85;85;161m⡟[39m [38;2;85;85;160m⣰[38;2;86;85;162m⣿[38;2;84;84;157m⡿[39m  [38;2;88;88;168m⣿[38;2;89;89;171m⣿[38;2;85;85;160m⡟[39m [38;2;87;87;166m⢸[38;2;88;88;169m⣿[38;2;86;85;161m⡟[38;2;82;80;149m⠛[39m  [38;2;88;88;168m⣿[39m   [38;2;86;85;161m⣿⣿⠿[38;2;88;88;168m⣿[38;2;88;88;169m⣿[39m   [38;2;86;86;163m⣿[38;2;85;85;160m⣿[38;2;83;82;153m⣆[38;2;85;84;159m⢸[38;2;87;86;165m⣿[38;2;87;86;164m⣇[38;2;84;83;157m⣰[38;2;86;85;161m⣿[38;2;87;87;167m⣿[38;2;85;85;161m⣿[39m [38;2;29;32;46m▒[38;2;38;42;60m▓[38;2;47;53;75m▓[38;2;56;63;90m█[38;2;66;74;105m█[39m[48;2;37;41;49m             
             [38;2;66;74;105m[48;2;41;44;52m█[38;2;56;63;90m█[38;2;47;53;75m▓[38;2;38;42;60m▓[38;2;29;32;46m▒[39m [38;2;86;86;163m⣿[38;2;88;88;168m⣿[38;2;88;87;167m⢿[38;2;87;87;167m⣿[38;2;86;86;163m⣿[38;2;84;83;156m⣿[38;2;84;84;157m⣿[38;2;86;85;161m⡿[38;2;85;84;158m⠋[39m  [38;2;86;86;163m⣿[38;2;86;85;162m⡿[38;2;84;83;157m⢿[38;2;86;85;161m⣿[38;2;87;87;165m⡿[38;2;86;85;161m⠋⢸[38;2;85;85;161m⣿[38;2;85;85;160m⣿[38;2;84;83;155m⣿[38;2;85;85;160m⣿[38;2;88;88;169m⣿[38;2;89;89;171m⣷[38;2;87;87;165m⣦[38;2;86;86;164m⣰[38;2;87;87;167m⣿[38;2;87;87;166m⡿[38;2;85;85;160m⠇[38;2;87;87;165m⢠[38;2;90;90;175m⣾[38;2;90;90;174m⣿[38;2;86;86;163m⣇[38;2;83;81;152m⣀[39m [38;2;85;85;160m⢸[38;2;86;85;162m⣿[38;2;84;84;158m⣿[39m [38;2;86;85;161m⢰[38;2;89;89;170m⣿[38;2;88;88;168m⡇[39m [38;2;87;87;166m⢸[38;2;87;86;165m⣿[38;2;84;83;155m⣧[38;2;82;80;149m⣴[38;2;85;84;159m⣾[38;2;88;88;169m⡿⢿[38;2;86;85;162m⣿[39m [38;2;86;86;163m⢻[38;2;85;85;161m⣿[38;2;83;82;154m⡏[39m [38;2;88;88;168m⠸[38;2;87;86;165m⣿[39m [38;2;29;32;46m▒[38;2;38;42;60m▓[38;2;47;53;75m▓[38;2;56;63;90m█[38;2;66;74;105m█[39m[48;2;37;41;49m             
             [38;2;66;74;105m[48;2;41;44;52m█[38;2;56;63;90m█[38;2;47;53;75m▓[38;2;38;42;60m▓[38;2;29;32;46m▒[38;2;87;87;166m⢸[38;2;87;87;165m⣿[38;2;87;87;166m⣿[39m [38;2;86;86;163m⢸[38;2;87;86;164m⡇[39m  [38;2;88;88;168m⣷[38;2;87;87;166m⣶[38;2;84;83;157m⣤[38;2;84;83;155m⣤[38;2;86;86;164m⣾[38;2;88;88;167m⣿[38;2;86;86;163m⡿[38;2;84;84;157m⠉[39m [38;2;83;82;154m⢀[38;2;85;85;160m⣼[38;2;86;86;162m⣿[39m   [38;2;87;86;164m⠹[38;2;87;87;166m⣿[38;2;87;87;165m⣿[38;2;86;85;161m⣿[38;2;84;83;156m⠟[39m  [38;2;88;87;167m⣿[38;2;90;90;174m⣿⣿[38;2;87;87;166m⢰[38;2;85;85;160m⣿[38;2;85;84;159m⡟[38;2;86;86;162m⢻[38;2;86;86;164m⣿[39m  [38;2;85;85;160m⢿[38;2;87;87;166m⣿⣿[38;2;86;85;162m⣠[38;2;86;86;164m⣿[38;2;85;85;160m⡏[39m  [38;2;88;88;169m⣿[38;2;90;90;174m⣿[38;2;88;88;169m⣿[38;2;85;84;159m⣿[38;2;84;83;155m⣿⣿⡿[39m  [38;2;86;86;163m⣼[38;2;87;87;166m⣿[38;2;89;89;171m⡇[38;2;29;32;46m▒[38;2;38;42;60m▓[38;2;47;53;75m▓[38;2;56;63;90m█[38;2;66;74;105m█[39m[48;2;37;41;49m             
             [38;2;66;74;105m[48;2;41;44;52m█[38;2;56;63;90m█[38;2;47;53;75m▓[38;2;38;42;60m▓[38;2;29;32;46m▒[39m [38;2;85;84;158m⠿[38;2;85;84;159m⠇[39m [38;2;84;83;156m⣼[38;2;85;85;160m⣿⣶[38;2;86;86;164m⣾[38;2;89;89;170m⣿[38;2;88;88;168m⣿[38;2;84;84;157m⠟[38;2;82;81;151m⠉[38;2;85;84;159m⢻[38;2;86;86;162m⣿[38;2;84;84;157m⣧[39m [38;2;85;84;158m⢸[38;2;87;87;166m⣿[38;2;87;87;167m⣿[38;2;85;84;158m⡟[38;2;85;85;160m⢻[38;2;85;85;161m⣿[38;2;85;85;160m⡇[39m [38;2;87;87;166m⢸[38;2;88;88;169m⡇[39m  [38;2;83;82;153m⢸[38;2;85;84;158m⣿[38;2;87;87;165m⠏⠹⣿[38;2;87;86;164m⣿[38;2;87;87;166m⣿[38;2;87;87;165m⣿[39m [38;2;84;83;157m⢻[38;2;85;85;160m⣿[38;2;87;86;164m⣆[38;2;88;89;170m⡌[39m [38;2;87;86;165m⣿[38;2;86;86;164m⣿[38;2;87;86;164m⣿[38;2;85;85;160m⣿[38;2;84;84;157m⣆[38;2;88;88;168m⣴[38;2;91;92;179m⣿[38;2;91;92;178m⣿[38;2;87;86;165m⣿[38;2;83;82;153m⣿[39m  [38;2;87;87;165m⣿⣦[39m [38;2;86;86;163m⠹[38;2;87;87;165m⣿[38;2;89;89;172m⡇[38;2;29;32;46m▒[38;2;38;42;60m▓[38;2;47;53;75m▓[38;2;56;63;90m█[38;2;66;74;105m█[39m[48;2;37;41;49m             
             [38;2;66;74;105m[48;2;41;44;52m█[38;2;56;63;90m█[38;2;47;53;75m▓[38;2;38;42;60m▓[38;2;29;32;46m▒[39m [38;2;84;83;156m⢠[38;2;86;85;162m⣤[38;2;85;84;158m⣼[38;2;85;84;159m⡿[38;2;86;85;162m⢿[38;2;87;87;165m⣿[38;2;88;88;169m⣿[38;2;89;89;171m⣿[38;2;88;88;168m⣧[38;2;86;85;162m⣀[39m [38;2;86;85;162m⣼[38;2;85;85;161m⡿[38;2;84;83;156m⠋[38;2;83;82;154m⠁[38;2;87;87;167m⣿[38;2;90;90;174m⣿[38;2;88;88;168m⣿[38;2;83;82;153m⡇[38;2;85;84;159m⠘[38;2;87;86;165m⣿[38;2;86;86;162m⡿[38;2;82;81;151m⠃[38;2;83;82;154m⢻[38;2;86;85;161m⣿[38;2;85;84;158m⣧[39m [38;2;86;85;162m⣾[38;2;87;87;166m⣿[39m [38;2;86;85;162m⢸[38;2;86;86;163m⣿[38;2;86;86;164m⠏[38;2;86;85;162m⢿[38;2;85;85;160m⣿[38;2;84;83;156m⣷[38;2;83;82;153m⡾[38;2;85;84;159m⠿[38;2;87;87;167m⣿[38;2;87;87;165m⣿[38;2;85;84;158m⡿[38;2;83;81;152m⠛[38;2;85;84;158m⠻[38;2;86;85;162m⣿[38;2;85;84;158m⡟⠛[38;2;87;87;166m⢿[38;2;89;89;170m⣿[38;2;87;87;165m⡟[38;2;84;83;156m⠃[39m   [38;2;87;87;166m⣿[38;2;89;90;173m⣿[38;2;88;88;169m⣇[39m [38;2;86;86;163m⣿[39m [38;2;29;32;46m▒[38;2;38;42;60m▓[38;2;47;53;75m▓[38;2;56;63;90m█[38;2;66;74;105m█[39m[48;2;37;41;49m             
             [38;2;66;74;105m[48;2;41;44;52m█[38;2;56;63;90m█[38;2;47;53;75m▓[38;2;38;42;60m▓[38;2;29;32;46m▒[39m [38;2;85;84;158m⣿[38;2;87;86;165m⣿[38;2;87;86;164m⣿[38;2;86;86;163m⣇[39m [38;2;85;84;159m⣿⣿[38;2;84;83;157m⠿[38;2;84;83;156m⢿[38;2;85;85;160m⣿[38;2;87;86;164m⣿[38;2;89;89;171m⣿[38;2;87;87;166m⣷[38;2;85;84;159m⣄[38;2;84;83;155m⣰[38;2;87;87;166m⣿[38;2;90;91;176m⣿[38;2;90;91;175m⣧[39m  [38;2;88;88;168m⣼[38;2;88;88;167m⣧[39m  [38;2;86;86;163m⣿[38;2;86;85;161m⣿[38;2;84;83;155m⠉[38;2;85;84;159m⢻[38;2;86;85;162m⣿[38;2;86;86;163m⣿[38;2;85;85;160m⣿[38;2;86;86;164m⣿⣶[38;2;86;86;163m⣿[38;2;86;85;161m⠻[38;2;84;83;156m⣿[39m  [38;2;89;89;171m⣿[38;2;89;90;172m⣿[38;2;85;85;160m⠇[39m  [38;2;86;86;162m⣿[38;2;85;84;159m⡇[39m [38;2;87;87;165m⢸[38;2;87;87;166m⡇[39m  [38;2;85;84;159m⣾[38;2;84;84;157m⣷[38;2;84;83;156m⣤[38;2;86;86;163m⠘[38;2;89;89;172m⢻[38;2;88;89;170m⣿[38;2;87;87;165m⣿[38;2;84;83;155m⣷[39m [38;2;29;32;46m▒[38;2;38;42;60m▓[38;2;47;53;75m▓[38;2;56;63;90m█[38;2;66;74;105m█[39m[48;2;37;41;49m             
             [38;2;66;74;105m[48;2;41;44;52m█[38;2;56;63;90m█[38;2;47;53;75m▓[38;2;38;42;60m▓[38;2;29;32;46m▒[38;2;90;91;176m⢸[38;2;89;89;172m⣷[39m [38;2;87;87;166m⣿[38;2;85;85;161m⣿[38;2;83;82;154m⡿[38;2;82;80;149m⠁[39m  [38;2;86;85;161m⣰[38;2;88;88;169m⣿[38;2;88;89;170m⣿[38;2;89;89;172m⣿[38;2;87;87;165m⣿[38;2;84;84;157m⡿[39m  [38;2;86;86;163m⠹[38;2;87;86;164m⣿[38;2;85;85;161m⣿[38;2;85;84;160m⣿[38;2;86;85;162m⣿[38;2;87;87;167m⣿[38;2;86;85;162m⣷[39m  [38;2;87;87;165m⣿[39m  [38;2;87;87;166m⢳[39m [38;2;85;85;160m⠘⠿[38;2;85;85;161m⣿[38;2;86;85;162m⣿[38;2;88;87;167m⣿[38;2;87;87;165m⣧[39m [38;2;84;83;155m⣼[38;2;86;85;161m⣿[38;2;86;86;163m⣿[38;2;83;82;154m⣷[39m [38;2;85;84;159m⣾[38;2;88;88;168m⣿[38;2;87;87;166m⣇[39m [38;2;86;85;162m⣾[38;2;85;85;160m⣿[38;2;83;82;154m⡸[38;2;86;85;161m⣿[38;2;88;88;168m⣿[38;2;86;86;163m⡟[39m  [38;2;87;87;166m⣼[38;2;89;89;172m⡟[38;2;89;90;172m⠸[38;2;85;84;159m⣿[38;2;85;84;158m⡇[38;2;29;32;46m▒[38;2;38;42;60m▓[38;2;47;53;75m▓[38;2;56;63;90m█[38;2;66;74;105m█[39m[48;2;37;41;49m             
             [38;2;66;74;105m[48;2;41;44;52m█[38;2;56;63;90m█[38;2;47;53;75m▓[38;2;38;42;60m▓[38;2;29;32;46m▒[38;2;88;88;169m⣿[38;2;86;85;162m⣿[38;2;84;84;158m⡿[38;2;83;82;153m⠿[38;2;84;84;157m⠏[38;2;86;85;162m⢠[38;2;84;83;156m⣄[39m [38;2;83;82;153m⢸[38;2;88;88;168m⣿[38;2;91;91;177m⣷[38;2;90;90;174m⣶[38;2;89;89;171m⣼[38;2;88;87;167m⣿[39m  [38;2;84;83;156m⣿[38;2;85;85;160m⣦[38;2;86;85;161m⠘[38;2;86;86;163m⠿[38;2;86;85;162m⠃[39m [38;2;87;86;165m⢻[38;2;87;86;164m⣿[38;2;85;84;158m⡇[39m [38;2;85;84;159m⣿[38;2;86;85;161m⣿[38;2;85;84;159m⣿[38;2;84;83;157m⣿[38;2;85;84;158m⣿[38;2;84;83;155m⡄[39m [38;2;85;84;159m⢰[38;2;87;87;165m⣶[38;2;90;90;174m⣾[38;2;89;89;172m⣿[38;2;87;86;164m⣿[38;2;83;82;152m⡏[38;2;84;83;156m⠛[38;2;86;85;162m⣿[38;2;85;84;159m⡇[39m [38;2;86;86;164m⠘[38;2;89;89;172m⢿[38;2;89;89;171m⣿[38;2;87;86;165m⢸[38;2;86;85;161m⣿[38;2;85;85;160m⡟[39m [38;2;87;86;164m⣼[38;2;88;88;169m⣿[38;2;87;86;164m⡄[39m  [38;2;87;87;165m⣿[38;2;87;87;166m⣿[38;2;88;88;168m⣦[38;2;85;84;158m⣿[38;2;85;85;160m⡇[38;2;29;32;46m▒[38;2;38;42;60m▓[38;2;47;53;75m▓[38;2;56;63;90m█[38;2;66;74;105m█[39m[48;2;37;41;49m             
             [38;2;66;74;105m[48;2;41;44;52m█[38;2;56;63;90m█[38;2;47;53;75m▓[38;2;38;42;60m▓[38;2;29;32;46m▒[38;2;86;86;163m⠛[38;2;85;84;159m⡏[39m   [38;2;86;86;163m⢸⣿[38;2;85;84;160m⡇[39m [38;2;88;88;167m⣿[38;2;89;90;173m⣿[38;2;88;87;167m⣿[38;2;85;85;160m⠻[38;2;84;83;156m⣿[38;2;83;82;154m⣿[38;2;85;84;159m⡿[38;2;86;86;164m⣿[38;2;86;86;163m⣿[39m [38;2;83;82;154m⢸[38;2;85;84;158m⣿⡆[39m [38;2;86;85;162m⠸[38;2;86;86;162m⣿[38;2;86;85;162m⡌[38;2;87;87;166m⠙[38;2;90;90;174m⣷[38;2;89;90;173m⣾[38;2;87;86;164m⠋[38;2;85;85;161m⠹[38;2;85;84;159m⣿[38;2;83;82;154m⣿[38;2;82;81;151m⠛[38;2;85;84;158m⢿[38;2;90;90;174m⣿[38;2;90;91;175m⣿[38;2;87;87;165m⠇[39m  [38;2;87;86;164m⣼[38;2;87;87;167m⣿[38;2;85;85;160m⣦⣠[38;2;87;86;164m⣾[38;2;86;86;163m⣿[38;2;86;85;161m⡇[38;2;85;84;159m⢸[38;2;85;84;158m⡆[38;2;84;83;155m⣸[38;2;85;84;158m⣿[38;2;85;85;160m⡿[38;2;84;84;157m⢿[38;2;82;81;151m⣿[38;2;84;83;155m⣿[38;2;86;85;162m⣿[38;2;87;86;164m⣿[38;2;87;87;166m⠿[38;2;84;83;156m⣿[39m [38;2;29;32;46m▒[38;2;38;42;60m▓[38;2;47;53;75m▓[38;2;56;63;90m█[38;2;66;74;105m█[39m[48;2;37;41;49m             
             [38;2;66;74;105m[48;2;41;44;52m█[38;2;56;63;90m█[38;2;47;53;75m▓[38;2;38;42;60m▓[38;2;29;32;46m▒[39m  [38;2;86;86;163m⣼[38;2;85;84;158m⣿[38;2;85;85;160m⣧[38;2;88;89;170m⣸⣿[38;2;86;86;163m⡏[38;2;83;81;152m⠈[38;2;85;84;159m⠻[38;2;87;87;165m⠇[38;2;89;89;170m⢸[38;2;89;89;172m⣿[38;2;89;89;170m⣿[39m [38;2;85;85;160m⣿[38;2;87;87;165m⣿⣿[38;2;85;84;158m⣶[38;2;84;83;157m⠟[38;2;87;87;165m⢿[38;2;88;87;167m⣿[38;2;86;86;162m⣦[38;2;86;85;162m⣰⣿[38;2;85;84;158m⣧[38;2;84;83;156m⣴[38;2;88;88;168m⣿⣿[39m  [38;2;86;85;161m⣿⡇[39m  [38;2;88;89;170m⣿[38;2;90;91;176m⣷[38;2;88;88;169m⣦[39m [38;2;85;84;158m⢠[38;2;87;87;165m⣿[38;2;88;88;167m⣿[38;2;86;86;163m⣿[38;2;86;85;161m⣿⡿[39m  [38;2;84;83;157m⢻[38;2;85;84;159m⣿[38;2;84;84;158m⠟[39m [38;2;86;86;163m⣄[38;2;87;87;166m⣠[38;2;85;85;161m⣄[39m  [38;2;85;84;158m⢻[38;2;88;88;170m⣦[38;2;87;87;165m⣾[39m [38;2;29;32;46m▒[38;2;38;42;60m▓[38;2;47;53;75m▓[38;2;56;63;90m█[38;2;66;74;105m█[39m[48;2;37;41;49m             
             [38;2;66;74;105m[48;2;41;44;52m█[38;2;56;63;90m█[38;2;47;53;75m▓[38;2;38;42;60m▓[38;2;29;32;46m▒[39m [38;2;85;84;159m⣿[38;2;88;87;167m⣿[38;2;85;85;160m⡿[38;2;85;84;159m⠿[38;2;85;85;161m⣿[38;2;85;85;160m⣿[38;2;86;85;161m⣇⣀[39m [38;2;84;83;156m⣠[38;2;85;84;158m⣿[38;2;88;88;168m⣿[38;2;88;88;170m⣿[38;2;86;85;161m⡿[38;2;84;83;156m⠋[38;2;86;86;164m⠻[38;2;87;87;165m⣿[38;2;85;85;160m⡟[39m [38;2;88;88;168m⣼[38;2;88;88;169m⣿[38;2;86;85;161m⣿[38;2;84;83;157m⣿[38;2;84;83;156m⣿[39m  [38;2;89;89;172m⢸⣿[38;2;86;85;162m⡇[39m [38;2;85;84;159m⢸[38;2;85;85;160m⣿[38;2;84;83;157m⡄[38;2;84;83;156m⣼[38;2;86;86;163m⣿[38;2;88;88;168m⣿[38;2;86;85;162m⣿[38;2;85;84;158m⣿⣿[38;2;87;87;166m⡿[38;2;88;88;168m⠋[38;2;86;86;163m⢹[38;2;85;84;158m⣿[38;2;84;83;156m⣿[38;2;84;83;155m⣆[39m [38;2;87;86;164m⣿[38;2;87;87;165m⣿[38;2;85;84;158m⣦[38;2;84;83;157m⣾[38;2;85;84;159m⣿[38;2;86;85;161m⣿[38;2;84;84;157m⣿[38;2;83;82;152m⡆[39m [38;2;82;81;151m⢸[38;2;86;86;164m⣿[38;2;86;86;163m⣿[38;2;87;86;164m⡇[38;2;29;32;46m▒[38;2;38;42;60m▓[38;2;47;53;75m▓[38;2;56;63;90m█[38;2;66;74;105m█[39m[48;2;37;41;49m             
             [38;2;66;74;105m[48;2;41;44;52m█[38;2;56;63;90m█[38;2;47;53;75m▓[38;2;38;42;60m▓[38;2;29;32;46m▒[39m [38;2;89;89;171m⣿[39m   [38;2;87;86;164m⠸[39m  [38;2;88;88;168m⣿[38;2;87;87;165m⣿[38;2;84;83;156m⡏[39m [38;2;86;85;162m⠸[38;2;87;86;165m⣿[38;2;85;85;160m⡇[38;2;84;83;157m⢠[38;2;86;86;164m⣾[38;2;87;87;165m⣿⣆[38;2;88;87;167m⣴[38;2;89;89;170m⣿[38;2;87;86;165m⡏[39m    [38;2;84;83;156m⣿[38;2;87;87;166m⡿[38;2;88;88;168m⣿[38;2;87;87;167m⣿[38;2;86;86;163m⡄[38;2;88;88;169m⢸[38;2;88;88;168m⣿[38;2;87;86;165m⡟[38;2;85;84;158m⢻[38;2;85;85;160m⣿[39m    [38;2;87;87;166m⣿[38;2;87;87;167m⣶[38;2;86;86;163m⣷[39m [38;2;86;85;162m⠸[38;2;87;87;166m⣿[38;2;88;88;168m⣿[38;2;86;86;162m⣿[38;2;85;85;160m⡿[38;2;86;85;161m⠛[38;2;88;88;168m⢿[38;2;89;89;171m⡿[39m [38;2;86;86;164m⢸[38;2;85;85;161m⣿[38;2;85;84;159m⣦[39m  [38;2;88;88;168m⣾[38;2;88;88;170m⡇[38;2;29;32;46m▒[38;2;38;42;60m▓[38;2;47;53;75m▓[38;2;56;63;90m█[38;2;66;74;105m█[39m[48;2;37;41;49m             
             [38;2;66;74;105m[48;2;41;44;52m█[38;2;56;63;90m█[38;2;47;53;75m▓[38;2;38;42;60m▓[38;2;29;32;46m▒[38;2;88;88;169m⢸[38;2;87;87;165m⣿[38;2;87;87;167m⣿[38;2;86;85;161m⣿[38;2;85;85;161m⣿[38;2;85;84;158m⣿[38;2;83;82;153m⣿[38;2;86;86;163m⣿[38;2;90;90;175m⣿[38;2;89;89;172m⣿[38;2;84;83;157m⠇[39m    [38;2;84;83;157m⣿[38;2;85;85;160m⡿[38;2;84;84;157m⠿[38;2;85;84;159m⢿[38;2;86;86;163m⣿[38;2;86;85;162m⣿[39m  [38;2;85;85;160m⣾[38;2;85;84;159m⣷[38;2;84;83;157m⣼[38;2;85;84;158m⣿[38;2;86;86;164m⣿[38;2;87;86;164m⣿⣿[38;2;86;86;163m⣿[38;2;88;88;168m⣿[38;2;87;87;165m⣿[38;2;86;86;164m⣷[38;2;85;84;159m⣴[38;2;84;83;156m⣿[38;2;84;83;155m⡀[38;2;85;84;159m⣼[38;2;85;84;160m⣿[38;2;85;84;159m⡆[38;2;85;85;161m⢹[38;2;86;86;163m⣿[38;2;85;84;158m⡿[39m [38;2;85;84;158m⢰[38;2;88;88;169m⣿[38;2;90;90;174m⡏[39m  [38;2;88;88;168m⣴[38;2;88;88;169m⣿[38;2;86;85;162m⣿[38;2;84;83;156m⣿[38;2;84;83;155m⣿[38;2;85;84;159m⡿[38;2;86;86;164m⢿[38;2;85;85;160m⣿[38;2;86;85;162m⣿[38;2;84;83;156m⣿[38;2;85;84;158m⡇[38;2;29;32;46m▒[38;2;38;42;60m▓[38;2;47;53;75m▓[38;2;56;63;90m█[38;2;66;74;105m█[39m[48;2;37;41;49m             
             [38;2;66;74;105m[48;2;41;44;52m█[38;2;56;63;90m█[38;2;47;53;75m▓[38;2;38;42;60m▓[38;2;29;32;46m▒[38;2;87;87;166m⢸[38;2;86;86;163m⣿[38;2;87;87;166m⣶[38;2;87;87;165m⣾⣿[39m  [38;2;84;84;158m⢸[38;2;86;86;164m⣿[38;2;88;88;167m⣿[39m  [38;2;86;86;162m⣿[38;2;85;84;158m⣷[38;2;84;83;156m⠿[38;2;84;83;155m⣿[39m  [38;2;87;87;166m⡀[38;2;90;90;173m⢠[39m [38;2;87;86;164m⢰[38;2;86;85;162m⣿[38;2;86;86;163m⣿[38;2;85;84;159m⡿[38;2;83;82;154m⠛[38;2;85;85;160m⠙[38;2;88;88;169m⢿[38;2;89;89;170m⡿[38;2;87;86;164m⠋[38;2;85;85;160m⠹[38;2;88;88;168m⣿⣿[39m [38;2;85;84;158m⢻[38;2;83;82;153m⡿[38;2;84;83;157m⠛[38;2;88;87;167m⢿[38;2;89;89;170m⣿[38;2;87;87;166m⠇[39m     [38;2;87;87;165m⢿[38;2;88;88;168m⣿[38;2;85;85;160m⣿⣿[38;2;88;88;169m⣿[38;2;89;90;173m⡿[38;2;87;87;166m⠏[39m  [38;2;87;87;165m⣧[38;2;88;89;170m⣾[38;2;87;86;164m⡿[38;2;86;86;164m⠇[39m [38;2;85;85;160m⡇[38;2;29;32;46m▒[38;2;38;42;60m▓[38;2;47;53;75m▓[38;2;56;63;90m█[38;2;66;74;105m█[39m[48;2;37;41;49m             
             [38;2;66;74;105m[48;2;41;44;52m█[38;2;56;63;90m█[38;2;47;53;75m▓[38;2;38;42;60m▓[38;2;29;32;46m▒[39m [38;2;84;83;156m⢿[38;2;86;85;161m⠟[38;2;88;88;167m⣀[38;2;89;89;172m⣼[38;2;88;87;167m⣷[38;2;84;83;156m⣦[39m  [38;2;87;86;165m⢿[38;2;87;86;164m⣿[38;2;87;87;167m⣿[38;2;86;86;164m⢿[38;2;85;85;161m⣿[39m [38;2;84;84;158m⣼[38;2;85;84;158m⣇[38;2;84;83;155m⣼[38;2;85;84;159m⣿[38;2;87;87;166m⣿[38;2;88;87;167m⣿[38;2;87;87;165m⣿[38;2;86;86;164m⡿[39m   [38;2;88;87;167m⢠[38;2;88;88;168m⣿[38;2;87;87;166m⣿[39m  [38;2;89;89;171m⢸[38;2;90;91;176m⣿[38;2;90;90;173m⣷[38;2;86;86;164m⣶[39m  [38;2;88;88;168m⣿[38;2;89;89;172m⣿[38;2;88;88;169m⣿[38;2;86;86;163m⣷[38;2;87;87;166m⣿[38;2;86;85;162m⣿[38;2;84;83;155m⡆[39m  [38;2;85;85;160m⡿[38;2;85;84;159m⠟[38;2;86;85;162m⠙[38;2;87;87;166m⢿[38;2;88;89;170m⣿[38;2;86;86;163m⣿[38;2;83;82;154m⣧[38;2;84;83;156m⢻[38;2;86;85;161m⣿[38;2;86;86;163m⣿[39m  [38;2;86;85;162m⣿[38;2;87;86;164m⡇[38;2;29;32;46m▒[38;2;38;42;60m▓[38;2;47;53;75m▓[38;2;56;63;90m█[38;2;66;74;105m█[39m[48;2;37;41;49m             
             [38;2;66;74;105m[48;2;41;44;52m█[38;2;56;63;90m█[38;2;47;53;75m▓[38;2;38;42;60m▓[38;2;29;32;46m▒[38;2;84;83;155m⢰[38;2;83;82;153m⣷[38;2;84;84;158m⣤[38;2;86;86;163m⣿[38;2;88;88;169m⣿⣿[38;2;86;86;163m⢿[38;2;85;84;159m⣿⣦[38;2;86;86;163m⣼[38;2;87;87;167m⣿[39m  [38;2;85;85;160m⣇[38;2;86;85;161m⣸[38;2;85;84;159m⣿[38;2;85;85;160m⣿[38;2;85;84;159m⣿[38;2;86;86;163m⡿[38;2;88;87;167m⠹[38;2;87;87;167m⣿[38;2;85;85;161m⣿[39m [38;2;83;82;154m⣸[38;2;86;85;162m⣿[38;2;86;86;163m⣿[38;2;86;86;164m⣿[38;2;86;85;162m⢿[38;2;85;85;160m⣿[38;2;84;84;157m⣴[38;2;84;83;157m⣾[38;2;88;88;169m⣿[38;2;89;90;173m⣿[38;2;89;89;171m⣿[38;2;87;86;164m⣿[38;2;84;84;157m⣿[38;2;85;84;158m⣿[38;2;85;85;160m⣿[38;2;86;86;163m⣿⣿[38;2;86;85;162m⣿[38;2;87;87;166m⣿[38;2;87;87;165m⣿[38;2;86;86;162m⣷[38;2;84;84;157m⣾[38;2;83;82;154m⣿[39m [38;2;84;83;155m⣠[38;2;84;84;157m⣤[38;2;86;85;161m⣠[38;2;88;88;169m⣾[38;2;88;87;167m⣿[38;2;85;85;160m⡇[39m [38;2;87;86;165m⣾[38;2;86;86;163m⡇[39m [38;2;86;85;162m⣿[38;2;86;86;163m⣿[39m [38;2;29;32;46m▒[38;2;38;42;60m▓[38;2;47;53;75m▓[38;2;56;63;90m█[38;2;66;74;105m█[39m[48;2;37;41;49m             
             [38;2;66;74;105m[48;2;41;44;52m█[38;2;56;63;90m█[38;2;47;53;75m▓[38;2;38;42;60m▓[38;2;29;32;46m▒[38;2;85;84;158m⡸[38;2;83;82;154m⠟[38;2;85;85;160m⠉[38;2;88;88;168m⠛[38;2;90;90;175m⠛[38;2;89;90;172m⠻[38;2;88;88;168m⣿[38;2;87;87;165m⡿[38;2;86;86;163m⠿[38;2;85;84;158m⠿[38;2;83;82;154m⢿[38;2;83;82;153m⣿[38;2;83;82;154m⣿[38;2;84;84;158m⣿[38;2;87;87;165m⠿[38;2;87;86;164m⠛[38;2;86;86;164m⠛[38;2;84;84;157m⠿[38;2;83;82;154m⠻⠋[39m  [38;2;82;80;149m⠁[38;2;85;84;158m⠙[38;2;89;90;173m⠛[38;2;90;90;174m⠛[39m   [38;2;84;84;157m⠘[38;2;87;86;165m⠿[38;2;90;90;174m⠃[39m [38;2;89;89;172m⠻[38;2;88;88;169m⠿[38;2;86;86;163m⢿[38;2;85;85;161m⠛[38;2;85;84;158m⠁[38;2;85;84;159m⠉[38;2;85;85;160m⠉[39m  [38;2;86;86;164m⠘[38;2;87;87;166m⠿[38;2;87;86;164m⠿[38;2;85;84;158m⠿[38;2;84;84;157m⠻⣿[38;2;85;84;159m⠿[38;2;86;85;161m⠿[38;2;88;88;169m⠿[38;2;88;88;168m⠿[38;2;85;85;160m⠛[38;2;84;83;155m⠻[38;2;84;83;156m⠿⠟[38;2;83;82;154m⠛[38;2;87;87;165m⠻⠿[39m [38;2;29;32;46m▒[38;2;38;42;60m▓[38;2;47;53;75m▓[38;2;56;63;90m█[38;2;66;74;105m█[39m[48;2;37;41;49m             
             [38;2;66;74;105m[48;2;41;44;52m█[38;2;56;63;90m█[38;2;47;53;75m▓[38;2;42;48;68m▓▓▓▓▓▓▓▓▓▓▓▓▓▓▓▓▓▓▓▓▓▓▓▓▓▓▓▓▓▓▓▓▓▓▓▓▓▓▓▓▓▓▓▓▓▓▓▓▓▓▓▓▓▓▓▓▓▓▓▓▓▓▓▓[38;2;47;53;75m▓[38;2;56;63;90m█[38;2;66;74;105m█[39m[48;2;37;41;49m             
             [38;2;66;74;105m[48;2;41;44;52m██████████████████████████████████████████████████████████████████████[39m[48;2;37;41;49m             
                                                                                                
                                                                                                
