[48;2;40;42;42m                                                                                                                                                                                              
                                                                                                                                                                                              
                  [38;2;77;86;73m[48;2;45;46;45m┌────────────────────────────────────────────────────────────────────────────────────────────────────────────────────────────────────────────────────────┐[39m[48;2;40;42;42m                  
                  [38;2;77;86;73m[48;2;45;46;45m│[39m                                                                                                                                                        [38;2;77;86;73m│[39m[48;2;40;42;42m                  
                  [38;2;77;86;73m[48;2;45;46;45m│[39m                                                                                                                                                        [38;2;77;86;73m│[39m[48;2;40;42;42m                  
                  [38;2;77;86;73m[48;2;45;46;45m│[39m                                                                                                                                                        [38;2;77;86;73m│[39m[48;2;40;42;42m                  
                  [38;2;77;86;73m[48;2;45;46;45m│[39m      [38;2;44;92;88m⣷[39m                                                                                           [38;2;46;108;95m⢀[38;2;47;113;97m⣠[38;2;54;119;97m⣤[38;2;56;121;97m⣦[38;2;52;118;97m⣤[38;2;47;112;97m⣤[38;2;47;109;95m⣤[38;2;46;108;95m⣤[38;2;47;108;95m⣤[38;2;47;109;95m⣤[38;2;47;109;96m⣤[38;2;47;109;95m⣄[38;2;46;107;95m⣀[39m                                         [38;2;77;86;73m│[39m[48;2;40;42;42m                  
                  [38;2;77;86;73m[48;2;45;46;45m│[39m      [38;2;44;96;90m⢿[38;2;45;102;93m⣇[39m                                                                                   [38;2;47;110;96m⣠[38;2;53;119;97m⣴[38;2;62;128;97m⣶[38;2;70;134;96m⣿[38;2;72;137;96m⣿[38;2;70;135;96m⣿[38;2;66;131;96m⣿[38;2;65;130;96m⣿[38;2;70;134;96m⣿[38;2;76;140;96m⣿[38;2;76;141;96m⣿[38;2;70;134;96m⣿[38;2;60;125;97m⣿[38;2;55;120;97m⣿[38;2;53;119;97m⣿⣿[38;2;54;119;97m⣿[38;2;56;121;97m⣿[38;2;57;122;97m⣿⣿[38;2;53;119;97m⣿[38;2;49;115;97m⣿[38;2;47;111;96m⣶[38;2;47;108;95m⣶[38;2;46;107;95m⣤[38;2;46;107;94m⣀[39m                                   [38;2;77;86;73m│[39m[48;2;40;42;42m                  
                  [38;2;77;86;73m[48;2;45;46;45m│[39m      [38;2;46;104;93m⠘[38;2;81;145;96m⣿[38;2;102;169;98m⣷[38;2;101;168;98m⣶[38;2;77;141;96m⣆[39m              [38;2;47;109;96m⢀[38;2;58;124;97m⣴[38;2;78;142;96m⣾[38;2;98;165;98m⣿[38;2;115;181;97m⣿[38;2;110;177;98m⣿[38;2;94;160;97m⣿[38;2;72;137;96m⣿[38;2;64;129;97m⣿[38;2;56;121;97m⣿[38;2;47;112;97m⣶[38;2;46;106;94m⣦[39m                           [38;2;50;115;97m⣠[38;2;53;119;97m⣤[38;2;47;113;97m⣄[39m                    [38;2;47;110;96m⢠[38;2;52;118;97m⣴[38;2;60;125;97m⣶[38;2;68;132;96m⣿[38;2;75;140;96m⣿[38;2;81;146;96m⣿[38;2;84;149;96m⣿[38;2;85;149;96m⣿[38;2;81;146;96m⣿[38;2;74;138;96m⣿[38;2;67;132;96m⣿[38;2;65;130;96m⣿[38;2;69;134;96m⣿[38;2;74;139;96m⣿⣿[38;2;67;132;96m⣿[38;2;58;123;97m⣿[38;2;53;118;97m⣿[38;2;51;117;97m⣿⣿[38;2;52;117;97m⣿[38;2;53;119;97m⣿[38;2;55;121;97m⣿⣿[38;2;53;119;97m⣿[38;2;50;116;97m⣿[38;2;48;114;97m⣿[38;2;50;116;97m⣿[38;2;56;122;97m⣿[38;2;65;130;96m⣿[38;2;67;132;96m⣿[38;2;59;125;97m⣷[38;2;47;110;96m⣆[39m                                [38;2;77;86;73m│[39m[48;2;40;42;42m                  
                  [38;2;77;86;73m[48;2;45;46;45m│[39m       [38;2;86;151;96m⣿[38;2;118;184;97m⣿[38;2;126;191;96m⣿[38;2;104;172;98m⣿[38;2;74;138;96m⣷[39m        [38;2;57;123;97m⢀[38;2;65;129;96m⣤[38;2;65;130;96m⣴[38;2;61;126;97m⣶[38;2;60;125;97m⣾[38;2;66;131;96m⣿[38;2;77;141;96m⣿[38;2;89;154;97m⣿[38;2;109;177;98m⣿[38;2;129;194;96m⣿[38;2;127;192;96m⣿[38;2;112;179;98m⣿[38;2;91;157;97m⣿[38;2;81;145;96m⣿[38;2;64;129;97m⣿[38;2;51;117;97m⣿[38;2;53;119;97m⣿[38;2;54;119;97m⣿[38;2;50;116;97m⣷[38;2;46;105;94m⣆[39m [38;2;44;93;89m⣤[38;2;43;91;88m⣶[38;2;43;89;87m⣦[39m           [38;2;45;99;91m⢠[38;2;45;98;91m⣴[38;2;43;91;88m⡄[39m    [38;2;86;150;96m⣾[38;2;140;199;97m⣿[38;2;163;207;102m⣿[38;2;158;205;101m⣿[38;2;117;183;97m⣿[38;2;77;141;96m⣿[38;2;46;108;95m⣷[39m               [38;2;47;112;97m⢀[38;2;58;124;97m⣴[38;2;65;130;96m⣿⣿[38;2;64;129;97m⣿[38;2;67;132;96m⣿[38;2;74;139;96m⣿[38;2;85;149;96m⣿[38;2;91;157;97m⣿[38;2;92;158;97m⣿[38;2;86;151;96m⣿[38;2;72;137;96m⡿[38;2;58;124;97m⠟[38;2;50;116;97m⠋[38;2;47;111;97m⠉[38;2;47;111;96m⠉[38;2;47;112;97m⠁[39m            [38;2;46;106;94m⠙[38;2;47;111;97m⢿[38;2;54;120;97m⣿[38;2;65;130;96m⣿[38;2;71;136;96m⣿[38;2;74;139;96m⣿[38;2;71;135;96m⣿[38;2;59;125;97m⣷[39m     [38;2;43;89;87m⣰[38;2;43;91;88m⣶[38;2;44;95;89m⣶[38;2;45;99;91m⣦[38;2;45;100;92m⣄[39m                     [38;2;77;86;73m│[39m[48;2;40;42;42m                  
                  [38;2;77;86;73m[48;2;45;46;45m│[39m       [38;2;81;145;96m⢸[38;2;113;179;98m⣿[38;2;124;189;96m⣿[38;2;108;176;98m⣿[38;2;87;152;96m⣿[38;2;75;139;96m⣿[38;2;68;133;96m⣿[38;2;62;127;97m⣿[38;2;59;124;97m⣶[38;2;59;125;97m⣶[38;2;63;128;97m⣾[38;2;69;133;96m⣿[38;2;76;140;96m⣿[38;2;83;147;96m⣿[38;2;85;149;96m⣿[38;2;81;145;96m⣿[38;2;70;135;96m⣿[38;2;63;128;97m⣿[38;2;66;131;96m⣿[38;2;74;138;96m⣿[38;2;84;149;96m⣿[38;2;101;169;98m⣿[38;2;120;185;97m⣿[38;2;120;186;97m⣿[38;2;113;180;98m⣿[38;2;100;168;98m⣿[38;2;92;158;97m⣿[38;2;73;137;96m⡏[38;2;55;121;97m⠈[38;2;67;132;96m⢿[38;2;74;138;96m⣿[38;2;71;135;96m⣿[38;2;51;117;97m⣿[38;2;45;103;93m⣿[38;2;44;95;89m⡿[38;2;43;91;88m⠏[39m           [38;2;48;114;97m⣼[38;2;54;119;97m⣿[38;2;47;113;97m⣿[39m    [38;2;70;134;96m⣼[38;2;118;184;97m⣿[38;2;177;212;106m⣿[38;2;196;219;113m⣿[38;2;186;215;109m⣿[38;2;136;198;96m⣿[38;2;84;149;96m⣿[38;2;47;111;96m⡿[39m            [38;2;44;94;89m⣴[38;2;46;107;95m⣶[38;2;59;124;97m⣿[38;2;74;139;96m⣿[38;2;79;143;96m⣿[38;2;74;138;96m⣿[38;2;66;131;96m⣿[38;2;60;125;97m⡿⠿[38;2;63;128;97m⠿[38;2;75;139;96m⣿[38;2;84;149;96m⣿[38;2;83;148;96m⣿[38;2;67;132;96m⣿[39m                      [38;2;58;123;97m⠹[38;2;68;133;96m⢿[38;2;75;140;96m⣿[38;2;76;140;96m⣿[38;2;68;132;96m⣿[38;2;52;118;97m⣧[39m    [38;2;43;91;88m⠈[38;2;44;95;89m⠹[38;2;46;103;93m⢿[38;2;47;113;97m⣿[38;2;49;115;97m⣿[38;2;46;107;95m⣧[39m                   [38;2;77;86;73m│[39m[48;2;40;42;42m                  
                  [38;2;77;86;73m[48;2;45;46;45m│[39m        [38;2;56;122;97m⠹[38;2;75;139;96m⢿[38;2;82;147;96m⣿[38;2;81;146;96m⣿[38;2;76;141;96m⣿[38;2;72;136;96m⣿[38;2;67;132;96m⣿[38;2;64;129;96m⣿[38;2;65;130;96m⣿[38;2;68;133;96m⣿[38;2;72;137;96m⣿[38;2;78;142;96m⣿[38;2;83;147;96m⣿[38;2;84;148;96m⣿[38;2;78;142;96m⣿[38;2;64;129;96m⡿[38;2;52;118;97m⠟[38;2;47;111;97m⠋[39m   [38;2;52;118;97m⠈[38;2;62;127;97m⠻[38;2;81;145;96m⣿[38;2;91;157;97m⣿⣿[38;2;83;147;96m⣿[38;2;75;139;96m⣶[38;2;84;149;96m⣿[38;2;86;150;96m⣿[38;2;78;142;96m⣿[38;2;54;119;97m⣿[38;2;45;101;92m⠏[39m            [38;2;46;108;95m⢸[38;2;67;131;96m⣿[38;2;70;135;96m⣿[38;2;55;121;97m⣿[39m   [38;2;57;122;97m⣸[38;2;85;150;96m⣿[38;2;125;190;96m⣿[38;2;176;212;106m⣿[38;2;192;217;111m⣿[38;2;180;213;107m⣿[38;2;126;191;96m⣿[38;2;74;138;96m⡿[39m             [38;2;46;107;95m⢻[38;2;61;126;97m⣿[38;2;77;141;96m⣿[38;2;83;147;96m⣿[38;2;78;142;96m⣿[38;2;64;129;97m⡿[38;2;47;112;97m⠃[39m   [38;2;47;110;96m⠸[38;2;64;129;97m⢿[38;2;70;134;96m⣿[38;2;57;122;97m⣿[39m                        [38;2;58;124;97m⢻[38;2;73;137;96m⣿[38;2;78;142;96m⣿[38;2;73;138;96m⣿[38;2;60;126;97m⣿[38;2;47;110;96m⣆[39m     [38;2;53;118;97m⢿[38;2;67;131;96m⣿[38;2;65;130;96m⣿[38;2;51;117;97m⣧[38;2;45;102;92m⡀[39m [38;2;44;97;90m⣀[38;2;45;99;91m⣀[38;2;45;101;92m⣀⣀[38;2;44;97;90m⣴[39m           [38;2;77;86;73m│[39m[48;2;40;42;42m                  
                  [38;2;77;86;73m[48;2;45;46;45m│[39m           [38;2;47;111;97m⢻[38;2;52;118;97m⡿[38;2;55;120;97m⠿[38;2;55;121;97m⠿⠿⠿[38;2;56;122;97m⠿[38;2;56;121;97m⠟[38;2;55;120;97m⠛[38;2;53;118;97m⠛[38;2;48;114;97m⠉[39m         [38;2;49;115;97m⠸[38;2;74;138;96m⣿[38;2;84;149;96m⣿[38;2;85;150;96m⣿[38;2;82;147;96m⣿[38;2;84;149;96m⣿[38;2;78;142;96m⣿[38;2;62;127;97m⣿[38;2;46;105;94m⡟[39m             [38;2;52;118;97m⢸[38;2;75;140;96m⣿⣿[38;2;55;121;97m⡏[39m  [38;2;52;118;97m⣼[38;2;70;135;96m⣿[38;2;84;148;96m⣿[38;2;96;163;98m⣿[38;2;117;183;97m⣿[38;2;119;185;97m⡿[38;2;102;170;98m⠿[38;2;66;130;96m⠏[39m             [38;2;46;104;93m⢠[38;2;59;124;97m⣾[38;2;74;138;96m⣿[38;2;77;141;96m⣿[38;2;67;132;96m⣿[38;2;50;115;97m⠇[39m      [38;2;47;109;96m⢸[38;2;55;121;97m⣿[38;2;52;118;97m⣿[38;2;45;103;93m⡇[39m                        [38;2;47;113;97m⠘[38;2;65;130;96m⣿[38;2;76;141;96m⣿[38;2;75;139;96m⣿[38;2;64;129;96m⣿[38;2;51;117;97m⣷[38;2;46;105;94m⡄[39m   [38;2;51;117;97m⢸[38;2;81;145;96m⣿[38;2;89;155;97m⣿[38;2;84;149;96m⣿[38;2;61;126;97m⣿[38;2;47;110;96m⣿[38;2;46;105;94m⣿[38;2;47;109;96m⣿[38;2;53;119;97m⣿[38;2;59;124;97m⣿[38;2;53;119;97m⣿[38;2;46;105;94m⣧[39m          [38;2;77;86;73m│[39m[48;2;40;42;42m                  
                  [38;2;77;86;73m[48;2;45;46;45m│[39m                                [38;2;47;111;96m⠸[38;2;62;127;97m⢿[38;2;74;139;96m⣿[38;2;76;140;96m⣿[38;2;71;135;96m⣿[38;2;56;122;97m⡿[38;2;46;105;94m⠏[39m              [38;2;61;126;97m⣿[38;2;79;143;96m⣿[38;2;76;140;96m⣿[38;2;54;120;97m⣷[38;2;46;107;94m⣴[38;2;48;114;97m⣿[38;2;59;124;97m⣿[38;2;65;130;96m⣿[38;2;63;128;97m⣿[38;2;55;121;97m⣿[38;2;47;111;96m⡏[39m               [38;2;45;102;92m⢠[38;2;60;125;97m⣾[38;2;77;141;96m⣿⣿[38;2;60;125;97m⣿[39m         [38;2;47;110;96m⢿[38;2;49;115;97m⣿[38;2;46;108;95m⣧[39m                         [38;2;46;106;94m⠘[38;2;61;126;97m⢿[38;2;73;137;96m⣿[38;2;72;136;96m⣿[38;2;62;127;97m⣿[38;2;53;119;97m⣿[38;2;49;115;97m⣷[38;2;47;111;97m⣶[38;2;47;111;96m⣶[38;2;57;122;97m⣾[38;2;89;155;97m⣿[38;2;105;173;98m⣿[38;2;103;171;98m⣿[38;2;82;146;96m⣿[38;2;50;115;97m⣿[38;2;46;105;94m⠟[38;2;46;108;95m⠿[38;2;55;121;97m⣿[38;2;69;134;96m⣿[38;2;70;135;96m⣿[38;2;56;122;97m⣿[39m          [38;2;77;86;73m│[39m[48;2;40;42;42m                  
                  [38;2;77;86;73m[48;2;45;46;45m│[39m                                 [38;2;45;101;92m⢸[38;2;46;106;94m⣿[38;2;46;105;94m⠋[39m                [38;2;46;108;95m⢰[38;2;73;137;96m⣿[38;2;83;148;96m⣿[38;2;76;141;96m⣿[38;2;53;119;97m⣿[38;2;47;110;96m⣿[38;2;48;114;97m⣿[38;2;50;116;97m⣿[38;2;47;112;97m⠟[38;2;46;107;95m⢻[38;2;46;105;94m⣿[38;2;45;102;93m⣷[39m               [38;2;58;123;97m⢸[38;2;84;148;96m⣿[38;2;87;153;96m⣿[38;2;71;136;96m⣿[39m          [38;2;46;103;93m⢸[38;2;47;113;97m⣿[38;2;47;111;97m⣿[39m                          [38;2;46;106;94m⢸[38;2;55;121;97m⣿[38;2;62;127;97m⣿[38;2;59;124;97m⣿[38;2;53;118;97m⣿[38;2;51;117;97m⣿[38;2;49;115;97m⣿⣿[38;2;59;124;97m⣿[38;2;92;158;97m⣿[38;2;114;180;97m⣿[38;2;112;179;98m⣿[38;2;87;152;96m⣿[38;2;47;111;96m⡇[39m   [38;2;64;129;96m⢿[38;2;81;145;96m⣿[38;2;76;140;96m⣿[38;2;54;120;97m⣷[39m         [38;2;77;86;73m│[39m[48;2;40;42;42m                  
                  [38;2;77;86;73m[48;2;45;46;45m│[39m                                 [38;2;44;96;90m⣾[38;2;44;95;89m⡇[39m                 [38;2;61;126;97m⢸[38;2;84;149;96m⣿[38;2;86;151;96m⣿[38;2;70;134;96m⣿[38;2;47;111;97m⣿[38;2;46;103;93m⡿[38;2;45;101;92m⠟[39m   [38;2;45;101;92m⢹[38;2;46;105;94m⣿[38;2;45;100;92m⡇[39m             [38;2;47;109;96m⢠[38;2;82;146;96m⣿[38;2;96;163;98m⣿[38;2;90;156;97m⣿[38;2;59;125;97m⡇[39m           [38;2;46;107;95m⣿[38;2;47;110;96m⣿[38;2;46;107;95m⣧[38;2;45;101;92m⣠⣄[39m [38;2;45;98;91m⣀[39m            [38;2;52;118;97m⣾[38;2;62;127;97m⣿[38;2;65;130;96m⣶[38;2;63;128;97m⣦[38;2;62;127;97m⣄[39m     [38;2;46;106;94m⣿[38;2;47;108;95m⣿[38;2;46;104;94m⠏[39m [38;2;46;105;94m⠙[38;2;46;107;95m⠻[38;2;47;110;96m⠿[38;2;51;117;97m⣿[38;2;86;151;96m⣿[38;2;109;176;98m⣿⣿[38;2;84;149;96m⣿[39m    [38;2;53;118;97m⢸[38;2;94;161;97m⣿[38;2;104;172;98m⣿[38;2;94;160;97m⣿[38;2;52;118;97m⡇[39m        [38;2;77;86;73m│[39m[48;2;40;42;42m                  
                  [38;2;77;86;73m[48;2;45;46;45m│[39m           [38;2;43;90;87m⢸[38;2;43;89;87m⡇[39m                   [38;2;44;95;89m⢸[38;2;44;94;89m⣿[39m                 [38;2;52;117;97m⢰[38;2;82;146;96m⣿[38;2;92;158;97m⣿[38;2;83;147;96m⣿[38;2;55;120;97m⡏[39m       [38;2;46;106;94m⣿⣿[39m             [38;2;57;122;97m⢸[38;2;93;159;97m⣿[38;2;102;170;98m⣿[38;2;89;154;97m⣿[39m            [38;2;45;99;91m⢸[38;2;46;104;93m⣿[38;2;46;106;94m⣿[38;2;46;104;93m⣿⣿[38;2;45;103;93m⣿[38;2;45;101;92m⣿[38;2;45;102;92m⣿[38;2;46;103;93m⣿[38;2;46;104;93m⣿[38;2;45;102;92m⣷[38;2;45;99;91m⣆[38;2;44;96;90m⣀⣀[38;2;44;97;90m⣤[38;2;45;100;92m⣤[38;2;46;103;93m⣴[38;2;47;111;96m⣾[38;2;60;125;97m⣿[38;2;77;141;96m⣿[38;2;84;149;96m⣿[38;2;86;151;96m⣿[38;2;85;150;96m⣿[38;2;90;155;97m⣿[38;2;93;159;97m⣿[38;2;85;150;96m⣿[38;2;61;126;97m⣷[39m  [38;2;45;98;91m⣿[38;2;44;96;90m⡇[39m      [38;2;68;133;96m⢻[38;2;95;162;97m⣿[38;2;97;164;98m⣿[38;2;79;143;96m⣿[39m    [38;2;51;117;97m⢸[38;2;112;179;98m⣿[38;2;133;197;96m⣿[38;2;124;189;96m⣿[38;2;75;139;96m⣿[39m        [38;2;77;86;73m│[39m[48;2;40;42;42m                  
                  [38;2;77;86;73m[48;2;45;46;45m│[39m           [38;2;43;90;87m⢸⡇[39m                  [38;2;58;123;97m⣴[38;2;54;119;97m⣆[39m                  [38;2;75;140;96m⣾[38;2;93;159;97m⣿[38;2;91;157;97m⣿[38;2;67;131;96m⣿[39m        [38;2;46;104;94m⢸[38;2;47;109;96m⣿[38;2;46;104;93m⣧[39m            [38;2;64;129;96m⢸[38;2;98;165;98m⣿[38;2;103;171;98m⣿[38;2;85;150;96m⣿[39m             [38;2;44;97;90m⢿[38;2;45;102;92m⡏[38;2;45;101;92m⠈[38;2;45;102;92m⠛[38;2;45;101;92m⠉[38;2;45;100;91m⠉[38;2;45;102;92m⠙[38;2;46;107;95m⢻[38;2;47;112;97m⣿[38;2;47;113;97m⣿[38;2;47;109;95m⣿[38;2;46;104;93m⣿[38;2;46;103;93m⣿[38;2;46;104;93m⣿[38;2;47;112;97m⣿[38;2;55;120;97m⣿[38;2;63;128;97m⣿[38;2;72;137;96m⣿[38;2;81;145;96m⣿[38;2;84;148;96m⣿[38;2;84;149;96m⣿⣿[38;2;90;156;97m⣿[38;2;94;161;97m⣿[38;2;87;152;96m⣿[38;2;63;128;97m⣿[39m [38;2;44;94;89m⢸⣿[39m       [38;2;47;111;97m⠸[38;2;77;142;96m⣿[38;2;84;149;96m⣿[38;2;71;136;96m⣿[39m    [38;2;53;118;97m⢸[38;2;119;185;97m⣿[38;2;142;200;97m⣿[38;2;134;198;96m⣿[38;2;82;146;96m⣿[39m        [38;2;77;86;73m│[39m[48;2;40;42;42m                  
                  [38;2;77;86;73m[48;2;45;46;45m│[39m                             [38;2;49;115;97m⢰[38;2;83;147;96m⣿[38;2;88;154;97m⣿[38;2;76;140;96m⣿[39m                 [38;2;55;121;97m⢸[38;2;87;152;96m⣿[38;2;94;160;97m⣿[38;2;82;146;96m⣿[38;2;47;112;97m⡇[39m        [38;2;45;102;92m⢸[38;2;47;111;96m⣿[38;2;47;109;96m⣿[39m            [38;2;62;127;97m⢸[38;2;96;162;97m⣿[38;2;101;169;98m⣿[38;2;84;149;96m⣿[39m             [38;2;44;93;89m⣼[39m       [38;2;47;112;97m⣿[38;2;49;115;97m⣿[38;2;47;109;96m⣿[38;2;46;103;93m⣿[38;2;45;101;92m⠿[38;2;46;104;93m⢿[38;2;51;117;97m⣿[38;2;69;134;96m⣿[38;2;81;145;96m⣿[38;2;80;144;96m⣿[38;2;69;134;96m⡿[38;2;57;122;97m⠟[39m [38;2;51;116;97m⠈[38;2;61;127;97m⠙[38;2;72;136;96m⠿[38;2;68;133;96m⠟[38;2;51;117;97m⠃[39m [38;2;44;94;89m⢸[38;2;43;92;88m⡇[39m        [38;2;49;115;97m⢸[38;2;61;126;97m⣿[38;2;57;123;97m⣿[38;2;46;104;93m⡇[39m   [38;2;50;116;97m⢸[38;2;107;175;98m⣿[38;2;127;192;96m⣿[38;2;118;184;97m⣿[38;2;69;134;96m⣿[39m        [38;2;77;86;73m│[39m[48;2;40;42;42m                  
                  [38;2;77;86;73m[48;2;45;46;45m│[39m                             [38;2;70;134;96m⣾[38;2;96;162;97m⣿[38;2;97;164;98m⣿[38;2;80;144;96m⣿[39m                 [38;2;69;134;96m⣿[38;2;88;153;96m⣿[38;2;85;150;96m⣿[38;2;60;125;97m⡿[39m          [38;2;47;111;96m⣿[38;2;47;113;97m⣿[38;2;45;103;93m⣇[39m           [38;2;52;118;97m⢸[38;2;87;153;96m⣿[38;2;96;162;97m⣿[38;2;84;148;96m⣿[38;2;47;111;96m⡇[39m            [38;2;44;95;89m⣿[39m      [38;2;45;100;92m⢸[38;2;46;105;94m⣿[38;2;46;106;94m⣿[38;2;45;99;91m⠇[39m   [38;2;47;110;96m⢻[38;2;71;136;96m⣿[38;2;88;153;96m⣿[38;2;85;150;96m⣿[38;2;62;127;97m⡇[39m       [38;2;44;95;89m⣼[38;2;44;94;89m⡿[39m          [38;2;46;103;93m⠸[38;2;46;107;95m⣿[38;2;45;102;92m⣷[39m   [38;2;49;115;97m⢸[38;2;91;157;97m⣿[38;2;100;167;98m⣿[38;2;90;156;97m⣿[38;2;47;113;97m⡇[39m        [38;2;77;86;73m│[39m[48;2;40;42;42m                  
                  [38;2;77;86;73m[48;2;45;46;45m│[39m                            [38;2;48;114;97m⣼[38;2;75;140;96m⣿[38;2;88;154;97m⣿[38;2;84;149;96m⣿[38;2;58;124;97m⡏[39m                [38;2;48;114;97m⢸[38;2;77;141;96m⣿[38;2;83;147;96m⣿[38;2;69;134;96m⣿[39m           [38;2;47;109;95m⢿[38;2;48;114;97m⣿[38;2;46;107;94m⣿[39m            [38;2;72;137;96m⣿[38;2;87;152;96m⣿[38;2;82;146;96m⣿[38;2;53;119;97m⣷[38;2;44;96;90m⡆[39m    [38;2;43;89;87m⣀[38;2;43;91;88m⣠[38;2;44;95;89m⣴[38;2;45;100;92m⣶[38;2;46;105;94m⣶[38;2;46;108;95m⣶[38;2;47;109;96m⣾[38;2;46;105;94m⣿[39m    [38;2;43;90;87m⣼[38;2;44;92;88m⣿[38;2;44;95;89m⠙[38;2;44;95;90m⠛[39m      [38;2;60;125;97m⢻[38;2;85;150;96m⣿[38;2;89;154;97m⣿[38;2;75;139;96m⣿[39m      [38;2;44;97;90m⣰[38;2;45;98;91m⣿[38;2;44;94;89m⡇[39m           [38;2;44;93;89m⠘[38;2;44;96;90m⢿[38;2;44;94;89m⣿[38;2;43;90;87m⡆[39m [38;2;52;118;97m⣸[38;2;82;146;96m⣿[38;2;85;149;96m⣿[38;2;67;132;96m⣿[39m         [38;2;77;86;73m│[39m[48;2;40;42;42m                  
                  [38;2;77;86;73m[48;2;45;46;45m│[39m                      [38;2;64;129;97m⢀[38;2;80;144;96m⣤[38;2;83;147;96m⣴[38;2;75;140;96m⣶[38;2;60;125;97m⣶[38;2;50;116;97m⣾[38;2;53;118;97m⣿[38;2;62;127;97m⣿[38;2;61;127;97m⣿[38;2;50;115;97m⡟[39m                [38;2;45;102;92m⢠[38;2;59;124;97m⣿[38;2;80;144;96m⣿[38;2;79;143;96m⣿[38;2;58;123;97m⣿[39m           [38;2;46;106;94m⣿[38;2;47;112;97m⣿[38;2;46;107;95m⣿[39m            [38;2;50;116;97m⢸[38;2;70;135;96m⣿[38;2;72;136;96m⣿[38;2;55;121;97m⣿[38;2;45;100;91m⣿[38;2;43;90;87m⠹[38;2;43;88;86m⠛⠛[38;2;43;88;87m⠛[38;2;43;89;87m⠛[38;2;43;91;88m⠛[38;2;44;95;89m⢻[38;2;45;100;92m⣿[38;2;46;105;94m⣿[38;2;47;110;96m⣿[38;2;48;114;97m⣿⣿[38;2;46;106;94m⣷[39m   [38;2;43;89;87m⠘[39m         [38;2;46;105;94m⠘[38;2;67;132;96m⢿[38;2;83;148;96m⣿[38;2;81;146;96m⣿[38;2;58;123;97m⣿[39m    [38;2;45;100;92m⢰[38;2;46;103;93m⣿[38;2;45;100;92m⣿[39m              [38;2;43;90;87m⠈⠃[39m [38;2;51;117;97m⣿[38;2;69;133;96m⣿[38;2;67;132;96m⣿[38;2;47;112;97m⡏[39m         [38;2;77;86;73m│[39m[48;2;40;42;42m                  
                  [38;2;77;86;73m[48;2;45;46;45m│[39m                 [38;2;47;111;96m⢠[38;2;57;123;97m⣴[38;2;64;129;97m⣾[38;2;67;132;96m⣿[38;2;80;144;96m⣿[38;2;93;160;97m⣿[38;2;105;173;98m⣿[38;2;103;171;98m⣿[38;2;93;159;97m⣿[38;2;77;141;96m⣿[38;2;63;128;97m⣿[38;2;56;122;97m⣿[38;2;51;117;97m⣿[39m                 [38;2;45;99;91m⣰[38;2;47;111;96m⣿[38;2;64;129;97m⣿[38;2;81;145;96m⣿[38;2;78;142;96m⣿[38;2;58;123;97m⣿[39m        [38;2;43;89;87m⢠[38;2;43;92;88m⣴[38;2;44;95;90m⣿[38;2;45;100;92m⣿[38;2;46;105;94m⣿[38;2;45;103;93m⣿[38;2;44;96;90m⡇[39m            [38;2;51;117;97m⢻[38;2;60;126;97m⣿[38;2;54;120;97m⣿[39m          [38;2;46;104;93m⠈[38;2;47;110;96m⢻[38;2;51;117;97m⣿[38;2;48;114;97m⣿[38;2;46;105;94m⣷[39m              [38;2;60;125;97m⢿[38;2;69;133;96m⣿[38;2;61;126;97m⣿[38;2;47;113;97m⣧[38;2;47;109;95m⣤[38;2;47;111;97m⣶[38;2;48;114;97m⣾[38;2;49;115;97m⣿[38;2;47;109;96m⣿[39m                  [38;2;47;113;97m⣿[38;2;54;120;97m⣿[38;2;48;114;97m⡿[39m          [38;2;77;86;73m│[39m[48;2;40;42;42m                  
                  [38;2;77;86;73m[48;2;45;46;45m│[39m               [38;2;47;112;97m⢰[38;2;69;134;96m⣿[38;2;85;149;96m⣿[38;2;87;152;96m⣿[38;2;81;146;96m⣿[38;2;74;139;96m⣿[38;2;82;146;96m⣿[38;2;94;160;97m⣿[38;2;105;172;98m⣿[38;2;102;170;98m⣿[38;2;91;157;97m⣿[38;2;74;138;96m⣿[38;2;60;126;97m⣿[38;2;58;123;97m⣿[38;2;57;122;97m⣿[38;2;47;113;97m⣷[39m             [38;2;43;90;87m⣠[38;2;43;92;88m⣼[38;2;44;95;89m⣿[38;2;45;100;92m⣿[38;2;47;109;96m⣿[38;2;59;124;97m⣿[38;2;80;144;96m⣿[38;2;82;146;96m⣿[38;2;69;133;96m⣿[38;2;46;106;94m⡆[39m       [38;2;43;90;87m⠘[38;2;43;91;88m⠛[38;2;43;92;88m⠁[39m [38;2;44;95;89m⠘[38;2;44;96;90m⢻[38;2;44;94;89m⡏[39m            [38;2;45;101;92m⠘[38;2;47;113;97m⣿[38;2;48;114;97m⣿[38;2;46;104;93m⣧[39m           [38;2;47;111;96m⢸[38;2;53;119;97m⣿[38;2;48;114;97m⣿[39m               [38;2;55;121;97m⣾[38;2;60;125;97m⣿[38;2;56;122;97m⣿[38;2;56;121;97m⣿[38;2;63;128;97m⣿[38;2;73;137;96m⣿[38;2;74;138;96m⣿[38;2;60;125;97m⣿[39m                 [38;2;47;111;97m⣴[38;2;50;116;97m⣿[38;2;47;108;95m⣿[39m           [38;2;77;86;73m│[39m[48;2;40;42;42m                  
                  [38;2;77;86;73m[48;2;45;46;45m│[39m              [38;2;47;111;97m⢰[38;2;77;141;96m⣿[38;2;93;159;97m⣿[38;2;97;164;98m⣿[38;2;90;155;97m⣿[38;2;77;141;96m⣿[38;2;62;127;97m⠿[38;2;60;125;97m⠛[38;2;66;131;96m⠛[38;2;70;135;96m⠛[38;2;64;129;97m⠛[38;2;52;118;97m⠉[38;2;47;109;96m⠈[38;2;47;111;96m⠻[38;2;56;122;97m⣿[38;2;70;134;96m⣿[38;2;66;131;96m⣿[38;2;49;115;97m⣧[39m           [38;2;43;88;86m⠈[38;2;43;89;87m⠛[38;2;43;91;88m⠛[38;2;44;92;88m⠃[39m [38;2;45;100;92m⠙[38;2;47;113;97m⢻[38;2;71;136;96m⣿[38;2;84;148;96m⣿[38;2;80;144;96m⣿[38;2;56;122;97m⣿[38;2;45;98;91m⡆[39m            [38;2;43;91;88m⢠[39m             [38;2;46;106;94m⢸[38;2;47;113;97m⣿[38;2;47;109;95m⣿[39m            [38;2;54;120;97m⣿⣿[38;2;46;104;93m⡇[39m             [38;2;46;103;93m⣸[38;2;47;110;96m⣿[38;2;47;113;97m⣿[38;2;49;115;97m⣿[38;2;53;118;97m⣿[38;2;62;127;97m⣿[38;2;79;143;96m⣿[38;2;85;149;96m⣿[38;2;75;140;96m⣿[38;2;49;115;97m⣷[39m              [38;2;53;118;97m⢠[38;2;83;148;96m⣾[38;2;89;154;97m⣿[38;2;76;140;96m⣿[38;2;46;108;95m⡇[39m           [38;2;77;86;73m│[39m[48;2;40;42;42m                  
                  [38;2;77;86;73m[48;2;45;46;45m│[39m              [38;2;68;133;96m⣿[38;2;93;159;97m⣿[38;2;100;168;98m⣿[38;2;92;158;97m⣿[38;2;70;134;96m⡟[39m         [38;2;47;110;96m⢸[38;2;66;131;96m⣿[38;2;70;134;96m⣿[38;2;56;122;97m⣿[39m                  [38;2;57;122;97m⣿[38;2;80;144;96m⣿[38;2;84;149;96m⣿[38;2;73;137;96m⣿[38;2;47;113;97m⣿[39m                           [38;2;48;114;97m⣿[38;2;49;115;97m⣿[38;2;46;104;93m⣇[39m          [38;2;46;108;95m⢸[38;2;55;121;97m⣿[38;2;55;120;97m⣿[38;2;46;105;94m⡏[39m            [38;2;47;110;96m⣼[38;2;47;113;97m⣿[38;2;47;110;96m⣿[38;2;46;104;93m⠏[39m   [38;2;67;132;96m⢻[38;2;84;149;96m⣿[38;2;82;146;96m⣿[38;2;58;123;97m⣿[39m             [38;2;47;110;96m⢰[38;2;84;148;96m⣿[38;2;107;175;98m⣿[38;2;107;174;98m⣿[38;2;85;149;96m⣿[38;2;46;106;94m⡇[39m           [38;2;77;86;73m│[39m[48;2;40;42;42m                  
                  [38;2;77;86;73m[48;2;45;46;45m│[39m             [38;2;52;118;97m⣸[38;2;86;151;96m⣿[38;2;98;165;98m⣿[38;2;91;157;97m⣿[38;2;62;127;97m⡟[39m           [38;2;47;113;97m⠸[38;2;56;122;97m⣿[38;2;51;117;97m⣿[39m                  [38;2;46;107;95m⣿[38;2;65;130;96m⣿[38;2;82;146;96m⣿[38;2;83;148;96m⣿[38;2;67;132;96m⣿[38;2;47;109;96m⡇[39m                          [38;2;54;119;97m⣿[38;2;60;125;97m⣿[38;2;50;116;97m⣿[39m          [38;2;47;113;97m⣾[38;2;54;120;97m⣿[38;2;51;117;97m⣿[38;2;46;105;94m⣧[39m          [38;2;46;107;94m⢰[38;2;54;120;97m⣾[38;2;58;123;97m⣿[38;2;49;115;97m⣿[38;2;45;100;92m⠇[39m     [38;2;73;137;96m⣿[38;2;78;142;96m⣿[38;2;62;127;97m⣿[39m            [38;2;70;135;96m⣴[38;2;90;155;97m⣿[38;2;107;175;98m⣿[38;2;118;184;97m⣿[38;2;106;174;98m⣿[38;2;79;143;96m⣿[39m            [38;2;77;86;73m│[39m[48;2;40;42;42m                  
                  [38;2;77;86;73m[48;2;45;46;45m│[39m             [38;2;69;134;96m⣿[38;2;92;158;97m⣿⣿[38;2;72;136;96m⣿[39m             [38;2;45;100;91m⠘[38;2;45;102;93m⣿[38;2;45;98;91m⡇[39m                 [38;2;44;95;89m⠋[38;2;47;111;96m⢹[38;2;67;132;96m⣿[38;2;83;148;96m⣿[38;2;82;147;96m⣿[38;2;64;129;97m⣿[39m                          [38;2;66;131;96m⣿[38;2;76;140;96m⣿[38;2;66;131;96m⣿[38;2;45;102;93m⡇[39m       [38;2;45;102;92m⢠[38;2;46;108;95m⣾[38;2;47;111;97m⣿[38;2;47;110;96m⣿[38;2;46;107;94m⢿[38;2;46;103;93m⣿[38;2;45;102;92m⣷[38;2;44;97;90m⡄[39m       [38;2;48;114;97m⣰[38;2;60;125;97m⣿[38;2;64;129;96m⣿[38;2;55;121;97m⣿[38;2;46;106;94m⡇[39m      [38;2;66;131;96m⣿[38;2;74;138;96m⣿[38;2;62;127;97m⣿[39m           [38;2;89;155;97m⣼[38;2;114;181;97m⣿[38;2;124;189;96m⣿[38;2;116;183;97m⣿[38;2;101;168;98m⣿[38;2;84;148;96m⣿[38;2;52;118;97m⡇[39m            [38;2;77;86;73m│[39m[48;2;40;42;42m                  
                  [38;2;77;86;73m[48;2;45;46;45m│[39m            [38;2;51;117;97m⢸[38;2;85;150;96m⣿[38;2;96;163;98m⣿[38;2;86;151;96m⣿[38;2;52;118;97m⡏[39m               [38;2;44;96;90m⣿[38;2;44;95;89m⣷[39m                  [38;2;47;113;97m⠸[38;2;72;136;96m⣿[38;2;86;151;96m⣿[38;2;81;146;96m⣿[38;2;59;124;97m⣿[39m                         [38;2;80;144;96m⣿[38;2;89;154;97m⣿[38;2;81;145;96m⣿[38;2;47;110;96m⡇[39m  [38;2;43;91;88m⣠[38;2;44;93;89m⣤[38;2;44;96;90m⣤[38;2;45;99;91m⣾[38;2;45;103;93m⣿[38;2;46;105;94m⣿⣿[38;2;45;102;93m⠏[39m  [38;2;45;99;91m⠹[38;2;46;104;93m⣿[38;2;46;105;94m⣿[38;2;45;100;92m⣧[39m    [38;2;45;102;92m⢠[38;2;50;116;97m⣾[38;2;62;127;97m⣿[38;2;64;129;96m⣿[38;2;57;122;97m⣿[38;2;46;107;95m⠇[39m       [38;2;68;133;96m⣿[38;2;75;139;96m⣿[38;2;62;127;97m⣿[39m        [38;2;46;107;95m⢠[38;2;51;116;97m⣴[38;2;70;134;96m⣾[38;2;98;165;98m⣿[38;2;118;184;97m⣿[38;2;119;185;97m⣿[38;2;100;168;98m⣿[38;2;81;145;96m⣿[38;2;61;126;97m⣿[38;2;47;110;96m⣧[39m            [38;2;77;86;73m│[39m[48;2;40;42;42m                  
                  [38;2;77;86;73m[48;2;45;46;45m│[39m            [38;2;74;138;96m⣸[38;2;97;164;98m⣿[38;2;100;167;98m⣿[38;2;79;143;96m⣿[39m                [38;2;44;93;89m⠸[38;2;44;97;90m⢿⣧[39m                  [38;2;50;116;97m⠸[38;2;82;147;96m⣿[38;2;90;156;97m⣿[38;2;82;146;96m⣿[38;2;48;114;97m⣧[39m             [38;2;43;90;87m⢳[39m          [38;2;88;153;96m⣿[38;2;97;164;98m⣿[38;2;87;152;96m⣿[38;2;48;114;97m⣿[38;2;44;93;89m⡇[38;2;43;90;87m⠘[38;2;44;92;88m⠻[38;2;44;96;90m⢿[38;2;45;100;92m⣿[38;2;46;103;93m⣿[38;2;46;104;94m⡿[38;2;45;101;92m⠟[39m      [38;2;47;110;96m⣿[38;2;47;113;97m⣿[38;2;46;107;95m⣷[39m  [38;2;45;101;92m⢰[38;2;47;112;97m⣾[38;2;56;121;97m⣿[38;2;59;125;97m⣿[38;2;51;117;97m⡿[39m        [38;2;47;109;95m⢸[38;2;70;135;96m⣿[38;2;74;139;96m⣿[38;2;58;123;97m⣿[39m    [38;2;46;106;94m⣠[38;2;47;113;97m⣴[38;2;52;118;97m⣶[38;2;57;122;97m⣿[38;2;58;124;97m⣿[38;2;62;127;97m⣿[38;2;71;135;96m⣿[38;2;89;154;97m⣿[38;2;96;163;98m⣿[38;2;90;156;97m⠿[38;2;70;134;96m⠟[38;2;53;119;97m⢻[38;2;56;121;97m⣿[38;2;54;119;97m⣿[38;2;47;108;95m⣇[39m           [38;2;77;86;73m│[39m[48;2;40;42;42m                  
                  [38;2;77;86;73m[48;2;45;46;45m│[39m           [38;2;47;110;96m⢰[38;2;92;158;97m⣿[38;2;110;177;98m⣿[38;2;104;172;98m⣿[38;2;72;136;96m⣿[38;2;46;103;93m⣿[38;2;44;96;90m⣷[38;2;43;92;88m⣆[39m              [38;2;44;94;89m⠘[38;2;45;99;91m⢿[38;2;45;101;92m⣿[38;2;45;98;91m⡆[39m                 [38;2;74;138;96m⢻[38;2;94;161;97m⣿[38;2;94;160;97m⣿[38;2;67;132;96m⣿[39m              [38;2;43;91;88m⢳[38;2;43;89;87m⡄[39m       [38;2;59;125;97m⢸[38;2;93;160;97m⣿[38;2;100;168;98m⣿[38;2;87;152;96m⣿[38;2;49;115;97m⡟[39m    [38;2;45;98;91m⢿⣿[39m        [38;2;47;111;96m⢸[38;2;58;123;97m⣿[38;2;57;123;97m⣿[38;2;47;112;97m⣷[38;2;46;104;94m⣾[38;2;46;107;95m⣿[38;2;47;111;96m⣿[38;2;47;111;97m⣿[38;2;46;106;94m⠏[39m         [38;2;47;111;96m⢸[38;2;68;133;96m⣿[38;2;69;134;96m⣿[38;2;50;116;97m⡟[39m [38;2;44;92;88m⢰[38;2;45;98;91m⣾[38;2;46;106;94m⣿[38;2;47;113;97m⣿[38;2;53;119;97m⣿[38;2;56;122;97m⣿[38;2;59;124;97m⣿[38;2;57;123;97m⣿[38;2;56;121;97m⣿[38;2;49;115;97m⠿[38;2;46;108;95m⠃[39m    [38;2;51;116;97m⢻[38;2;64;129;97m⣿[38;2;60;125;97m⣿[38;2;46;108;95m⡇[39m          [38;2;77;86;73m│[39m[48;2;40;42;42m                  
                  [38;2;77;86;73m[48;2;45;46;45m│[39m           [38;2;57;123;97m⢸[38;2;99;166;98m⣿[38;2;110;177;98m⣿[38;2;98;165;98m⣿[38;2;59;125;97m⣿[38;2;45;98;91m⠿[38;2;44;94;89m⠿[38;2;43;92;88m⠿[39m               [38;2;44;97;90m⠸[38;2;46;105;94m⣿[38;2;47;110;96m⣿[38;2;46;106;94m⣧[39m                [38;2;69;133;96m⢸[38;2;97;164;98m⣿[38;2;100;167;98m⣿[38;2;78;142;96m⣿[39m               [38;2;43;92;88m⣿[39m       [38;2;76;140;96m⣾[38;2;99;166;98m⣿[38;2;102;170;98m⣿[38;2;86;151;96m⣿[38;2;56;122;97m⣷[39m    [38;2;44;97;90m⣸[39m         [38;2;57;122;97m⢸[38;2;73;138;96m⣿[38;2;72;136;96m⣿[38;2;56;121;97m⣿[38;2;46;107;95m⣿[38;2;46;103;93m⡿[38;2;45;99;91m⠏[39m           [38;2;47;113;97m⢸[38;2;64;129;96m⣿[38;2;63;128;97m⣿[38;2;47;109;95m⡇[39m [38;2;43;91;88m⠈[38;2;45;98;91m⠻[38;2;46;104;94m⠿[38;2;47;110;96m⠿[38;2;48;114;97m⠿[38;2;47;113;97m⠿[38;2;47;110;96m⠛[39m         [38;2;66;131;96m⣿[38;2;73;137;96m⣿[38;2;58;124;97m⣿[39m          [38;2;77;86;73m│[39m[48;2;40;42;42m                  
                  [38;2;77;86;73m[48;2;45;46;45m│[39m           [38;2;72;136;96m⣾[38;2;100;167;98m⣿[38;2;103;171;98m⣿[38;2;86;151;96m⣿[38;2;47;110;96m⡇[39m                   [38;2;45;101;92m⠸[38;2;52;118;97m⣿[38;2;60;126;97m⣿[38;2;55;121;97m⣷[38;2;46;104;93m⡄[39m              [38;2;82;146;96m⢸[38;2;107;174;98m⣿[38;2;108;175;98m⣿[38;2;82;146;96m⣿[39m               [38;2;43;92;88m⢸[38;2;44;94;89m⣷[38;2;43;92;88m⡄[39m    [38;2;53;119;97m⢸[38;2;91;157;97m⣿[38;2;106;174;98m⣿[38;2;105;173;98m⣿[38;2;88;153;96m⣿[38;2;72;136;96m⣿[38;2;62;127;97m⣿[38;2;56;122;97m⣿[38;2;53;119;97m⣿[38;2;51;116;97m⣿[38;2;48;114;97m⣿[38;2;47;112;97m⣧[38;2;47;110;96m⣄[38;2;46;107;95m⡀[39m    [38;2;46;107;95m⢀[38;2;55;120;97m⣴[38;2;75;140;96m⣿[38;2;83;147;96m⣿[38;2;74;138;96m⣿[38;2;52;118;97m⣿[38;2;45;100;92m⠇[39m             [38;2;53;119;97m⣼[38;2;65;130;96m⣿[38;2;59;124;97m⣿[39m                  [38;2;64;129;97m⣿[38;2;79;143;96m⣿[38;2;72;136;96m⣿[38;2;47;109;95m⡇[39m         [38;2;77;86;73m│[39m[48;2;40;42;42m                  
                  [38;2;77;86;73m[48;2;45;46;45m│[39m          [38;2;48;114;97m⢸[38;2;85;149;96m⣿[38;2;98;165;98m⣿[38;2;92;158;97m⣿[38;2;62;127;97m⡿[39m                     [38;2;48;114;97m⢹[38;2;69;134;96m⣿[38;2;77;141;96m⣿[38;2;65;130;96m⣿[38;2;47;109;96m⡆[39m            [38;2;62;127;97m⢰[38;2;103;171;98m⣿[38;2;121;186;97m⣿[38;2;109;176;98m⣿[38;2;72;136;96m⣿[39m                [38;2;45;99;91m⢻[38;2;46;103;93m⣿[38;2;46;105;94m⣆[39m  [38;2;60;125;97m⢰[38;2;88;154;97m⣿[38;2;108;176;98m⣿[38;2;110;177;98m⣿[38;2;96;163;98m⣿[38;2;78;142;96m⣿[38;2;66;131;96m⣿[38;2;62;127;97m⣿[38;2;59;124;97m⣿[38;2;57;122;97m⣿[38;2;55;121;97m⣿[38;2;54;120;97m⣿[38;2;55;121;97m⣿[38;2;57;123;97m⣿[38;2;58;124;97m⣿[38;2;57;123;97m⣿⣿[38;2;57;122;97m⣿[38;2;56;121;97m⣿[38;2;56;122;97m⣿[38;2;68;132;96m⣿[38;2;81;145;96m⣿⣿[38;2;64;129;96m⣿[38;2;46;105;94m⠇[39m              [38;2;59;124;97m⣿[38;2;66;131;96m⣿[38;2;54;120;97m⣿[39m                  [38;2;58;123;97m⢸[38;2;79;143;96m⣿[38;2;76;141;96m⣿[38;2;50;115;97m⣇[39m         [38;2;77;86;73m│[39m[48;2;40;42;42m                  
                  [38;2;77;86;73m[48;2;45;46;45m│[39m          [38;2;66;131;96m⣿[38;2;98;165;98m⣿[38;2;104;172;98m⣿[38;2;89;155;97m⣿[38;2;48;114;97m⡇[39m                      [38;2;64;129;97m⢿[38;2;83;147;96m⣿[38;2;85;150;96m⣿[38;2;73;137;96m⣿[38;2;53;118;97m⣧[39m          [38;2;63;128;97m⢰[38;2;96;163;98m⣿[38;2;123;189;97m⣿[38;2;123;188;97m⣿[38;2;98;165;98m⣿[38;2;55;120;97m⡟[39m                [38;2;46;104;93m⢸[38;2;59;124;97m⣿[38;2;83;148;96m⣿[38;2;95;162;97m⣿[38;2;100;168;98m⣿[38;2;106;173;98m⣿[38;2;115;181;97m⣿[38;2;115;182;97m⣿[38;2;100;167;98m⣿[38;2;78;142;96m⣿[38;2;55;121;97m⠟[38;2;49;115;97m⠉[38;2;48;114;97m⠙⠛[38;2;49;115;97m⠻⠿⠿[38;2;52;118;97m⢿[38;2;55;121;97m⣿[38;2;57;123;97m⣿[38;2;58;123;97m⣿⣿⣿[38;2;57;122;97m⣿⣿[38;2;66;131;96m⣿[38;2;72;137;96m⣿[38;2;66;131;96m⣿[38;2;47;112;97m⡏[39m              [38;2;47;112;97m⢸[38;2;62;128;97m⣿[38;2;63;128;97m⣿[38;2;47;112;97m⣿[39m                  [38;2;53;118;97m⢸[38;2;74;139;96m⣿[38;2;73;138;96m⣿[38;2;49;115;97m⡟[39m         [38;2;77;86;73m│[39m[48;2;40;42;42m                  
                  [38;2;77;86;73m[48;2;45;46;45m│[39m          [38;2;77;141;96m⣿[38;2;108;175;98m⣿[38;2;110;177;98m⣿[38;2;89;154;97m⣿[39m                       [38;2;56;121;97m⢸[38;2;80;144;96m⣿[38;2;90;156;97m⣿[38;2;91;157;97m⣿[38;2;86;151;96m⣿[38;2;77;141;96m⣿[38;2;64;129;97m⣷[38;2;49;115;97m⣦[39m     [38;2;53;119;97m⢠[38;2;79;143;96m⣼[38;2;96;163;98m⣿[38;2;112;179;98m⣿[38;2;115;182;97m⣿[38;2;100;167;98m⣿[38;2;70;135;96m⡿[39m                 [38;2;47;108;95m⢸[38;2;83;147;96m⣿[38;2;122;188;97m⣿[38;2;150;203;99m⣿[38;2;154;204;100m⣿[38;2;142;200;97m⣿[38;2;125;190;96m⣿[38;2;103;171;98m⣿[38;2;79;143;96m⡿[39m            [38;2;46;107;95m⠉[38;2;46;107;94m⠉[38;2;46;106;94m⠉[38;2;46;105;94m⠻[38;2;47;112;97m⢿[38;2;50;116;97m⣿[38;2;47;112;97m⣿[39m               [38;2;50;116;97m⣿[38;2;59;124;97m⣿[38;2;53;119;97m⣿[38;2;45;100;92m⠇[39m                  [38;2;47;112;97m⢸[38;2;62;127;97m⣿[38;2;60;125;97m⣿[38;2;46;106;94m⡇[39m         [38;2;77;86;73m│[39m[48;2;40;42;42m                  
                  [38;2;77;86;73m[48;2;45;46;45m│[39m          [38;2;80;144;96m⣿[38;2;117;183;97m⣿[38;2;120;186;97m⣿[38;2;96;162;97m⣿[39m                     [38;2;47;109;96m⢠[38;2;59;124;97m⣴[38;2;71;136;96m⣿[38;2;80;144;96m⣿[38;2;86;151;96m⣿[38;2;93;159;97m⣿[38;2;99;166;98m⣿[38;2;101;169;98m⣿[38;2;100;167;98m⣿[38;2;91;157;97m⣿[38;2;78;143;96m⣿[38;2;64;129;96m⣷[38;2;62;127;97m⣶[38;2;69;133;96m⣶[38;2;81;145;96m⣾[38;2;92;157;97m⣿[38;2;99;167;98m⣿[38;2;102;170;98m⣿[38;2;100;168;98m⣿[38;2;88;153;96m⣿[38;2;64;129;97m⠏[39m                  [38;2;46;107;94m⢸[38;2;86;151;96m⣿[38;2;133;197;96m⣿[38;2;164;208;102m⣿[38;2;166;208;103m⣿[38;2;145;201;98m⣿[38;2;108;175;98m⣿[38;2;80;144;96m⣿[38;2;47;111;96m⠇[39m                 [38;2;45;101;92m⢿⣿[39m              [38;2;45;101;92m⢰[38;2;50;116;97m⣿[38;2;52;118;97m⣿[38;2;46;107;95m⡏[39m                   [38;2;46;107;95m⢸[38;2;49;115;97m⣿[38;2;47;110;96m⡿[39m          [38;2;77;86;73m│[39m[48;2;40;42;42m                  
                  [38;2;77;86;73m[48;2;45;46;45m│[39m          [38;2;67;132;96m⢻[38;2;107;174;98m⣿[38;2;113;180;98m⣿[38;2;94;161;97m⣿[38;2;47;108;95m⡇[39m                  [38;2;46;108;95m⢰[38;2;54;120;97m⣾[38;2;66;131;96m⣿[38;2;75;139;96m⣿[38;2;75;140;96m⣿[38;2;69;134;96m⣿[38;2;66;131;96m⣿[38;2;77;141;96m⣿[38;2;92;158;97m⣿[38;2;103;171;98m⣿[38;2;109;176;98m⣿[38;2;104;172;98m⣿[38;2;96;163;98m⣿[38;2;89;155;97m⣿[38;2;88;153;96m⣿[38;2;90;156;97m⣿[38;2;94;160;97m⣿[38;2;97;164;98m⣿[38;2;96;163;98m⣿[38;2;88;153;96m⣿[38;2;68;133;96m⡿[38;2;47;108;95m⠃[39m                   [38;2;45;102;92m⠘[38;2;82;147;96m⣿[38;2;129;193;96m⣿[38;2;156;205;100m⣿[38;2;152;203;99m⣿[38;2;118;184;97m⣿[38;2;79;143;96m⣿[38;2;47;112;97m⡇[39m                   [38;2;44;97;90m⣷[39m              [38;2;46;108;95m⢸[38;2;52;118;97m⣿[38;2;49;115;97m⣿[39m                    [38;2;45;102;93m⣿[38;2;46;104;93m⣿[39m           [38;2;77;86;73m│[39m[48;2;40;42;42m                  
                  [38;2;77;86;73m[48;2;45;46;45m│[39m          [38;2;49;114;97m⠸[38;2;88;153;96m⣿[38;2;95;162;97m⣿[38;2;85;149;96m⣿[38;2;47;108;95m⡇[39m                [38;2;46;105;94m⣴[38;2;48;114;97m⣾[38;2;56;122;97m⣿[38;2;62;127;97m⣿[38;2;68;133;96m⣿[38;2;70;135;96m⣿[38;2;65;130;96m⡿[38;2;53;118;97m⠟[39m [38;2;51;116;97m⠙[38;2;71;136;96m⢿[38;2;89;154;97m⣿[38;2;98;165;98m⣿⣿[38;2;94;160;97m⣿[38;2;89;154;97m⣿[38;2;87;153;96m⣿[38;2;88;153;96m⣿⣿[38;2;83;147;96m⣿[38;2;67;132;96m⡿[38;2;47;112;97m⠃[39m                      [38;2;83;147;96m⣿[38;2;116;182;97m⣿[38;2;129;194;96m⣿[38;2;110;177;98m⣿[38;2;77;141;96m⣿[38;2;47;109;95m⠿[38;2;44;97;90m⣿[38;2;44;93;88m⣆[39m                  [38;2;47;108;95m⣿[38;2;54;119;97m⣿[38;2;61;127;97m⣶[38;2;65;130;96m⣶[38;2;62;127;97m⣶[38;2;55;120;97m⣶[38;2;47;111;97m⣦[38;2;46;104;93m⣄[39m       [38;2;52;118;97m⣿[38;2;60;125;97m⣿[38;2;52;118;97m⣷[39m                   [38;2;44;96;90m⢰[38;2;45;100;92m⣿[38;2;44;97;90m⡇[39m           [38;2;77;86;73m│[39m[48;2;40;42;42m                  
                  [38;2;77;86;73m[48;2;45;46;45m│[39m           [38;2;50;116;97m⠸[38;2;61;126;97m⣿⣿[38;2;49;115;97m⣧[38;2;47;110;96m⡄[39m           [38;2;45;101;92m⢀[38;2;46;103;93m⣤[38;2;46;107;94m⣴[38;2;47;112;97m⣿[38;2;53;118;97m⣿[38;2;57;122;97m⣿[38;2;58;123;97m⣿[38;2;54;119;97m⡿[38;2;49;115;97m⠟[38;2;46;108;95m⠃[39m   [38;2;67;132;96m⣴[38;2;76;140;96m⣾[38;2;72;136;96m⣿[38;2;65;130;96m⣿[38;2;63;128;97m⣿[38;2;64;129;96m⣿[38;2;64;129;97m⡿[38;2;61;127;97m⠿[38;2;56;122;97m⠟[38;2;47;113;97m⠃[39m                        [38;2;54;120;97m⢸[38;2;98;165;98m⣿[38;2;122;187;97m⣿[38;2;117;183;97m⣿[38;2;86;151;96m⣿[39m   [38;2;43;91;88m⢻[38;2;44;93;89m⣿[38;2;44;95;90m⣦[38;2;44;96;90m⣄[39m [38;2;44;93;89m⢸[39m            [38;2;58;124;97m⣼[38;2;78;142;96m⣿[38;2;83;148;96m⣿[38;2;81;145;96m⣿[38;2;74;139;96m⣿[38;2;67;132;96m⣿[38;2;59;124;97m⣿[38;2;50;115;97m⣿[38;2;47;108;95m⣿[38;2;45;102;93m⣿[38;2;45;98;91m⣶[38;2;44;96;90m⣦[38;2;44;94;89m⡀[39m  [38;2;45;102;92m⢸[38;2;60;125;97m⣿[38;2;74;139;96m⣿[38;2;69;133;96m⣿[39m       [38;2;43;90;87m⢸[38;2;44;93;88m⡆[39m     [38;2;54;120;97m⣀[38;2;53;118;97m⣀[39m   [38;2;45;100;92m⢸[38;2;44;97;90m⡿[39m            [38;2;77;86;73m│[39m[48;2;40;42;42m                  
                  [38;2;77;86;73m[48;2;45;46;45m│[39m             [38;2;56;122;97m⣿[38;2;73;137;96m⣿[38;2;81;145;96m⣿[38;2;82;147;96m⣿[38;2;80;144;96m⣿[38;2;81;145;96m⣿[38;2;78;142;96m⣿[38;2;73;138;96m⣿[38;2;68;132;96m⣿[38;2;64;129;96m⣿[38;2;61;126;97m⣿[38;2;54;119;97m⣿[38;2;47;112;97m⣿[38;2;46;107;95m⣿[38;2;46;106;94m⣿[38;2;46;108;95m⣿[38;2;47;111;97m⣿[38;2;51;116;97m⣿[38;2;57;122;97m⣿[38;2;56;122;97m⣿[38;2;48;114;97m⡇[39m    [38;2;50;116;97m⢰[38;2;76;141;96m⣿[38;2;87;152;96m⣿[38;2;84;148;96m⣿[38;2;63;128;97m⣿[38;2;46;107;95m⡇[39m                              [38;2;75;139;96m⣿[38;2;108;175;98m⣿[38;2;119;185;97m⣿[38;2;100;168;98m⣿[38;2;60;125;97m⡏[39m    [38;2;43;92;88m⠈[38;2;44;96;90m⢿[38;2;45;99;91m⣿[38;2;45;101;92m⣿[38;2;45;99;91m⣿[38;2;44;96;90m⡇[39m          [38;2;57;123;97m⣾[38;2;81;145;96m⣿[38;2;89;155;97m⣿[38;2;86;151;96m⣿[38;2;78;142;96m⣿[38;2;68;133;96m⡿[38;2;61;126;97m⠿[38;2;53;118;97m⠛[38;2;47;111;96m⠛[38;2;46;105;94m⠻[38;2;45;101;92m⠿[38;2;45;98;91m⠿[38;2;44;96;90m⣿[38;2;44;95;89m⣿[38;2;44;92;88m⣿⣷[38;2;45;100;92m⣾[38;2;56;121;97m⣿[38;2;79;143;96m⣿[38;2;84;148;96m⣿[38;2;73;137;96m⣿[38;2;48;114;97m⣆[39m      [38;2;47;110;96m⣿[38;2;54;119;97m⣿[38;2;62;127;97m⣿[38;2;71;136;96m⣿[38;2;81;145;96m⣿[38;2;85;150;96m⣿[38;2;85;149;96m⣿[38;2;82;146;96m⣿[38;2;81;145;96m⣿⣿[38;2;75;139;96m⣿[38;2;60;125;97m⣶[39m             [38;2;77;86;73m│[39m[48;2;40;42;42m                  
                  [38;2;77;86;73m[48;2;45;46;45m│[39m            [38;2;47;113;97m⣼[38;2;69;134;96m⣿[38;2;85;150;96m⣿[38;2;88;153;96m⣿[38;2;87;152;96m⣿[38;2;83;147;96m⣿[38;2;83;148;96m⣿[38;2;81;145;96m⣿[38;2;77;141;96m⣿[38;2;71;135;96m⣿[38;2;67;132;96m⣿[38;2;63;128;97m⣿[38;2;55;120;97m⣿[38;2;47;112;97m⣿[38;2;46;107;94m⠿[38;2;46;104;93m⠟⠛[38;2;46;105;94m⠿[38;2;46;107;95m⢿[38;2;47;111;96m⣿[38;2;47;110;96m⣿[38;2;46;107;95m⣿[38;2;45;103;93m⣦[38;2;46;105;94m⣤[38;2;47;111;96m⣴[38;2;52;117;97m⣾[38;2;65;130;96m⣿[38;2;84;148;96m⣿[38;2;89;155;97m⣿[38;2;81;145;96m⣿[38;2;51;117;97m⡏[39m                         [38;2;46;108;95m⡀[39m   [38;2;45;99;91m⢠[38;2;48;114;97m⣼[38;2;84;149;96m⣿[38;2;103;171;98m⣿[38;2;102;170;98m⣿[38;2;78;142;96m⡿[39m       [38;2;44;96;90m⠘[38;2;45;99;91m⢻[38;2;45;100;92m⣿⣿[38;2;45;98;91m⣦[39m        [38;2;47;109;96m⢸[38;2;72;136;96m⣿[38;2;86;151;96m⣿[38;2;86;150;96m⣿[38;2;68;133;96m⡿[39m            [38;2;44;94;89m⠈[38;2;46;108;95m⠻[38;2;67;132;96m⣿[38;2;83;147;96m⣿[38;2;85;150;96m⣿[38;2;73;137;96m⣿[38;2;56;121;97m⣷[38;2;46;107;95m⡄[39m  [38;2;46;106;94m⢀[38;2;62;127;97m⣼[38;2;79;143;96m⣿[38;2;84;149;96m⣿[38;2;81;145;96m⣿⣿[38;2;84;149;96m⣿[38;2;87;152;96m⣿[38;2;86;151;96m⣿[38;2;84;149;96m⣿[38;2;86;150;96m⣿[38;2;91;157;97m⣿[38;2;95;162;97m⣿[38;2;88;154;97m⣿[38;2;68;133;96m⣿[38;2;46;103;93m⡆[39m           [38;2;77;86;73m│[39m[48;2;40;42;42m                  
                  [38;2;77;86;73m[48;2;45;46;45m│[39m           [38;2;46;104;93m⢸[38;2;57;122;97m⣿[38;2;73;137;96m⣿[38;2;80;144;96m⣿[38;2;76;141;96m⣿[38;2;70;135;96m⠿[38;2;63;128;97m⠿⠿[38;2;62;127;97m⠿[38;2;59;124;97m⠟[38;2;55;120;97m⠛[38;2;51;117;97m⠛[38;2;47;112;97m⠋[39m        [38;2;45;100;92m⢻[38;2;45;103;93m⣿[38;2;46;106;94m⣿[38;2;47;111;96m⣿[38;2;51;116;97m⣿[38;2;54;120;97m⣿[38;2;62;127;97m⣿[38;2;68;133;96m⣿[38;2;64;129;97m⣿[38;2;47;113;97m⠇[39m                     [38;2;46;107;95m⢠[38;2;61;126;97m⣶[38;2;75;139;96m⣿[38;2;79;143;96m⣿[38;2;73;137;96m⣿[38;2;63;128;97m⣿[38;2;51;116;97m⣿[38;2;46;107;94m⣿[38;2;45;102;92m⣿[38;2;46;103;93m⣿[38;2;49;115;97m⣿[38;2;81;145;96m⣿[38;2;91;157;97m⣿[38;2;85;150;96m⣿[38;2;53;118;97m⡇[39m          [38;2;45;99;91m⢻[38;2;46;103;93m⣿[38;2;45;101;92m⣷[38;2;44;94;89m⡄[39m      [38;2;53;119;97m⣿[38;2;72;137;96m⣿[38;2;73;137;96m⣿[38;2;55;120;97m⡏[39m               [38;2;47;109;96m⠸[38;2;64;129;97m⢿[38;2;77;141;96m⣿[38;2;75;140;96m⣿[38;2;66;131;96m⣿[38;2;59;125;97m⣿[38;2;56;121;97m⣿[38;2;57;123;97m⣾[38;2;72;137;96m⣿[38;2;91;156;97m⣿[38;2;97;164;98m⣿[38;2;92;158;97m⣿[38;2;78;142;96m⣿[38;2;69;133;96m⡿[38;2;66;131;96m⠿[38;2;64;129;96m⠟[38;2;61;126;97m⠛[38;2;60;125;97m⠻[38;2;68;132;96m⣿[38;2;83;148;96m⣿[38;2;97;164;98m⣿⣿[38;2;84;148;96m⣿[38;2;50;115;97m⣷[39m           [38;2;77;86;73m│[39m[48;2;40;42;42m                  
                  [38;2;77;86;73m[48;2;45;46;45m│[39m           [38;2;47;110;96m⢸[38;2;59;124;97m⣿[38;2;63;128;97m⣿[38;2;52;118;97m⡏[39m                  [38;2;44;95;89m⠘[38;2;45;101;92m⠻[38;2;46;108;95m⠿[38;2;47;111;96m⠿[38;2;47;110;96m⠟[38;2;46;107;95m⠛[38;2;46;104;93m⢿[38;2;45;99;91m⡇[39m                    [38;2;45;102;92m⢠[38;2;47;111;97m⣾[38;2;65;130;96m⣿[38;2;82;146;96m⣿[38;2;88;153;96m⣿[38;2;85;149;96m⣿[38;2;75;140;96m⣿[38;2;63;128;97m⣿[38;2;50;116;97m⣿[38;2;46;106;94m⠿[38;2;45;101;92m⠿[38;2;45;102;92m⠛[38;2;47;111;96m⢿[38;2;70;134;96m⣿[38;2;81;145;96m⣿[38;2;74;138;96m⣿[38;2;47;112;97m⡇[39m           [38;2;45;100;92m⢹[38;2;45;102;93m⣿[38;2;45;98;91m⣷[39m     [38;2;45;99;91m⢸[38;2;53;119;97m⣿[38;2;61;126;97m⣿[38;2;52;117;97m⡟[39m                  [38;2;47;113;97m⠹[38;2;56;122;97m⢿[38;2;59;124;97m⣿[38;2;60;126;97m⣿[38;2;64;129;97m⣿[38;2;74;139;96m⣿[38;2;92;159;97m⣿[38;2;108;175;98m⣿[38;2;105;173;98m⣿[38;2;87;152;96m⣿[38;2;51;117;97m⠃[39m      [38;2;51;117;97m⢿[38;2;78;142;96m⣿[38;2;86;151;96m⣿[38;2;78;142;96m⣿[38;2;49;115;97m⣿[39m           [38;2;77;86;73m│[39m[48;2;40;42;42m                  
                  [38;2;77;86;73m[48;2;45;46;45m│[39m           [38;2;46;107;95m⢸[38;2;51;117;97m⣿[38;2;48;114;97m⣿[39m                                            [38;2;45;101;92m⣤[38;2;46;104;93m⣶[38;2;46;108;95m⣾[38;2;47;112;97m⣿[38;2;55;120;97m⣿[38;2;74;138;96m⣿[38;2;86;151;96m⣿[38;2;88;153;96m⣿[38;2;77;142;96m⡿[38;2;60;125;97m⠛[39m     [38;2;46;104;93m⢸[38;2;58;124;97m⣿[38;2;78;142;96m⣿[38;2;80;144;96m⣿[38;2;62;127;97m⣧[39m            [38;2;44;97;90m⠸⣿[39m     [38;2;45;101;92m⢸[38;2;48;114;97m⣿[38;2;49;115;97m⣿[38;2;46;104;94m⡇[39m                     [38;2;51;117;97m⠹[38;2;66;131;96m⣿[38;2;82;146;96m⣿[38;2;99;166;98m⣿[38;2;110;177;98m⣿[38;2;101;168;98m⣿[38;2;74;139;96m⣧[39m        [38;2;47;112;97m⣿[38;2;53;119;97m⣿[38;2;50;116;97m⡿[38;2;45;102;93m⠇[39m           [38;2;77;86;73m│[39m[48;2;40;42;42m                  
                  [38;2;77;86;73m[48;2;45;46;45m│[39m           [38;2;45;98;91m⠘[38;2;46;106;94m⣿[38;2;46;107;95m⣿[38;2;45;98;91m⡆[39m                        [38;2;43;91;87m⢠[38;2;43;92;88m⣷[39m            [38;2;44;96;90m⢀[38;2;45;98;91m⣴[38;2;45;100;92m⣶[38;2;45;101;92m⣾[38;2;45;102;92m⣿[38;2;46;104;93m⣿[38;2;46;105;94m⣿[38;2;46;107;95m⣿[38;2;47;110;96m⣿[38;2;49;115;97m⣿[38;2;63;128;97m⣿[38;2;72;137;96m⣿⣿[38;2;59;124;97m⣷[38;2;47;111;96m⣤[38;2;46;103;93m⣤[38;2;44;97;90m⣤[38;2;44;94;89m⣤[38;2;43;92;88m⣶[38;2;44;93;88m⣿[38;2;45;98;91m⣿[38;2;47;112;97m⣿[38;2;69;134;96m⣿[38;2;83;148;96m⣿[38;2;85;149;96m⣿[38;2;72;137;96m⣷[38;2;55;121;97m⡄[39m                 [38;2;47;110;96m⣸[38;2;52;118;97m⣿⣿[38;2;47;111;96m⡆[39m                    [38;2;46;107;95m⢀[38;2;52;118;97m⣼[38;2;61;126;97m⣿[38;2;70;134;96m⣿[38;2;85;150;96m⣿[38;2;93;159;97m⣿[38;2;90;156;97m⣿[38;2;73;138;96m⣿[38;2;49;115;97m⣦[39m       [38;2;44;94;89m⠹⠋[39m             [38;2;77;86;73m│[39m[48;2;40;42;42m                  
                  [38;2;77;86;73m[48;2;45;46;45m│[39m             [38;2;45;99;91m⢿[38;2;45;101;92m⣿[38;2;45;100;91m⣧[38;2;45;98;91m⡄[39m                       [38;2;45;100;92m⠛[39m     [38;2;44;96;90m⣀[38;2;44;94;89m⣀[38;2;44;93;88m⣠[38;2;43;92;88m⣤[38;2;44;93;89m⣾[38;2;44;95;90m⣿[38;2;44;97;90m⣿[38;2;45;98;91m⣿[38;2;45;99;91m⣿[38;2;45;100;92m⡿⠿[38;2;45;100;91m⠟[38;2;45;100;92m⠉[39m    [38;2;46;106;94m⠸[38;2;50;116;97m⣿[38;2;55;121;97m⣿[38;2;51;117;97m⣿[38;2;47;109;96m⣿[38;2;45;102;93m⣿[38;2;44;96;90m⡿[38;2;44;93;88m⠟[38;2;43;91;88m⠋[39m   [38;2;53;118;97m⢻[38;2;73;137;96m⣿[38;2;85;149;96m⣿[38;2;84;148;96m⣿[38;2;78;142;96m⣿[38;2;69;133;96m⣿[38;2;56;122;97m⣷[38;2;46;107;95m⣆[39m      [38;2;44;93;88m⣠[38;2;44;94;89m⣿[38;2;44;95;89m⣿[38;2;44;94;89m⣷[38;2;44;93;89m⣶[38;2;44;94;89m⣾[38;2;45;98;91m⣿[38;2;46;105;94m⣿[38;2;47;113;97m⣿[38;2;53;119;97m⣿[38;2;56;122;97m⣿[38;2;55;121;97m⣿[38;2;55;120;97m⣿[38;2;54;120;97m⣿[38;2;52;118;97m⣶[38;2;48;114;97m⣶[38;2;47;111;96m⣤[38;2;47;109;96m⣄[38;2;46;108;95m⣀[39m           [38;2;46;105;94m⣰[38;2;47;111;97m⣾[38;2;52;117;97m⣿[38;2;55;120;97m⣿[38;2;54;120;97m⣿[38;2;52;118;97m⡿[38;2;57;122;97m⠿[38;2;66;130;96m⢿[38;2;70;134;96m⣿[38;2;64;129;97m⣿[38;2;52;118;97m⣿[38;2;47;111;96m⣿[38;2;46;106;94m⣿[38;2;45;102;92m⣿[38;2;45;98;91m⣿[38;2;44;95;89m⣿[38;2;44;92;88m⡿[39m                [38;2;77;86;73m│[39m[48;2;40;42;42m                  
                  [38;2;77;86;73m[48;2;45;46;45m│[39m              [38;2;45;98;91m⢻[38;2;46;103;93m⣿[38;2;46;107;95m⣿[38;2;47;112;97m⣿[38;2;51;117;97m⣶[38;2;55;120;97m⣶[38;2;57;122;97m⣶[38;2;53;119;97m⣤[38;2;47;113;97m⣄[39m           [38;2;47;112;97m⢀[38;2;50;116;97m⣠[38;2;53;119;97m⣤[38;2;55;120;97m⣤⣴[38;2;57;123;97m⣶[38;2;60;125;97m⣶[38;2;63;128;97m⣿[38;2;62;127;97m⣿[38;2;57;122;97m⣿[38;2;49;115;97m⣿[38;2;46;107;95m⣿[38;2;45;101;92m⣿[38;2;44;97;90m⣿[38;2;44;94;89m⣿[38;2;44;92;88m⠟[38;2;44;93;89m⠛[38;2;44;95;89m⠛⠋[39m            [38;2;46;107;95m⠙[38;2;47;109;95m⠛[38;2;46;105;94m⠋[39m        [38;2;47;112;97m⠘[38;2;66;131;96m⢿[38;2;76;141;96m⣿[38;2;77;141;96m⣿[38;2;71;135;96m⣿[38;2;59;124;97m⣿[38;2;47;109;96m⣿[38;2;44;95;89m⡿[39m [38;2;43;89;87m⣠⣿[38;2;43;90;87m⣿[38;2;43;91;88m⢿[38;2;44;93;88m⣿⠟⠛[38;2;43;92;88m⠛⠛[38;2;44;93;88m⠁[38;2;44;96;90m⠙[38;2;45;102;92m⠿[38;2;47;108;95m⠿[38;2;47;113;97m⢿[38;2;51;117;97m⣿[38;2;53;119;97m⣿[38;2;55;121;97m⣿[38;2;57;122;97m⣿⣿[38;2;56;121;97m⣿[38;2;57;122;97m⣿[38;2;60;125;97m⣿[38;2;64;129;97m⣿[38;2;65;130;96m⣿⣿⣿[38;2;68;133;96m⣿[38;2;71;135;96m⣷⣶[38;2;68;132;96m⣶[38;2;65;130;96m⣶[38;2;62;127;97m⣾[38;2;58;123;97m⣿[38;2;51;117;97m⣿[38;2;47;113;97m⣿[38;2;48;114;97m⣿[38;2;51;116;97m⣿[38;2;48;114;97m⡿[38;2;46;106;94m⠇[39m   [38;2;46;105;94m⠘[38;2;47;111;96m⠻[38;2;47;111;97m⠿[38;2;47;109;95m⠿[38;2;46;105;94m⠿[38;2;45;101;92m⠿[38;2;44;97;90m⠟[38;2;44;94;89m⠋[39m                 [38;2;77;86;73m│[39m[48;2;40;42;42m                  
                  [38;2;77;86;73m[48;2;45;46;45m│[39m               [38;2;45;98;91m⠘[38;2;46;106;94m⢿[38;2;47;113;97m⣿[38;2;55;120;97m⣿[38;2;63;128;97m⣿[38;2;69;134;96m⣿[38;2;70;134;96m⣿[38;2;65;130;96m⣿[38;2;58;123;97m⣿[38;2;50;116;97m⣿[38;2;47;111;96m⣷[38;2;47;108;95m⣶[38;2;47;111;96m⣶[38;2;52;118;97m⣶[38;2;60;125;97m⣿[38;2;65;129;96m⣿[38;2;67;132;96m⣿[38;2;69;134;96m⣿[38;2;73;137;96m⣿[38;2;76;141;96m⣿[38;2;78;142;96m⣿⣿[38;2;74;139;96m⣿[38;2;69;133;96m⣿[38;2;65;130;96m⣿[38;2;64;129;96m⣿[38;2;65;130;96m⣿[38;2;64;129;97m⣿[38;2;58;123;97m⣿[38;2;49;115;97m⣿[38;2;46;106;94m⡿[38;2;45;99;91m⠟[38;2;44;94;89m⠃[39m                               [38;2;48;114;97m⠈[38;2;52;118;97m⠛[38;2;47;113;97m⠛[38;2;46;103;93m⠃[39m                  [38;2;46;107;95m⠈[38;2;47;111;97m⠙[38;2;48;114;97m⠻[38;2;50;116;97m⠿[38;2;53;119;97m⢿[38;2;59;124;97m⣿[38;2;64;129;97m⣿[38;2;66;131;96m⣿[38;2;68;133;96m⣿[38;2;70;135;96m⣿[38;2;74;138;96m⣿[38;2;78;142;96m⣿⣿[38;2;74;139;96m⣿[38;2;70;135;96m⣿[38;2;66;131;96m⣿[38;2;60;125;97m⣿[38;2;50;116;97m⣿[38;2;47;109;96m⡿[38;2;46;104;93m⠟[39m                               [38;2;77;86;73m│[39m[48;2;40;42;42m                  
                  [38;2;77;86;73m[48;2;45;46;45m│[39m                  [38;2;47;112;97m⠻[38;2;57;122;97m⢿[38;2;65;130;96m⣿[38;2;67;132;96m⣿[38;2;64;129;96m⣿[38;2;58;123;97m⣿[38;2;51;117;97m⣿[38;2;47;112;97m⣿[38;2;47;110;96m⣿[38;2;47;113;97m⣿[38;2;54;120;97m⣿[38;2;63;128;97m⣿[38;2;67;132;96m⣿[38;2;69;134;96m⣿[38;2;71;136;96m⣿[38;2;75;139;96m⣿[38;2;77;142;96m⣿[38;2;78;142;96m⣿[38;2;77;141;96m⣿[38;2;73;137;96m⣿[38;2;65;130;96m⣿[38;2;59;125;97m⡿[38;2;56;121;97m⠿[38;2;53;119;97m⠿[38;2;49;115;97m⠛[38;2;46;108;95m⠋[39m                                                               [38;2;47;110;96m⠈[38;2;49;115;97m⠙[38;2;53;119;97m⠻[38;2;58;123;97m⠿[38;2;63;128;97m⠿[38;2;68;133;96m⢿[38;2;69;133;96m⡿[38;2;65;130;96m⠿[38;2;60;125;97m⠿[38;2;54;119;97m⠟[38;2;47;112;97m⠋[39m                                  [38;2;77;86;73m│[39m[48;2;40;42;42m                  
                  [38;2;77;86;73m[48;2;45;46;45m│[39m                          [38;2;45;102;92m⠉[38;2;46;104;93m⠉[38;2;47;110;96m⠛[38;2;50;116;97m⠛[38;2;53;119;97m⠛[38;2;54;120;97m⠛[38;2;55;120;97m⠛[38;2;55;121;97m⠛⠛[38;2;53;119;97m⠛[38;2;49;115;97m⠋[39m                                                                                                                   [38;2;77;86;73m│[39m[48;2;40;42;42m                  
                  [38;2;77;86;73m[48;2;45;46;45m│[39m                                                                                                                                                        [38;2;77;86;73m│[39m[48;2;40;42;42m                  
                  [38;2;77;86;73m[48;2;45;46;45m│[39m                                                                                                                                                        [38;2;77;86;73m│[39m[48;2;40;42;42m                  
                  [38;2;77;86;73m[48;2;45;46;45m└────────────────────────────────────────────────────────────────────────────────────────────────────────────────────────────────────────────────────────┘[39m[48;2;40;42;42m                  
                                                                                                                                                                                              
                                                                                                                                                                                              
