[48;2;40;42;42m                                                                
                                                                
         [38;2;77;86;73m[48;2;45;46;45m┌────────────────────────────────────────────┐[39m[48;2;40;42;42m         
         [38;2;77;86;73m[48;2;45;46;45m│[39m                                            [38;2;77;86;73m│[39m[48;2;40;42;42m         
         [38;2;77;86;73m[48;2;45;46;45m│[39m    [38;2;44;97;90m⣧[39m     [38;2;45;103;93m⢠[38;2;45;100;92m⣶[38;2;46;103;93m⣦[38;2;45;102;92m⣄[39m [38;2;44;96;90m⢠[38;2;45;98;91m⣶[38;2;45;102;93m⣶[38;2;45;101;92m⣶⣶[38;2;45;99;91m⣦[38;2;44;97;90m⣤[38;2;45;101;92m⣤[38;2;47;108;95m⢀[38;2;47;110;96m⣶[38;2;46;107;95m⣄[38;2;45;100;92m⢀⣴[38;2;44;97;90m⣶⣶⣶[38;2;45;98;91m⣶[38;2;45;102;92m⣤[38;2;45;102;93m⣤[38;2;45;100;92m⣤[38;2;45;101;92m⣄[39m [38;2;47;113;97m⣤[38;2;46;105;94m⡀[39m     [38;2;77;86;73m│[39m[48;2;40;42;42m         
         [38;2;77;86;73m[48;2;45;46;45m│[39m    [38;2;45;98;91m⢸[38;2;45;101;92m⡇[38;2;46;105;94m⢸[38;2;47;110;96m⡿[38;2;46;107;95m⣿[38;2;45;102;93m⣿[38;2;45;99;91m⣿[39m  [38;2;45;101;92m⢻[38;2;45;99;91m⡏[39m [38;2;44;97;90m⡇[39m [38;2;47;108;95m⣼[39m [38;2;46;105;94m⢸[38;2;45;100;91m⡇[38;2;45;103;93m⢸[38;2;46;107;95m⣿[38;2;46;106;94m⠿[38;2;45;102;92m⠿[38;2;44;97;90m⣿⠃[39m   [38;2;45;101;92m⢸[38;2;45;99;91m⠟[38;2;45;100;92m⢻[38;2;45;99;91m⡟[38;2;45;101;92m⠛[38;2;46;104;93m⣿[38;2;47;110;96m⣿[38;2;46;103;93m⣿[39m     [38;2;77;86;73m│[39m[48;2;40;42;42m         
         [38;2;77;86;73m[48;2;45;46;45m│[39m    [38;2;45;98;91m⠘[38;2;45;101;92m⢷[38;2;46;108;95m⣿[38;2;47;111;96m⣿[38;2;46;108;95m⠿[39m [38;2;45;102;92m⠘[38;2;45;100;91m⣧[38;2;45;102;92m⣰[38;2;45;100;91m⣿[39m  [38;2;44;96;90m⣶[38;2;45;100;92m⣶[38;2;45;101;92m⣿[38;2;46;105;94m⣶[38;2;45;100;91m⣿[39m [38;2;46;105;94m⢸[38;2;47;110;96m⡿[39m  [38;2;45;100;92m⢿[39m  [38;2;46;105;94m⣿[38;2;46;107;95m⢿[38;2;46;103;93m⣆[38;2;46;104;93m⡄[38;2;46;107;94m⢸⡇[38;2;46;103;93m⢸[38;2;46;104;94m⡟[38;2;47;111;96m⠋[38;2;46;103;93m⢹[38;2;45;102;93m⡄[39m    [38;2;77;86;73m│[39m[48;2;40;42;42m         
         [38;2;77;86;73m[48;2;45;46;45m│[39m     [38;2;44;97;90m⣷[39m   [38;2;45;99;91m⢀⣶⣿⠋[39m [38;2;45;100;91m⢠[38;2;45;101;92m⣾[38;2;45;99;91m⡇[39m [38;2;46;103;93m⠘[38;2;46;104;94m⡇[39m  [38;2;45;103;93m⣾[38;2;46;106;94m⢿[38;2;45;101;92m⣶[39m [38;2;45;99;91m⢸[38;2;45;98;91m⡇[39m [38;2;46;107;95m⢿[38;2;47;109;95m⣿[39m [38;2;45;103;93m⢸[38;2;46;103;93m⣿[38;2;45;102;92m⡿[38;2;44;96;90m⠟[38;2;45;99;91m⢠[39m [38;2;45;102;92m⢸⡇[39m    [38;2;77;86;73m│[39m[48;2;40;42;42m         
         [38;2;77;86;73m[48;2;45;46;45m│[39m     [38;2;46;103;93m⠻[38;2;46;106;94m⣶[38;2;44;97;90m⣿⣿[38;2;45;101;92m⣷[39m [38;2;46;106;94m⣿[39m  [38;2;46;106;94m⣸[38;2;47;111;97m⡏[38;2;47;109;95m⢸[38;2;45;98;91m⣆[39m [38;2;44;93;89m⡇[39m [38;2;44;96;90m⠸[38;2;45;101;92m⣷[38;2;47;108;95m⣼[38;2;46;103;93m⠿[38;2;45;99;91m⡟⠈[38;2;45;100;92m⢿[39m [38;2;45;102;92m⠉[38;2;45;100;91m⢸[38;2;45;103;93m⠋[38;2;46;103;93m⢸[38;2;46;104;93m⡇[39m  [38;2;45;101;92m⣸[38;2;47;110;96m⣿[38;2;46;108;95m⣿[39m     [38;2;77;86;73m│[39m[48;2;40;42;42m         
         [38;2;77;86;73m[48;2;45;46;45m│[39m    [38;2;46;107;95m⢠[38;2;46;104;93m⣾[38;2;47;108;95m⣇[39m  [38;2;45;101;92m⠘[38;2;46;107;95m⣿[38;2;46;106;94m⣿[38;2;45;100;92m⡿[38;2;45;98;91m⠛[38;2;46;104;93m⢻[38;2;47;108;95m⣿[38;2;46;107;95m⣾[38;2;45;102;93m⡇[39m [38;2;45;98;91m⢹⣦[39m [38;2;45;101;92m⠹[38;2;46;107;95m⢿⣿[39m  [38;2;45;99;91m⣸⣇[39m [38;2;45;98;91m⢸[39m [38;2;44;97;90m⢸[39m  [38;2;44;96;90m⣾[38;2;46;104;93m⠃[38;2;49;115;97m⢸[38;2;47;112;97m⣷[39m     [38;2;77;86;73m│[39m[48;2;40;42;42m         
         [38;2;77;86;73m[48;2;45;46;45m│[39m     [38;2;46;106;94m⠇[38;2;47;111;96m⠸[38;2;45;99;91m⣧[39m [38;2;44;95;90m⣀[38;2;46;103;93m⣿[38;2;46;106;94m⣿[38;2;45;102;93m⡄[38;2;45;100;91m⢀[38;2;46;103;93m⡇[39m [38;2;47;108;95m⡇[38;2;46;107;95m⢻[38;2;45;101;92m⣧[39m [38;2;45;100;92m⢹[38;2;45;102;93m⣿[38;2;45;102;92m⣦[39m [38;2;46;105;94m⣾[38;2;46;104;93m⣿[38;2;45;102;93m⠿[38;2;46;104;93m⠃⣿[38;2;46;107;95m⢠[38;2;45;100;91m⣿[39m [38;2;44;95;90m⢸[38;2;44;96;90m⣦[38;2;45;98;91m⡼[38;2;44;94;89m⢿[38;2;44;97;90m⡄[38;2;46;108;95m⠸[38;2;46;106;94m⣿[39m     [38;2;77;86;73m│[39m[48;2;40;42;42m         
         [38;2;77;86;73m[48;2;45;46;45m│[39m     [38;2;45;99;91m⢣[38;2;46;104;93m⣶[38;2;45;98;91m⣿[38;2;44;94;89m⠙[38;2;43;92;88m⠃[39m [38;2;45;102;92m⢸[38;2;45;101;92m⣧[38;2;45;100;92m⣾[38;2;45;99;91m⣷[38;2;46;105;94m⣤[38;2;46;104;93m⣿[38;2;46;105;94m⣾[38;2;44;95;90m⡟[39m [38;2;45;100;91m⢸[38;2;46;105;94m⡇⢸[38;2;45;103;93m⡟[39m [38;2;45;103;93m⢻[38;2;45;102;92m⣷[38;2;45;102;93m⣶[38;2;46;103;93m⣿[38;2;47;110;96m⠿[38;2;46;105;94m⠇[39m [38;2;44;97;90m⢸[38;2;45;98;91m⡿[39m    [38;2;45;100;92m⢿[39m     [38;2;77;86;73m│[39m[48;2;40;42;42m         
         [38;2;77;86;73m[48;2;45;46;45m│[39m     [38;2;46;104;93m⣿[38;2;47;108;95m⠃[39m  [38;2;45;100;92m⢠[38;2;45;100;91m⡼[38;2;45;98;91m⠛[38;2;45;101;92m⣿[39m [38;2;46;104;93m⢹[38;2;46;106;94m⣾[38;2;45;101;92m⡿[39m   [38;2;46;103;93m⢸[38;2;47;109;96m⡇[38;2;47;111;96m⢸[38;2;46;104;93m⡟[39m [38;2;44;95;89m⠏[39m  [38;2;45;102;92m⣷[38;2;45;102;93m⣴[38;2;45;101;92m⣶[38;2;46;104;93m⣶[38;2;46;105;94m⡿⠙[38;2;46;104;93m⢿[38;2;45;100;92m⣿[38;2;45;99;91m⣶[39m [38;2;45;100;92m⣼[39m     [38;2;77;86;73m│[39m[48;2;40;42;42m         
         [38;2;77;86;73m[48;2;45;46;45m│[39m    [38;2;47;110;96m⢸[38;2;46;105;94m⣿⡿[38;2;44;93;88m⠿[38;2;45;99;91m⠿[38;2;46;103;93m⣿[38;2;46;105;94m⡆[39m [38;2;45;100;91m⣴[38;2;46;103;93m⣿[38;2;46;104;93m⠿[38;2;47;109;95m⠃[39m [38;2;45;100;92m⢀[38;2;44;93;89m⣴[38;2;45;98;91m⡿[38;2;46;107;95m⢿[38;2;47;111;96m⣿[38;2;47;110;96m⠿[38;2;45;103;93m⢿[38;2;44;97;90m⠏[39m [38;2;45;99;91m⣀[38;2;46;103;93m⣼[38;2;45;103;93m⠃[39m  [38;2;45;101;92m⢿[38;2;45;102;93m⣷[38;2;46;106;94m⣶[38;2;46;107;95m⣾[38;2;46;108;95m⠟[38;2;46;105;94m⠻[38;2;46;106;94m⡿[38;2;45;103;93m⢿[39m     [38;2;77;86;73m│[39m[48;2;40;42;42m         
         [38;2;77;86;73m[48;2;45;46;45m│[39m    [38;2;46;105;94m⢸[38;2;46;104;93m⣷[38;2;46;106;94m⣤[39m  [38;2;46;108;95m⠸[38;2;46;107;95m⠿[38;2;45;101;92m⠿⠇[38;2;46;105;94m⠃[38;2;46;104;93m⣰[38;2;46;103;93m⣶[38;2;45;101;92m⣿[38;2;45;99;91m⡿[39m [38;2;45;98;91m⣰[38;2;46;104;93m⣾[38;2;46;107;95m⣷[38;2;47;108;95m⣦[38;2;46;105;94m⣴[38;2;45;100;92m⣄[39m [38;2;45;100;92m⣸[38;2;45;102;93m⣿[38;2;46;103;93m⣶[38;2;44;97;90m⣄[39m   [38;2;46;108;95m⢸[38;2;46;106;94m⣿[38;2;46;104;93m⣠[38;2;45;102;92m⣾[38;2;46;104;93m⡇[38;2;45;101;92m⢸[38;2;45;98;91m⡇[39m    [38;2;77;86;73m│[39m[48;2;40;42;42m         
         [38;2;77;86;73m[48;2;45;46;45m│[39m     [38;2;45;101;92m⠹[38;2;46;103;93m⠿[38;2;45;102;92m⠿[38;2;45;101;92m⠿[38;2;46;103;93m⣿[38;2;46;104;93m⣷⣾[38;2;45;102;92m⣿[38;2;46;103;93m⠿[38;2;46;104;93m⠿[38;2;46;106;94m⠃[39m [38;2;46;103;93m⠿[38;2;45;99;91m⠛[38;2;44;96;90m⠋[39m [38;2;45;102;92m⠘[38;2;46;103;93m⠿[38;2;46;104;94m⠿[38;2;45;101;92m⠿[38;2;45;98;91m⠟[38;2;46;103;93m⠃[39m [38;2;47;108;95m⠛[38;2;45;102;92m⠿[38;2;45;99;91m⠿[38;2;44;97;90m⢿[38;2;45;98;91m⣿[38;2;46;103;93m⡿[38;2;45;102;93m⠟[38;2;45;102;92m⠻[38;2;45;99;91m⠏[38;2;45;100;92m⠻[38;2;45;98;91m⠃[39m     [38;2;77;86;73m│[39m[48;2;40;42;42m         
         [38;2;77;86;73m[48;2;45;46;45m│[39m                                            [38;2;77;86;73m│[39m[48;2;40;42;42m         
         [38;2;77;86;73m[48;2;45;46;45m└────────────────────────────────────────────┘[39m[48;2;40;42;42m         
                                                                
                                                                
