[48;2;40;42;42m                                                                
                                                                
         [38;2;77;86;73m[48;2;45;46;45m┌────────────────────────────────────────────┐[39m[48;2;40;42;42m         
         [38;2;77;86;73m[48;2;45;46;45m│[39m                                            [38;2;77;86;73m│[39m[48;2;40;42;42m         
         [38;2;77;86;73m[48;2;45;46;45m│[39m    [38;2;45;100;92m⣷[38;2;45;102;92m⡆[38;2;45;98;91m⣴[38;2;46;103;93m⣴[38;2;45;101;92m⣆[39m [38;2;45;101;92m⣷[38;2;45;102;92m⣄[38;2;45;98;91m⣿[38;2;45;101;92m⣧[38;2;45;99;91m⣤[38;2;45;100;92m⣼⣿[38;2;45;101;92m⣿[38;2;45;100;91m⣶[38;2;45;99;91m⣶[38;2;45;101;92m⣿[38;2;45;100;92m⣷[38;2;46;103;93m⣤[38;2;45;100;91m⣶[38;2;46;104;94m⣿[38;2;45;102;92m⣷[39m [38;2;45;99;91m⣿[38;2;45;101;92m⣤⣿[38;2;46;104;93m⣧[38;2;45;102;93m⣾[38;2;46;104;93m⣷[38;2;45;100;92m⣠[38;2;45;98;91m⣶[38;2;45;99;91m⣤[38;2;45;100;92m⣶[38;2;46;106;94m⣶[38;2;45;102;92m⣾[38;2;46;104;93m⡇[39m    [38;2;77;86;73m│[39m[48;2;40;42;42m         
         [38;2;77;86;73m[48;2;45;46;45m│[39m    [38;2;45;99;91m⢸[38;2;45;103;93m⠏[38;2;45;101;92m⣿[38;2;46;105;94m⠛[38;2;45;101;92m⣿[38;2;46;103;93m⣿[38;2;45;101;92m⣿⡄⠸[38;2;45;102;92m⣷⣿[38;2;45;101;92m⠙[38;2;45;102;92m⡿[39m [38;2;45;100;92m⣶⠋[38;2;45;102;92m⣴⣷[39m [38;2;45;100;91m⣿[38;2;45;102;92m⣠[38;2;45;100;92m⣿[38;2;45;101;92m⣿[38;2;45;99;91m⡟[38;2;45;100;91m⢻[38;2;45;100;92m⣷[38;2;46;103;93m⣴[38;2;45;101;92m⣶[38;2;45;102;92m⠹[38;2;45;100;92m⣿[39m [38;2;45;101;92m⢸[38;2;45;100;92m⣿[38;2;46;106;94m⢳[38;2;45;101;92m⣿[39m     [38;2;77;86;73m│[39m[48;2;40;42;42m         
         [38;2;77;86;73m[48;2;45;46;45m│[39m    [38;2;45;101;92m⢰[38;2;46;103;93m⣾[38;2;45;102;92m⣿[38;2;46;103;93m⣷⣾⡟[39m [38;2;45;99;91m⣿[38;2;45;100;92m⣧⣾[38;2;45;101;92m⡟[38;2;45;100;92m⣼[38;2;45;98;91m⣧[38;2;45;99;91m⣾[38;2;45;100;91m⣿[38;2;45;101;92m⣄[38;2;45;100;92m⣾[38;2;45;101;92m⡇[38;2;46;104;93m⢰[38;2;46;103;93m⣿[39m  [38;2;45;100;92m⣿[39m [38;2;45;100;91m⢸[38;2;45;103;93m⡟[38;2;46;103;93m⢸[38;2;45;100;91m⣧[38;2;45;103;93m⣀[38;2;45;102;92m⣼[38;2;45;103;93m⣿[38;2;45;102;92m⠸[38;2;45;99;91m⣿[38;2;46;103;93m⠸[38;2;45;101;92m⢿[38;2;46;104;93m⡇[39m    [38;2;77;86;73m│[39m[48;2;40;42;42m         
         [38;2;77;86;73m[48;2;45;46;45m│[39m    [38;2;45;100;92m⢸[38;2;45;101;92m⡏[39m [38;2;45;102;93m⡇[38;2;46;103;93m⢰[38;2;45;101;92m⣿⣦[38;2;45;99;91m⣿[38;2;45;101;92m⣿[39m [38;2;46;103;93m⣤[38;2;45;102;93m⣿[38;2;45;101;92m⢠⡆[38;2;46;103;93m⢻[38;2;45;102;92m⡿[38;2;45;103;93m⠃[38;2;45;102;92m⢠[38;2;46;104;93m⣿[38;2;45;102;93m⣿[38;2;45;101;92m⣾[38;2;45;100;92m⡟[38;2;45;99;91m⢿[39m [38;2;45;102;92m⠿[38;2;46;103;93m⣿[38;2;45;101;92m⣾[38;2;45;100;92m⡇[38;2;45;103;93m⢸[38;2;46;104;93m⣿[38;2;45;102;92m⣿[38;2;45;100;92m⡿⢿[39m [38;2;45;102;93m⢸[38;2;45;103;93m⣷[39m    [38;2;77;86;73m│[39m[48;2;40;42;42m         
         [38;2;77;86;73m[48;2;45;46;45m│[39m    [38;2;45;102;92m⢠⣶[38;2;45;101;92m⡿[38;2;45;99;91m⢿[38;2;45;101;92m⣿⣿[38;2;45;103;93m⣄⣼[38;2;45;101;92m⠟[38;2;45;102;92m⢸[38;2;45;101;92m⣿[38;2;46;103;93m⡇[38;2;45;102;93m⢸[38;2;45;100;92m⡏[38;2;46;103;93m⠸[38;2;45;99;91m⣷[39m [38;2;45;99;91m⣿[38;2;46;103;93m⣠[38;2;46;104;93m⡿[38;2;46;103;93m⢻[38;2;45;100;92m⣿[38;2;45;99;91m⡼[38;2;45;101;92m⢿[38;2;45;102;92m⣿[38;2;46;103;93m⠛[38;2;45;100;91m⢿[38;2;45;102;92m⡟[38;2;45;102;93m⢿[38;2;46;104;93m⡿[38;2;45;102;92m⠁[39m [38;2;45;100;92m⢹[38;2;45;101;92m⣿[38;2;46;103;93m⣼[38;2;45;103;93m⡇[39m    [38;2;77;86;73m│[39m[48;2;40;42;42m         
         [38;2;77;86;73m[48;2;45;46;45m│[39m    [38;2;45;102;92m⢸[38;2;45;101;92m⢿⣿[38;2;45;100;92m⡜⠋[39m [38;2;46;103;93m⣿[38;2;46;104;93m⣿[38;2;45;101;92m⣿[38;2;46;103;93m⠙[38;2;45;102;92m⢿[38;2;45;103;93m⣷[38;2;45;102;92m⣾[38;2;45;100;92m⣷[38;2;45;102;92m⡄[38;2;45;99;91m⢻[39m [38;2;45;101;92m⢻[38;2;45;102;93m⠿[38;2;45;100;92m⢿[38;2;46;104;93m⣿[38;2;45;102;93m⣾[39m [38;2;45;101;92m⣼[38;2;45;99;91m⣷[39m [38;2;45;98;91m⣾[38;2;46;104;93m⡇[38;2;45;102;92m⣸[38;2;46;103;93m⣆[38;2;45;100;91m⣼[38;2;45;100;92m⡿[39m [38;2;46;104;93m⣾[38;2;46;105;94m⢿[38;2;45;101;92m⡇[39m    [38;2;77;86;73m│[39m[48;2;40;42;42m         
         [38;2;77;86;73m[48;2;45;46;45m│[39m    [38;2;45;102;92m⣿⠟[38;2;45;102;93m⠋[38;2;45;100;92m⣴[38;2;45;99;91m⡄[38;2;45;101;92m⢻[38;2;46;104;93m⣿[38;2;46;106;94m⣾[38;2;45;102;93m⣧[38;2;45;102;92m⣸[38;2;45;101;92m⣧[38;2;45;102;93m⠹[39m [38;2;45;103;93m⠸[38;2;45;101;92m⣷[38;2;45;102;92m⢸⣿[38;2;45;102;93m⣿[38;2;45;101;92m⣷[38;2;45;100;91m⣄[38;2;46;103;93m⣶[38;2;45;103;93m⣿[38;2;45;101;92m⡿⠈[38;2;45;99;91m⣿[39m [38;2;45;99;91m⢹[38;2;45;102;93m⣿[38;2;45;98;91m⢿[39m [38;2;45;100;92m⣿⣧⣦[38;2;45;101;92m⣿[38;2;45;103;93m⣿[38;2;45;102;93m⡇[39m    [38;2;77;86;73m│[39m[48;2;40;42;42m         
         [38;2;77;86;73m[48;2;45;46;45m│[39m     [38;2;45;100;92m⣶[38;2;45;101;92m⣷[38;2;45;99;91m⣾[38;2;45;102;93m⡇[38;2;45;102;92m⠹[38;2;46;105;94m⠟[38;2;46;103;93m⣾[38;2;45;101;92m⣿⣿[38;2;45;99;91m⣷[38;2;45;102;92m⡜[38;2;45;99;91m⣿[38;2;45;102;92m⣦[38;2;45;98;91m⣾[38;2;45;102;92m⡇[38;2;45;103;93m⣿[38;2;46;103;93m⡇[38;2;45;101;92m⢸[38;2;45;98;91m⡇[39m [38;2;46;103;93m⣿⣶[38;2;45;102;92m⣠[38;2;45;99;91m⣿[38;2;45;102;93m⣿[38;2;45;100;91m⣿[38;2;46;103;93m⠋[38;2;45;101;92m⢸[38;2;45;102;93m⡟[38;2;45;100;92m⢡[38;2;45;101;92m⣶[39m  [38;2;45;101;92m⣶[38;2;45;102;92m⡇[39m    [38;2;77;86;73m│[39m[48;2;40;42;42m         
         [38;2;77;86;73m[48;2;45;46;45m│[39m    [38;2;45;102;93m⢸[38;2;45;103;93m⡟[39m [38;2;45;103;93m⠿[38;2;46;103;93m⢻[38;2;45;100;92m⣶[38;2;45;101;92m⡏[38;2;45;99;91m⢿[38;2;45;101;92m⣿⢠[38;2;45;100;92m⣿[38;2;46;103;93m⢠[38;2;45;101;92m⣿[38;2;46;104;93m⠋[38;2;45;99;91m⠛[38;2;45;102;93m⢠⣾[38;2;46;103;93m⣿[39m [38;2;45;101;92m⣿[38;2;45;102;92m⢸[38;2;45;101;92m⡿[38;2;45;102;93m⠿[38;2;46;103;93m⠻[38;2;45;103;93m⣷[38;2;45;102;93m⡞[38;2;45;102;92m⠻⣷[38;2;45;102;93m⣿[38;2;45;103;93m⡿[38;2;45;101;92m⣿⠿[38;2;45;98;91m⣷[38;2;45;100;91m⡄[38;2;45;100;92m⠻[38;2;45;102;92m⡇[39m    [38;2;77;86;73m│[39m[48;2;40;42;42m         
         [38;2;77;86;73m[48;2;45;46;45m│[39m    [38;2;45;102;93m⢸[38;2;45;103;93m⡿[38;2;45;102;92m⣿[38;2;45;101;92m⡟[38;2;45;102;92m⢿⣿[39m [38;2;45;101;92m⣠⣰[38;2;45;99;91m⡿[38;2;45;101;92m⠛[38;2;46;104;93m⠿[38;2;46;103;93m⠟[38;2;45;102;92m⣰[38;2;45;98;91m⣿[38;2;45;101;92m⣾[38;2;45;102;92m⣿[38;2;46;103;93m⣿[38;2;46;104;94m⣿[38;2;46;103;93m⣿⣷[38;2;45;101;92m⣧[38;2;45;102;92m⣸[38;2;46;104;93m⡇[38;2;46;103;93m⠹[38;2;45;100;92m⠏[39m [38;2;45;100;92m⣿[38;2;46;103;93m⣤[38;2;46;104;93m⣶[38;2;45;103;93m⣿[38;2;46;103;93m⠟[38;2;45;101;92m⠿⢿⡿⢇[39m    [38;2;77;86;73m│[39m[48;2;40;42;42m         
         [38;2;77;86;73m[48;2;45;46;45m│[39m    [38;2;45;101;92m⢸[38;2;46;104;93m⠟⣼[38;2;46;104;94m⣶[38;2;45;101;92m⡄[38;2;45;102;92m⢻[38;2;45;101;92m⣿[38;2;45;99;91m⢿[38;2;45;100;92m⠇[38;2;45;99;91m⣷[38;2;45;102;92m⣸⣿[38;2;45;101;92m⣿[38;2;45;102;92m⡿[39m [38;2;46;103;93m⣄[38;2;45;102;92m⣾[38;2;45;102;93m⡇[38;2;46;105;94m⢰[38;2;46;106;94m⣿[38;2;46;104;93m⣶[39m [38;2;45;102;92m⣼[38;2;46;103;93m⣷⣶[38;2;45;101;92m⣷[39m [38;2;45;100;92m⡸[38;2;45;102;93m⠟[38;2;46;104;93m⠻[38;2;46;103;93m⣿⡆[38;2;45;100;92m⢻[38;2;45;102;92m⡇⢰⡇[39m    [38;2;77;86;73m│[39m[48;2;40;42;42m         
         [38;2;77;86;73m[48;2;45;46;45m│[39m    [38;2;45;98;91m⢸[38;2;45;101;92m⠟[38;2;45;102;93m⠿[38;2;46;103;93m⢷[38;2;45;101;92m⣿[38;2;45;102;92m⣿[38;2;46;103;93m⣧⣴[38;2;45;102;92m⣿[38;2;45;100;91m⠿[38;2;45;101;92m⣿[39m [38;2;45;101;92m⠛[38;2;45;100;92m⠁⠿[38;2;45;102;93m⠿[38;2;45;101;92m⠉[38;2;45;100;92m⠙[38;2;46;103;93m⡿[38;2;46;105;94m⠿[38;2;46;104;93m⢿[38;2;45;101;92m⣿[38;2;45;100;92m⠻[38;2;45;102;92m⠿[38;2;45;102;93m⠟[38;2;45;101;92m⢻[38;2;45;100;91m⣿[38;2;45;99;91m⣧[38;2;45;100;91m⣿[38;2;46;103;93m⣿[38;2;45;102;92m⣿[38;2;46;103;93m⣇[38;2;45;100;91m⣼[38;2;45;101;92m⣇[38;2;45;100;92m⢸[38;2;45;101;92m⡇[39m    [38;2;77;86;73m│[39m[48;2;40;42;42m         
         [38;2;77;86;73m[48;2;45;46;45m│[39m                                            [38;2;77;86;73m│[39m[48;2;40;42;42m         
         [38;2;77;86;73m[48;2;45;46;45m└────────────────────────────────────────────┘[39m[48;2;40;42;42m         
                                                                
                                                                
