[48;2;0;0;0m                                                                                                                                                                                              
                                                                                                                                                                                              
                  [38;2;255;179;71m[48;2;18;10;6m██████████████████████████████████████████████████████████████████████████████████████████████████████████████████████████████████████████████████████████[39m[48;2;0;0;0m                  
                  [38;2;255;179;71m[48;2;18;10;6m█[38;2;219;153;61m█[38;2;183;128;51m▓[38;2;165;116;46m▓▓▓▓▓▓▓▓▓▓▓▓▓▓▓▓▓▓▓▓▓▓▓▓▓▓▓▓▓▓▓▓▓▓▓▓▓▓▓▓▓▓▓▓▓▓▓▓▓▓▓▓▓▓▓▓▓▓▓▓▓▓▓▓▓▓▓▓▓▓▓▓▓▓▓▓▓▓▓▓▓▓▓▓▓▓▓▓▓▓▓▓▓▓▓▓▓▓▓▓▓▓▓▓▓▓▓▓▓▓▓▓▓▓▓▓▓▓▓▓▓▓▓▓▓▓▓▓▓▓▓▓▓▓▓▓▓▓▓▓▓▓▓▓▓▓▓▓[38;2;183;128;51m▓[38;2;219;153;61m█[38;2;255;179;71m█[39m[48;2;0;0;0m                  
                  [38;2;255;179;71m[48;2;18;10;6m█[38;2;219;153;61m█[38;2;183;128;51m▓[38;2;147;103;41m▓[38;2;112;78;31m▒[38;2;40;20;20m⡟⢸⣇[39m                                                                                                                                             [38;2;112;78;31m▒[38;2;147;103;41m▓[38;2;183;128;51m▓[38;2;219;153;61m█[38;2;255;179;71m█[39m[48;2;0;0;0m                  
                  [38;2;255;179;71m[48;2;18;10;6m█[38;2;219;153;61m█[38;2;183;128;51m▓[38;2;147;103;41m▓[38;2;112;78;31m▒[38;2;40;20;20m⣄⣿⣿⣿[39m                                                                                                                                            [38;2;112;78;31m▒[38;2;147;103;41m▓[38;2;183;128;51m▓[38;2;219;153;61m█[38;2;255;179;71m█[39m[48;2;0;0;0m                  
                  [38;2;255;179;71m[48;2;18;10;6m█[38;2;219;153;61m█[38;2;183;128;51m▓[38;2;147;103;41m▓[38;2;112;78;31m▒[38;2;40;20;20m⠉⠘⢿⣿⣿[39m                                                                                                                                           [38;2;112;78;31m▒[38;2;147;103;41m▓[38;2;183;128;51m▓[38;2;219;153;61m█[38;2;255;179;71m█[39m[48;2;0;0;0m                  
                  [38;2;255;179;71m[48;2;18;10;6m█[38;2;219;153;61m█[38;2;183;128;51m▓[38;2;147;103;41m▓[38;2;112;78;31m▒[39m  [38;2;40;20;20m⢸[38;2;43;20;20m⣿[38;2;47;20;20m⣿[38;2;40;20;20m⣷[39m                                                                                                                                          [38;2;112;78;31m▒[38;2;147;103;41m▓[38;2;183;128;51m▓[38;2;219;153;61m█[38;2;255;179;71m█[39m[48;2;0;0;0m                  
                  [38;2;255;179;71m[48;2;18;10;6m█[38;2;219;153;61m█[38;2;183;128;51m▓[38;2;147;103;41m▓[38;2;112;78;31m▒[39m   [38;2;40;20;20m⢹[38;2;46;20;20m⣿[38;2;44;20;20m⣿[38;2;40;20;20m⡇[39m                                                                                                                                         [38;2;112;78;31m▒[38;2;147;103;41m▓[38;2;183;128;51m▓[38;2;219;153;61m█[38;2;255;179;71m█[39m[48;2;0;0;0m                  
                  [38;2;255;179;71m[48;2;18;10;6m█[38;2;219;153;61m█[38;2;183;128;51m▓[38;2;147;103;41m▓[38;2;112;78;31m▒[39m    [38;2;40;20;20m⢻⣿⣿[39m                                                                                                                                         [38;2;112;78;31m▒[38;2;147;103;41m▓[38;2;183;128;51m▓[38;2;219;153;61m█[38;2;255;179;71m█[39m[48;2;0;0;0m                  
                  [38;2;255;179;71m[48;2;18;10;6m█[38;2;219;153;61m█[38;2;183;128;51m▓[38;2;147;103;41m▓[38;2;112;78;31m▒[39m     [38;2;40;20;20m⠸⣿⣷[39m                                                                                                                                        [38;2;112;78;31m▒[38;2;147;103;41m▓[38;2;183;128;51m▓[38;2;219;153;61m█[38;2;255;179;71m█[39m[48;2;0;0;0m                  
                  [38;2;255;179;71m[48;2;18;10;6m█[38;2;219;153;61m█[38;2;183;128;51m▓[38;2;147;103;41m▓[38;2;112;78;31m▒[39m      [38;2;40;20;20m⢸⣿⡇[39m                                                                                                                                       [38;2;112;78;31m▒[38;2;147;103;41m▓[38;2;183;128;51m▓[38;2;219;153;61m█[38;2;255;179;71m█[39m[48;2;0;0;0m                  
                  [38;2;255;179;71m[48;2;18;10;6m█[38;2;219;153;61m█[38;2;183;128;51m▓[38;2;147;103;41m▓[38;2;112;78;31m▒[39m       [38;2;40;20;20m⠸[39m                                                                                                                                        [38;2;112;78;31m▒[38;2;147;103;41m▓[38;2;183;128;51m▓[38;2;219;153;61m█[38;2;255;179;71m█[39m[48;2;0;0;0m                  
                  [38;2;255;179;71m[48;2;18;10;6m█[38;2;219;153;61m█[38;2;183;128;51m▓[38;2;147;103;41m▓[38;2;112;78;31m▒[39m        [38;2;40;20;20m⢰⡄[39m                                                                                                                                      [38;2;112;78;31m▒[38;2;147;103;41m▓[38;2;183;128;51m▓[38;2;219;153;61m█[38;2;255;179;71m█[39m[48;2;0;0;0m                  
                  [38;2;255;179;71m[48;2;18;10;6m█[38;2;219;153;61m█[38;2;183;128;51m▓[38;2;147;103;41m▓[38;2;112;78;31m▒[39m        [38;2;46;20;20m⣿[38;2;48;21;21m⣿[38;2;40;20;20m⡆[39m                                                                                                                                     [38;2;112;78;31m▒[38;2;147;103;41m▓[38;2;183;128;51m▓[38;2;219;153;61m█[38;2;255;179;71m█[39m[48;2;0;0;0m                  
                  [38;2;255;179;71m[48;2;18;10;6m█[38;2;219;153;61m█[38;2;183;128;51m▓[38;2;147;103;41m▓[38;2;112;78;31m▒[39m       [38;2;40;20;20m⢸[38;2;56;21;21m⣿[38;2;60;21;20m⣿[38;2;48;21;21m⣿[39m                                                                                                                                     [38;2;112;78;31m▒[38;2;147;103;41m▓[38;2;183;128;51m▓[38;2;219;153;61m█[38;2;255;179;71m█[39m[48;2;0;0;0m                  
                  [38;2;255;179;71m[48;2;18;10;6m█[38;2;219;153;61m█[38;2;183;128;51m▓[38;2;147;103;41m▓[38;2;112;78;31m▒[39m        [38;2;56;21;21m⣿[38;2;61;21;20m⣿[38;2;49;21;21m⣿[39m                                                     [38;2;40;20;20m⢰⣷[39m                                                                              [38;2;112;78;31m▒[38;2;147;103;41m▓[38;2;183;128;51m▓[38;2;219;153;61m█[38;2;255;179;71m█[39m[48;2;0;0;0m                  
                  [38;2;255;179;71m[48;2;18;10;6m█[38;2;219;153;61m█[38;2;183;128;51m▓[38;2;147;103;41m▓[38;2;112;78;31m▒[39m        [38;2;45;20;20m⣿[38;2;49;21;21m⣿[38;2;40;20;20m⡇[39m                                                     [38;2;40;20;20m⠘⠟[39m                                                         [38;2;40;20;20m⣴⣶⣶⡄[39m                 [38;2;112;78;31m▒[38;2;147;103;41m▓[38;2;183;128;51m▓[38;2;219;153;61m█[38;2;255;179;71m█[39m[48;2;0;0;0m                  
                  [38;2;255;179;71m[48;2;18;10;6m█[38;2;219;153;61m█[38;2;183;128;51m▓[38;2;147;103;41m▓[38;2;112;78;31m▒[39m       [38;2;40;20;20m⢸⣿⣿⡇[39m                                                                                                             [38;2;40;20;20m⢠[38;2;43;20;20m⣾[38;2;52;21;21m⣿[38;2;50;21;21m⣿[38;2;41;20;20m⣿[38;2;40;20;20m⣿⠃[39m   [38;2;40;20;20m⠈⢿⣷⡄[39m          [38;2;112;78;31m▒[38;2;147;103;41m▓[38;2;183;128;51m▓[38;2;219;153;61m█[38;2;255;179;71m█[39m[48;2;0;0;0m                  
                  [38;2;255;179;71m[48;2;18;10;6m█[38;2;219;153;61m█[38;2;183;128;51m▓[38;2;147;103;41m▓[38;2;112;78;31m▒[39m        [38;2;40;20;20m⣿⣿[39m             [38;2;40;20;20m⢹⣿⣧[39m   [38;2;40;20;20m⢠[38;2;58;21;20m⣴[38;2;77;20;20m⣶[38;2;86;21;21m⣶[38;2;81;21;20m⣶[38;2;66;20;20m⣶[38;2;51;21;21m⣦[38;2;40;20;20m⣄[39m  [38;2;40;20;20m⢀[38;2;51;21;21m⣤[38;2;57;21;21m⣴[38;2;56;21;21m⣶[38;2;52;21;21m⣶⣶[38;2;53;21;21m⣶[38;2;54;21;21m⣦[38;2;53;21;21m⣤[38;2;48;21;21m⣤[38;2;42;20;20m⣀[39m                                               [38;2;40;20;20m⣠[38;2;42;20;20m⣤[38;2;46;20;20m⣤[38;2;49;21;21m⣶⣶[38;2;43;20;20m⣄[39m                [38;2;40;20;20m⢰[38;2;41;20;20m⣿[38;2;50;21;21m⣿[38;2;54;21;21m⣿[38;2;48;21;21m⣿[38;2;40;20;20m⡿[39m       [38;2;40;20;20m⢿⣿[39m          [38;2;112;78;31m▒[38;2;147;103;41m▓[38;2;183;128;51m▓[38;2;219;153;61m█[38;2;255;179;71m█[39m[48;2;0;0;0m                  
                  [38;2;255;179;71m[48;2;18;10;6m█[38;2;219;153;61m█[38;2;183;128;51m▓[38;2;147;103;41m▓[38;2;112;78;31m▒[39m        [38;2;40;20;20m⣿⠇[39m              [38;2;40;20;20m⠸⢿⣿[38;2;41;20;20m⣷[38;2;75;20;20m⣿[38;2;139;20;19m⣿[38;2;187;39;30m⣿[38;2;195;56;35m⣿[38;2;193;51;33m⣿[38;2;183;37;29m⣿[38;2;159;25;21m⣿[38;2;134;20;20m⣿[38;2;104;20;21m⣿[38;2;74;20;20m⣿[38;2;78;20;20m⣿[38;2;107;20;21m⣿[38;2;130;20;20m⣿[38;2;126;20;20m⣿[38;2;105;20;21m⣿[38;2;86;21;21m⣿[38;2;79;21;20m⣿[38;2;81;21;20m⣿[38;2;88;21;21m⣿[38;2;96;21;21m⣿[38;2;102;20;21m⣿[38;2;105;20;21m⣿[38;2;99;20;21m⣿[38;2;79;21;20m⣿[38;2;54;21;21m⣦[39m            [38;2;40;20;20m⢀⡀[39m        [38;2;40;20;20m⢀[38;2;46;20;20m⣠[38;2;52;21;21m⣴[38;2;58;21;20m⣶[38;2;62;20;20m⣶[38;2;66;20;20m⣶⣶⣶[38;2;71;20;20m⣶[38;2;79;21;20m⣶[38;2;81;21;20m⣦[38;2;70;20;20m⣤[38;2;59;21;20m⣤[38;2;51;21;21m⣤[38;2;42;20;20m⣤[38;2;40;20;20m⡀[39m    [38;2;40;20;20m⣰⣿[38;2;45;20;20m⣿[38;2;56;21;21m⣿[38;2;66;20;20m⣿[38;2;84;21;20m⣿[38;2;105;20;21m⣿[38;2;109;20;21m⣿[38;2;90;21;21m⣿[38;2;59;21;20m⣦[39m    [38;2;44;20;20m⣠[38;2;52;21;21m⣤⣤[38;2;46;20;20m⣤[38;2;40;20;20m⡀[39m    [38;2;40;20;20m⣸⣿⣿[38;2;42;20;20m⡿[38;2;41;20;20m⠟[39m          [38;2;40;20;20m⢻[39m          [38;2;112;78;31m▒[38;2;147;103;41m▓[38;2;183;128;51m▓[38;2;219;153;61m█[38;2;255;179;71m█[39m[48;2;0;0;0m                  
                  [38;2;255;179;71m[48;2;18;10;6m█[38;2;219;153;61m█[38;2;183;128;51m▓[38;2;147;103;41m▓[38;2;112;78;31m▒[39m       [38;2;40;20;20m⠸⣿[39m                 [38;2;40;20;20m⢹[38;2;89;21;21m⣿[38;2;184;37;29m⣿[38;2;201;75;41m⣿[38;2;206;89;45m⣿[38;2;202;76;42m⣿[38;2;195;57;35m⣿[38;2;187;39;30m⣿[38;2;169;29;24m⣿[38;2;163;27;22m⣿[38;2;162;26;22m⣿[38;2;152;21;19m⣿[38;2;142;20;19m⣿[38;2;140;20;19m⣿[38;2;143;20;19m⣿[38;2;131;20;20m⣿[38;2;105;20;21m⣿[38;2;83;21;20m⣿[38;2;76;20;20m⣿[38;2;78;20;20m⣿[38;2;85;21;21m⣿[38;2;95;21;21m⣿[38;2;103;20;21m⣿[38;2;113;20;21m⣿[38;2;126;20;20m⣿[38;2;138;20;19m⣿[38;2;132;20;20m⣿[38;2;109;20;21m⣿[38;2;89;21;21m⣶[38;2;96;21;21m⣶[38;2;100;20;21m⣾[38;2;84;21;20m⣿[38;2;56;21;21m⣿[38;2;40;20;20m⣿⣷⣆[39m  [38;2;40;20;20m⢸⣿⣿⣿⣿⣶⣶[38;2;44;20;20m⣄[38;2;71;20;20m⢠[38;2;116;20;21m⣴[38;2;133;20;20m⣾[38;2;121;20;21m⣿[38;2;89;21;21m⣿[38;2;74;20;20m⣿[38;2;71;20;20m⣿[38;2;78;20;20m⣿[38;2;93;21;21m⣿[38;2;113;20;21m⣿[38;2;143;20;19m⣿[38;2;190;42;30m⣿[38;2;199;69;40m⣿[38;2;201;75;41m⣿[38;2;195;57;35m⣿[38;2;170;30;24m⣿[38;2;140;20;19m⣿[38;2;125;20;20m⣿[38;2;110;20;21m⣿[38;2;87;21;21m⣷[38;2;60;21;20m⣶[38;2;40;20;20m⣶⣾⡿⠿[38;2;42;20;20m⣿[38;2;53;21;21m⣿[38;2;63;20;20m⣿[38;2;82;21;20m⣿[38;2;106;20;21m⣿[38;2;115;20;21m⣿[38;2;106;20;21m⣿[38;2;85;21;21m⣿[38;2;75;20;20m⣿[38;2;86;21;21m⣿[38;2;121;20;21m⣿[38;2;157;24;20m⣿[38;2;178;35;27m⣿⣿[38;2;164;27;23m⣿[38;2;147;20;19m⣿[38;2;130;20;20m⣿[38;2;105;20;21m⣿[38;2;71;20;20m⣷[38;2;44;20;20m⣶[38;2;40;20;20m⣿⡟⠁[39m             [38;2;40;20;20m⢸⣧[39m         [38;2;112;78;31m▒[38;2;147;103;41m▓[38;2;183;128;51m▓[38;2;219;153;61m█[38;2;255;179;71m█[39m[48;2;0;0;0m                  
                  [38;2;255;179;71m[48;2;18;10;6m█[38;2;219;153;61m█[38;2;183;128;51m▓[38;2;147;103;41m▓[38;2;112;78;31m▒[39m        [38;2;41;20;20m⣤[39m                 [38;2;47;20;20m⢸[38;2;143;20;19m⣿[38;2;204;83;44m⣿[38;2;214;113;50m⣿[38;2;212;106;50m⣿[38;2;198;64;39m⣿[38;2;178;35;27m⣿[38;2;151;21;19m⣿[38;2;138;20;19m⣿[38;2;149;20;19m⣿[38;2;173;31;25m⣿[38;2;190;42;30m⣿[38;2;191;44;31m⣿[38;2;177;34;27m⣿[38;2;145;20;19m⣿[38;2;107;20;21m⡿[38;2;70;20;20m⠋[39m     [38;2;73;20;20m⠙[38;2;91;21;21m⢿[38;2;118;20;21m⣿[38;2;154;22;19m⣿[38;2;175;33;26m⣿[38;2;168;29;24m⣿[38;2;147;20;19m⣿[38;2;133;20;20m⣿[38;2;126;20;20m⣿[38;2;100;20;21m⣿[38;2;61;21;20m⣿[38;2;40;20;20m⣿⠏[39m       [38;2;40;20;20m⠻⣿[38;2;51;21;21m⣿[38;2;94;21;21m⣿[38;2;176;33;26m⣿[38;2;198;66;39m⣿[38;2;197;62;38m⣿[38;2;168;29;24m⣿[38;2;97;21;21m⣿[38;2;71;20;20m⣿[38;2;67;20;20m⣿[38;2;72;20;20m⣿[38;2;89;21;21m⣿[38;2;116;20;21m⣿[38;2;159;25;21m⣿[38;2;199;67;40m⣿[38;2;210;100;50m⣿[38;2;213;110;50m⣿[38;2;205;87;45m⣿[38;2;193;50;33m⣿[38;2;164;27;22m⣿[38;2;143;20;19m⣿[38;2;137;20;19m⣿[38;2;134;20;20m⣿[38;2;114;20;21m⣿[38;2;77;20;20m⣿[38;2;41;20;20m⣷[39m     [38;2;55;21;21m⠈[38;2;78;20;20m⠻[38;2;93;21;21m⢿[38;2;96;21;21m⣿[38;2;106;20;21m⣿[38;2;151;21;19m⣿[38;2;192;48;33m⣿[38;2;200;72;41m⣿[38;2;202;77;42m⣿[38;2;199;68;40m⣿[38;2;193;51;33m⣿[38;2;176;33;26m⣿[38;2;158;24;21m⣿[38;2;155;23;20m⣿[38;2;156;23;20m⣿[38;2;139;20;19m⣿[38;2;98;20;21m⣿[38;2;51;21;21m⣿[39m               [38;2;40;20;20m⢸⡟[39m         [38;2;112;78;31m▒[38;2;147;103;41m▓[38;2;183;128;51m▓[38;2;219;153;61m█[38;2;255;179;71m█[39m[48;2;0;0;0m                  
                  [38;2;255;179;71m[48;2;18;10;6m█[38;2;219;153;61m█[38;2;183;128;51m▓[38;2;147;103;41m▓[38;2;112;78;31m▒[39m       [38;2;92;21;21m⣼[38;2;112;20;21m⣿[38;2;97;21;21m⣷[38;2;42;20;20m⡆[39m               [38;2;52;21;21m⢸[38;2;159;25;21m⣿[38;2;207;90;46m⣿[38;2;210;102;50m⣿[38;2;199;70;40m⣿[38;2;110;20;21m⡿[39m   [38;2;71;20;20m⠹[38;2;132;20;20m⣿[38;2;186;38;29m⣿[38;2;194;53;34m⣿[38;2;187;39;30m⣿[38;2;133;20;20m⣿[38;2;63;20;20m⣇[39m        [38;2;58;21;20m⠸[38;2;132;20;20m⣿[38;2;190;42;30m⣿[38;2;193;50;33m⣿[38;2;183;37;28m⣿[38;2;145;20;19m⣿[38;2;123;20;20m⣿[38;2;90;21;21m⣿[38;2;52;21;21m⡿[38;2;40;20;20m⠃[39m         [38;2;40;20;20m⠸[38;2;60;21;20m⣿[38;2;134;20;20m⣿[38;2;196;61;37m⣿[38;2;206;88;45m⣿[38;2;200;73;41m⣿[38;2;161;26;22m⣿[38;2;70;20;20m⡟[39m   [38;2;45;20;20m⠈[38;2;71;20;20m⢻[38;2;130;20;20m⣿[38;2;195;56;35m⣿[38;2;208;96;48m⣿[38;2;214;112;50m⣿[38;2;207;90;46m⣿[38;2;193;52;33m⣿[38;2;155;23;20m⣿[38;2;130;20;20m⣿[38;2;131;20;20m⣿[38;2;149;20;19m⣿[38;2;146;20;19m⣿[38;2;117;20;21m⣿[38;2;60;21;20m⣿[39m        [38;2;56;21;21m⢸[38;2;134;20;20m⣿[38;2;198;66;39m⣿[38;2;210;101;50m⣿[38;2;213;111;50m⣿[38;2;207;90;46m⣿[38;2;198;65;39m⣿[38;2;188;40;30m⣿[38;2;156;23;20m⣿[38;2;140;20;19m⣿[38;2;148;20;19m⣿[38;2;175;32;26m⣿[38;2;182;37;28m⣿[38;2;155;23;20m⣿[38;2;91;21;21m⣿[38;2;40;20;20m⡇[39m              [38;2;40;20;20m⠘[39m          [38;2;112;78;31m▒[38;2;147;103;41m▓[38;2;183;128;51m▓[38;2;219;153;61m█[38;2;255;179;71m█[39m[48;2;0;0;0m                  
                  [38;2;255;179;71m[48;2;18;10;6m█[38;2;219;153;61m█[38;2;183;128;51m▓[38;2;147;103;41m▓[38;2;112;78;31m▒[39m      [38;2;47;20;20m⢸[38;2;121;20;21m⣿[38;2;150;20;19m⣿[38;2;135;20;20m⣿[38;2;64;20;20m⣷[39m               [38;2;51;21;21m⣼[38;2;133;20;20m⣿[38;2;194;53;34m⣿[38;2;195;56;35m⣿[38;2;160;25;21m⣿[38;2;55;21;21m⡇[39m    [38;2;62;20;20m⢹[38;2;131;20;20m⣿[38;2;179;35;27m⣿[38;2;190;42;30m⣿[38;2;170;30;24m⣿[38;2;121;20;21m⣿[38;2;68;20;20m⣧[39m        [38;2;108;20;21m⣾[38;2;187;39;30m⣿[38;2;193;51;33m⣿[38;2;175;33;26m⣿[38;2;99;20;21m⣿[38;2;58;21;20m⡿[39m             [38;2;53;21;21m⣿[38;2;136;20;19m⣿[38;2;194;54;34m⣿[38;2;199;68;40m⣿[38;2;186;38;29m⣿[38;2;95;21;21m⡟[39m      [38;2;51;21;21m⠸[38;2;112;20;21m⢿[38;2;167;28;23m⣿[38;2;192;48;33m⣿[38;2;191;45;32m⣿[38;2;158;24;21m⣿[38;2;101;20;21m⣿[39m [38;2;62;20;20m⠸[38;2;117;20;21m⣿[38;2;145;20;19m⣿[38;2;133;20;20m⣿[38;2;73;20;20m⣿[39m       [38;2;41;20;20m⢠[38;2;86;21;21m⣾[38;2;166;28;23m⣿[38;2;203;79;42m⣿[38;2;210;101;50m⣿[38;2;207;91;46m⣿[38;2;192;49;33m⣿[38;2;128;20;20m⡿[38;2;68;20;20m⠏[39m  [38;2;69;20;20m⢸[38;2;155;23;20m⣿[38;2;192;49;33m⣿[38;2;191;43;31m⣿[38;2;133;20;20m⣿[38;2;53;21;21m⣿[39m            [38;2;40;20;20m⣀[39m            [38;2;112;78;31m▒[38;2;147;103;41m▓[38;2;183;128;51m▓[38;2;219;153;61m█[38;2;255;179;71m█[39m[48;2;0;0;0m                  
                  [38;2;255;179;71m[48;2;18;10;6m█[38;2;219;153;61m█[38;2;183;128;51m▓[38;2;147;103;41m▓[38;2;112;78;31m▒[39m      [38;2;44;20;20m⢸[38;2;114;20;21m⣿[38;2;144;20;19m⣿[38;2;136;20;19m⣿[38;2;80;21;20m⣿[38;2;44;20;20m⣇[39m            [38;2;40;20;20m⢠⣾[38;2;41;20;20m⣿[38;2;71;20;20m⣿[38;2;117;20;21m⣿[38;2;124;20;20m⣿[38;2;102;20;21m⣿[38;2;58;21;20m⣷[38;2;40;20;20m⡄[39m    [38;2;64;20;20m⢸[38;2;121;20;21m⣿[38;2;163;26;22m⣿[38;2;182;37;28m⣿[38;2;174;32;26m⣿[38;2;148;20;19m⣿[38;2;105;20;21m⣷[38;2;63;20;20m⣦[39m    [38;2;57;21;21m⢠[38;2;114;20;21m⣴[38;2;182;37;28m⣿[38;2;198;65;39m⣿[38;2;194;54;34m⣿[38;2;151;21;19m⣿[38;2;63;20;20m⣿[39m              [38;2;46;20;20m⢹[38;2;111;20;21m⣿[38;2;148;20;19m⣿[38;2;141;20;19m⣿[38;2;85;21;21m⡿[39m        [38;2;45;20;20m⢸[38;2;81;21;20m⣿[38;2;130;20;20m⣿[38;2;157;24;20m⣿[38;2;155;23;20m⣿[38;2;125;20;20m⣿[38;2;81;21;20m⣷[38;2;57;21;21m⡄[38;2;86;21;21m⣿[38;2;114;20;21m⣿[38;2;111;20;21m⣿[38;2;65;20;20m⣿[39m      [38;2;57;21;21m⢰[38;2;94;21;21m⣾[38;2;135;20;20m⣿[38;2;179;35;27m⣿[38;2;197;62;38m⣿[38;2;197;63;38m⣿[38;2;179;35;27m⣿[38;2;96;21;21m⡿[39m    [38;2;56;21;21m⢸[38;2;158;24;21m⣿[38;2;196;59;36m⣿[38;2;195;57;35m⣿[38;2;151;21;19m⣿[38;2;66;20;20m⣿[38;2;43;20;20m⣿[38;2;40;20;20m⣶⣶[38;2;45;20;20m⣶[38;2;53;21;21m⣶[38;2;63;20;20m⣶[38;2;77;20;20m⣶[38;2;92;21;21m⣶[38;2;100;20;21m⣾[38;2;103;20;21m⣿[38;2;104;20;21m⣿[38;2;105;20;21m⣿[38;2;101;20;21m⣿[38;2;82;21;20m⣿[38;2;56;21;21m⣷[38;2;40;20;20m⡄[39m         [38;2;112;78;31m▒[38;2;147;103;41m▓[38;2;183;128;51m▓[38;2;219;153;61m█[38;2;255;179;71m█[39m[48;2;0;0;0m                  
                  [38;2;255;179;71m[48;2;18;10;6m█[38;2;219;153;61m█[38;2;183;128;51m▓[38;2;147;103;41m▓[38;2;112;78;31m▒[39m       [38;2;58;21;20m⢻[38;2;82;21;20m⣿[38;2;87;21;21m⣿[38;2;76;20;20m⣿[38;2;80;21;20m⣿[38;2;102;20;21m⣿[38;2;127;20;20m⣿[38;2;126;20;20m⣿[38;2;95;21;21m⣶[38;2;50;21;21m⡆[39m       [38;2;40;20;20m⣿⣿⠟⠛[38;2;47;20;20m⢻[38;2;59;21;20m⣿[38;2;68;20;20m⣿[38;2;70;20;20m⣿[38;2;73;20;20m⣿[38;2;83;21;20m⣿[38;2;90;21;21m⣷[38;2;89;21;21m⣶[38;2;82;21;20m⣶[38;2;78;20;20m⣶[38;2;95;21;21m⣿[38;2;130;20;20m⣿[38;2;169;29;24m⣿[38;2;190;42;30m⣿[38;2;192;49;33m⣿[38;2;191;43;31m⣿[38;2;179;35;27m⣿[38;2;166;28;23m⣿[38;2;168;29;24m⣿[38;2;183;37;28m⣿[38;2;191;47;32m⣿[38;2;197;63;38m⣿[38;2;204;83;44m⣿[38;2;207;94;47m⣿[38;2;205;86;45m⣿[38;2;191;45;31m⣿[38;2;117;20;21m⣿[38;2;48;21;21m⡇[39m              [38;2;40;20;20m⢸[38;2;72;20;20m⣿[38;2;103;20;21m⣿[38;2;105;20;21m⣿[38;2;70;20;20m⣿[38;2;47;20;20m⡄[38;2;50;21;21m⣀[38;2;76;20;20m⣤[38;2;100;20;21m⣤[38;2;102;20;21m⣤[38;2;78;20;20m⣄[38;2;49;21;21m⡀[38;2;40;20;20m⣠⣾[38;2;42;20;20m⣿[38;2;69;20;20m⣿[38;2;114;20;21m⣿[38;2;148;20;19m⣿[38;2;164;27;22m⣿[38;2;163;27;22m⣿[38;2;151;21;19m⣿[38;2;139;20;19m⣿[38;2;121;20;21m⣿[38;2;97;21;21m⣿[38;2;62;20;20m⣿[39m   [38;2;50;21;21m⢀[38;2;70;20;20m⣴[38;2;101;20;21m⣾[38;2;127;20;20m⣿[38;2;141;20;19m⣿[38;2;147;20;19m⣿[38;2;144;20;19m⣿[38;2;139;20;19m⣿[38;2;123;20;20m⣿[38;2;95;21;21m⣿[38;2;61;21;20m⣷[39m   [38;2;48;21;21m⢠[38;2;94;21;21m⣾[38;2;172;31;25m⣿[38;2;194;54;34m⣿[38;2;189;41;30m⣿[38;2;126;20;20m⣿[38;2;59;21;20m⣿[38;2;44;20;20m⣿[38;2;41;20;20m⣿[38;2;47;20;20m⣿[38;2;59;21;20m⣿[38;2;75;20;20m⣿[38;2;97;21;21m⣿[38;2;121;20;21m⣿[38;2;143;20;19m⣿[38;2;153;22;19m⣿[38;2;151;21;19m⣿[38;2;142;20;19m⣿[38;2;136;20;19m⣿[38;2;133;20;20m⣿[38;2;118;20;21m⣿[38;2;89;21;21m⣿[38;2;53;21;21m⣿[38;2;40;20;20m⡆[39m        [38;2;112;78;31m▒[38;2;147;103;41m▓[38;2;183;128;51m▓[38;2;219;153;61m█[38;2;255;179;71m█[39m[48;2;0;0;0m                  
                  [38;2;255;179;71m[48;2;18;10;6m█[38;2;219;153;61m█[38;2;183;128;51m▓[38;2;147;103;41m▓[38;2;112;78;31m▒[39m        [38;2;40;20;20m⠘[38;2;42;20;20m⢿[38;2;57;21;21m⣿[38;2;82;21;20m⣿[38;2;116;20;21m⣿[38;2;144;20;19m⣿[38;2;143;20;19m⣿[38;2;110;20;21m⣿[38;2;56;21;21m⣿[39m  [38;2;40;20;20m⠙⠋[39m        [38;2;40;20;20m⠸[38;2;47;20;20m⢿[38;2;62;20;20m⣿[38;2;75;20;20m⣿[38;2;93;21;21m⣿[38;2;106;20;21m⣿[38;2;109;20;21m⣿[38;2;102;20;21m⣿[38;2;90;21;21m⣿[38;2;86;21;21m⣿[38;2;93;21;21m⣿[38;2;121;20;21m⣿[38;2;159;25;21m⣿[38;2;189;41;30m⣿[38;2;192;50;33m⣿[38;2;193;52;33m⣿[38;2;195;56;35m⣿[38;2;199;68;40m⣿[38;2;204;83;44m⣿[38;2;207;90;46m⣿[38;2;207;93;47m⣿[38;2;209;98;49m⣿[38;2;207;94;47m⣿[38;2;199;69;40m⣿[38;2;157;24;20m⣿[38;2;82;21;20m⣿[38;2;49;21;21m⣷[38;2;40;20;20m⣆[39m              [38;2;49;21;21m⢻[38;2;77;20;20m⣿[38;2;94;21;21m⣿[38;2;99;20;21m⣿[38;2;121;20;21m⣿[38;2;180;36;28m⣿[38;2;200;72;41m⣿[38;2;208;95;48m⣿[38;2;203;79;42m⣿[38;2;184;38;29m⣿[38;2;86;21;21m⣿[38;2;40;20;20m⣿⡿⠟⠻[38;2;60;21;20m⢿[38;2;109;20;21m⣿[38;2;149;20;19m⣿[38;2;172;31;25m⣿[38;2;175;32;26m⣿[38;2;167;28;23m⣿[38;2;149;20;19m⣿[38;2;133;20;20m⣿[38;2;121;20;21m⣿[38;2;114;20;21m⣿[38;2;109;20;21m⣿[38;2;111;20;21m⣿[38;2;117;20;21m⣿[38;2;123;20;20m⣿[38;2;132;20;20m⣿[38;2;138;20;19m⣿[38;2;134;20;20m⣿[38;2;112;20;21m⣿[38;2;81;21;20m⣿[38;2;66;20;20m⣿[38;2;68;20;20m⣿[38;2;70;20;20m⣿[38;2;63;20;20m⣿[38;2;61;21;20m⣿[38;2;70;20;20m⣿[38;2;80;21;20m⣿[38;2;86;21;21m⣿[38;2;112;20;21m⣿[38;2;154;22;19m⣿[38;2;164;27;23m⣿[38;2;136;20;19m⣿[38;2;74;20;20m⣿[38;2;41;20;20m⠿[38;2;40;20;20m⠟⠻[38;2;43;20;20m⢿[38;2;56;21;21m⣿[38;2;71;20;20m⣿[38;2;93;21;21m⣿[38;2;120;20;21m⣿[38;2;145;20;19m⣿[38;2;159;25;21m⣿[38;2;158;24;21m⣿[38;2;147;20;19m⣿[38;2;135;20;20m⣿[38;2;132;20;20m⣿[38;2;126;20;20m⣿[38;2;107;20;21m⣿[38;2;68;20;20m⣿[38;2;40;20;20m⣿[39m        [38;2;112;78;31m▒[38;2;147;103;41m▓[38;2;183;128;51m▓[38;2;219;153;61m█[38;2;255;179;71m█[39m[48;2;0;0;0m                  
                  [38;2;255;179;71m[48;2;18;10;6m█[38;2;219;153;61m█[38;2;183;128;51m▓[38;2;147;103;41m▓[38;2;112;78;31m▒[39m          [38;2;40;20;20m⠸[38;2;64;20;20m⢿[38;2;101;20;21m⣿[38;2;133;20;20m⣿⣿[38;2;101;20;21m⡿[38;2;52;21;21m⠇[39m              [38;2;41;20;20m⠈[38;2;58;21;20m⠻[38;2;80;21;20m⣿[38;2;98;20;21m⣿[38;2;103;20;21m⣿[38;2;97;21;21m⣿[38;2;85;21;21m⣿[38;2;72;20;20m⣿[38;2;66;20;20m⣿[38;2;69;20;20m⣿[38;2;92;21;21m⣿[38;2;131;20;20m⣿[38;2;161;26;22m⣿[38;2;184;38;29m⣿[38;2;192;49;33m⣿[38;2;198;66;39m⣿[38;2;204;82;43m⣿[38;2;205;87;45m⣿[38;2;205;86;45m⣿[38;2;202;76;42m⣿[38;2;194;54;34m⣿[38;2;153;22;19m⣿[38;2;85;21;21m⣿[38;2;54;21;21m⣿[38;2;46;20;20m⣿[38;2;41;20;20m⣿[38;2;40;20;20m⣿⣶[39m             [38;2;53;21;21m⣿[38;2;74;20;20m⣿[38;2;100;20;21m⣿[38;2;141;20;19m⣿[38;2;193;52;33m⣿[38;2;207;90;46m⣿[38;2;214;112;50m⣿[38;2;206;89;45m⣿[38;2;190;42;30m⣿[38;2;88;21;21m⣿[38;2;40;20;20m⠇[39m    [38;2;54;21;21m⠘[38;2;96;21;21m⢿[38;2;138;20;19m⣿[38;2;158;24;21m⣿[38;2;157;24;20m⣿[38;2;141;20;19m⣿[38;2;130;20;20m⣿[38;2;126;20;20m⣿[38;2;123;20;20m⣿[38;2;119;20;21m⣿[38;2;120;20;21m⣿[38;2;122;20;21m⣿[38;2;124;20;20m⣿[38;2;123;20;20m⣿[38;2;112;20;21m⣿[38;2;85;21;21m⡿[38;2;53;21;21m⠏[39m  [38;2;42;20;20m⠘[38;2;52;21;21m⠿[38;2;56;21;21m⣿[38;2;61;21;20m⣿[38;2;73;20;20m⣿[38;2;83;21;20m⣿[38;2;86;21;21m⣿[38;2;93;21;21m⣿[38;2;97;21;21m⣿[38;2;84;21;20m⡿[38;2;55;21;21m⠏[39m       [38;2;52;21;21m⠈[38;2;67;20;20m⠻[38;2;88;21;21m⢿[38;2;104;20;21m⣿[38;2;108;20;21m⣿[38;2;100;20;21m⣿[38;2;94;21;21m⣿[38;2;101;20;21m⣿[38;2;109;20;21m⣿[38;2;100;20;21m⣿[38;2;69;20;20m⣿[38;2;41;20;20m⣿[39m        [38;2;112;78;31m▒[38;2;147;103;41m▓[38;2;183;128;51m▓[38;2;219;153;61m█[38;2;255;179;71m█[39m[48;2;0;0;0m                  
                  [38;2;255;179;71m[48;2;18;10;6m█[38;2;219;153;61m█[38;2;183;128;51m▓[38;2;147;103;41m▓[38;2;112;78;31m▒[39m             [38;2;41;20;20m⠉[39m                      [38;2;40;20;20m⠉[39m     [38;2;40;20;20m⠈[38;2;51;21;21m⠙[38;2;70;20;20m⠿[38;2;102;20;21m⢿[38;2;133;20;20m⣿[38;2;151;21;19m⣿[38;2;148;20;19m⣿[38;2;125;20;20m⣿[38;2;88;21;21m⠿[38;2;58;21;20m⠟[39m  [38;2;40;20;20m⠈⠻⢿⣿⣿⣷⣀⣠⣶⣶⣦⡄[39m      [38;2;40;20;20m⠘[38;2;42;20;20m⢿[38;2;70;20;20m⣿[38;2;124;20;20m⣿[38;2;190;42;30m⣿[38;2;201;75;41m⣿[38;2;206;89;45m⣿[38;2;198;65;39m⣿[38;2;156;23;20m⣿[38;2;59;21;20m⠇[39m        [38;2;62;20;20m⠻[38;2;82;21;20m⠿[38;2;95;21;21m⢿[38;2;104;20;21m⣿[38;2;109;20;21m⣿[38;2;110;20;21m⣿[38;2;106;20;21m⣿[38;2;102;20;21m⣿[38;2;94;21;21m⣿[38;2;78;20;20m⠿[38;2;57;21;21m⠟[39m        [38;2;42;20;20m⠈[38;2;56;21;21m⠻[38;2;63;20;20m⠿[38;2;59;21;20m⠿[38;2;46;20;20m⠟[39m             [38;2;41;20;20m⠹[38;2;50;21;21m⢿[38;2;56;21;21m⣿[38;2;60;21;20m⣿[38;2;69;20;20m⣿[38;2;75;20;20m⣿[38;2;68;20;20m⣿[38;2;51;21;21m⣿[38;2;40;20;20m⠇[39m        [38;2;112;78;31m▒[38;2;147;103;41m▓[38;2;183;128;51m▓[38;2;219;153;61m█[38;2;255;179;71m█[39m[48;2;0;0;0m                  
                  [38;2;255;179;71m[48;2;18;10;6m█[38;2;219;153;61m█[38;2;183;128;51m▓[38;2;147;103;41m▓[38;2;112;78;31m▒[39m                                                            [38;2;40;20;20m⠘⢻⣿⣿⣿⣿[39m        [38;2;40;20;20m⠈[38;2;49;21;21m⠻[38;2;68;20;20m⠿[38;2;84;21;20m⠿[38;2;79;21;20m⠿[38;2;59;21;20m⠏[39m                                                 [38;2;40;20;20m⠘[38;2;44;20;20m⠻[38;2;56;21;21m⢿⡿[38;2;46;20;20m⠿[38;2;40;20;20m⠃[39m         [38;2;112;78;31m▒[38;2;147;103;41m▓[38;2;183;128;51m▓[38;2;219;153;61m█[38;2;255;179;71m█[39m[48;2;0;0;0m                  
                  [38;2;255;179;71m[48;2;18;10;6m█[38;2;219;153;61m█[38;2;183;128;51m▓[38;2;147;103;41m▓[38;2;112;78;31m▒[39m                                                                [38;2;40;20;20m⠉[39m                                                                               [38;2;112;78;31m▒[38;2;147;103;41m▓[38;2;183;128;51m▓[38;2;219;153;61m█[38;2;255;179;71m█[39m[48;2;0;0;0m                  
                  [38;2;255;179;71m[48;2;18;10;6m█[38;2;219;153;61m█[38;2;183;128;51m▓[38;2;147;103;41m▓[38;2;112;78;31m▒[39m                                                                                                                                                [38;2;112;78;31m▒[38;2;147;103;41m▓[38;2;183;128;51m▓[38;2;219;153;61m█[38;2;255;179;71m█[39m[48;2;0;0;0m                  
                  [38;2;255;179;71m[48;2;18;10;6m█[38;2;219;153;61m█[38;2;183;128;51m▓[38;2;147;103;41m▓[38;2;112;78;31m▒[39m                                                                                                                                                [38;2;112;78;31m▒[38;2;147;103;41m▓[38;2;183;128;51m▓[38;2;219;153;61m█[38;2;255;179;71m█[39m[48;2;0;0;0m                  
                  [38;2;255;179;71m[48;2;18;10;6m█[38;2;219;153;61m█[38;2;183;128;51m▓[38;2;147;103;41m▓[38;2;112;78;31m▒[39m                                                                                                                                                [38;2;112;78;31m▒[38;2;147;103;41m▓[38;2;183;128;51m▓[38;2;219;153;61m█[38;2;255;179;71m█[39m[48;2;0;0;0m                  
                  [38;2;255;179;71m[48;2;18;10;6m█[38;2;219;153;61m█[38;2;183;128;51m▓[38;2;147;103;41m▓[38;2;112;78;31m▒[39m                                                                                                                                                [38;2;112;78;31m▒[38;2;147;103;41m▓[38;2;183;128;51m▓[38;2;219;153;61m█[38;2;255;179;71m█[39m[48;2;0;0;0m                  
                  [38;2;255;179;71m[48;2;18;10;6m█[38;2;219;153;61m█[38;2;183;128;51m▓[38;2;147;103;41m▓[38;2;112;78;31m▒[39m                                                                                                                 [38;2;40;20;20m⣄[39m                              [38;2;112;78;31m▒[38;2;147;103;41m▓[38;2;183;128;51m▓[38;2;219;153;61m█[38;2;255;179;71m█[39m[48;2;0;0;0m                  
                  [38;2;255;179;71m[48;2;18;10;6m█[38;2;219;153;61m█[38;2;183;128;51m▓[38;2;147;103;41m▓[38;2;112;78;31m▒[39m                                                                                                                 [38;2;40;20;20m⣿[39m                              [38;2;112;78;31m▒[38;2;147;103;41m▓[38;2;183;128;51m▓[38;2;219;153;61m█[38;2;255;179;71m█[39m[48;2;0;0;0m                  
                  [38;2;255;179;71m[48;2;18;10;6m█[38;2;219;153;61m█[38;2;183;128;51m▓[38;2;147;103;41m▓[38;2;112;78;31m▒[39m                                                                                                                 [38;2;40;20;20m⢹[39m                              [38;2;112;78;31m▒[38;2;147;103;41m▓[38;2;183;128;51m▓[38;2;219;153;61m█[38;2;255;179;71m█[39m[48;2;0;0;0m                  
                  [38;2;255;179;71m[48;2;18;10;6m█[38;2;219;153;61m█[38;2;183;128;51m▓[38;2;147;103;41m▓[38;2;112;78;31m▒[39m                                                                                                                                                [38;2;112;78;31m▒[38;2;147;103;41m▓[38;2;183;128;51m▓[38;2;219;153;61m█[38;2;255;179;71m█[39m[48;2;0;0;0m                  
                  [38;2;255;179;71m[48;2;18;10;6m█[38;2;219;153;61m█[38;2;183;128;51m▓[38;2;147;103;41m▓[38;2;112;78;31m▒[39m                                                                                                                                                [38;2;112;78;31m▒[38;2;147;103;41m▓[38;2;183;128;51m▓[38;2;219;153;61m█[38;2;255;179;71m█[39m[48;2;0;0;0m                  
                  [38;2;255;179;71m[48;2;18;10;6m█[38;2;219;153;61m█[38;2;183;128;51m▓[38;2;147;103;41m▓[38;2;112;78;31m▒[39m                                                                                                                                   [38;2;40;20;20m⢸⣷[39m           [38;2;112;78;31m▒[38;2;147;103;41m▓[38;2;183;128;51m▓[38;2;219;153;61m█[38;2;255;179;71m█[39m[48;2;0;0;0m                  
                  [38;2;255;179;71m[48;2;18;10;6m█[38;2;219;153;61m█[38;2;183;128;51m▓[38;2;147;103;41m▓[38;2;112;78;31m▒[39m                                                                                                                                    [38;2;40;20;20m⠻⣷[39m          [38;2;112;78;31m▒[38;2;147;103;41m▓[38;2;183;128;51m▓[38;2;219;153;61m█[38;2;255;179;71m█[39m[48;2;0;0;0m                  
                  [38;2;255;179;71m[48;2;18;10;6m█[38;2;219;153;61m█[38;2;183;128;51m▓[38;2;147;103;41m▓[38;2;112;78;31m▒[39m                                                                                                                                                [38;2;112;78;31m▒[38;2;147;103;41m▓[38;2;183;128;51m▓[38;2;219;153;61m█[38;2;255;179;71m█[39m[48;2;0;0;0m                  
                  [38;2;255;179;71m[48;2;18;10;6m█[38;2;219;153;61m█[38;2;183;128;51m▓[38;2;147;103;41m▓[38;2;112;78;31m▒[39m                                                                                                                                                [38;2;112;78;31m▒[38;2;147;103;41m▓[38;2;183;128;51m▓[38;2;219;153;61m█[38;2;255;179;71m█[39m[48;2;0;0;0m                  
                  [38;2;255;179;71m[48;2;18;10;6m█[38;2;219;153;61m█[38;2;183;128;51m▓[38;2;147;103;41m▓[38;2;112;78;31m▒[39m      [38;2;40;20;20m⠘⠋⠈[39m                            [38;2;40;20;20m⣤⣴[39m                                                                                                         [38;2;112;78;31m▒[38;2;147;103;41m▓[38;2;183;128;51m▓[38;2;219;153;61m█[38;2;255;179;71m█[39m[48;2;0;0;0m                  
                  [38;2;255;179;71m[48;2;18;10;6m█[38;2;219;153;61m█[38;2;183;128;51m▓[38;2;147;103;41m▓[38;2;112;78;31m▒[39m                                                                                                                                                [38;2;112;78;31m▒[38;2;147;103;41m▓[38;2;183;128;51m▓[38;2;219;153;61m█[38;2;255;179;71m█[39m[48;2;0;0;0m                  
                  [38;2;255;179;71m[48;2;18;10;6m█[38;2;219;153;61m█[38;2;183;128;51m▓[38;2;147;103;41m▓[38;2;112;78;31m▒[39m                                                                                                                                                [38;2;112;78;31m▒[38;2;147;103;41m▓[38;2;183;128;51m▓[38;2;219;153;61m█[38;2;255;179;71m█[39m[48;2;0;0;0m                  
                  [38;2;255;179;71m[48;2;18;10;6m█[38;2;219;153;61m█[38;2;183;128;51m▓[38;2;147;103;41m▓[38;2;112;78;31m▒[39m                                                                                                                                                [38;2;112;78;31m▒[38;2;147;103;41m▓[38;2;183;128;51m▓[38;2;219;153;61m█[38;2;255;179;71m█[39m[48;2;0;0;0m                  
                  [38;2;255;179;71m[48;2;18;10;6m█[38;2;219;153;61m█[38;2;183;128;51m▓[38;2;147;103;41m▓[38;2;112;78;31m▒[39m                                                                                                                                                [38;2;112;78;31m▒[38;2;147;103;41m▓[38;2;183;128;51m▓[38;2;219;153;61m█[38;2;255;179;71m█[39m[48;2;0;0;0m                  
                  [38;2;255;179;71m[48;2;18;10;6m█[38;2;219;153;61m█[38;2;183;128;51m▓[38;2;147;103;41m▓[38;2;112;78;31m▒[39m                                                                                                                                                [38;2;112;78;31m▒[38;2;147;103;41m▓[38;2;183;128;51m▓[38;2;219;153;61m█[38;2;255;179;71m█[39m[48;2;0;0;0m                  
                  [38;2;255;179;71m[48;2;18;10;6m█[38;2;219;153;61m█[38;2;183;128;51m▓[38;2;147;103;41m▓[38;2;112;78;31m▒[39m                                                                                                                                                [38;2;112;78;31m▒[38;2;147;103;41m▓[38;2;183;128;51m▓[38;2;219;153;61m█[38;2;255;179;71m█[39m[48;2;0;0;0m                  
                  [38;2;255;179;71m[48;2;18;10;6m█[38;2;219;153;61m█[38;2;183;128;51m▓[38;2;165;116;46m▓▓▓▓▓▓▓▓▓▓▓▓▓▓▓▓▓▓▓▓▓▓▓▓▓▓▓▓▓▓▓▓▓▓▓▓▓▓▓▓▓▓▓▓▓▓▓▓▓▓▓▓▓▓▓▓▓▓▓▓▓▓▓▓▓▓▓▓▓▓▓▓▓▓▓▓▓▓▓▓▓▓▓▓▓▓▓▓▓▓▓▓▓▓▓▓▓▓▓▓▓▓▓▓▓▓▓▓▓▓▓▓▓▓▓▓▓▓▓▓▓▓▓▓▓▓▓▓▓▓▓▓▓▓▓▓▓▓▓▓▓▓▓▓▓▓▓▓[38;2;183;128;51m▓[38;2;219;153;61m█[38;2;255;179;71m█[39m[48;2;0;0;0m                  
                  [38;2;255;179;71m[48;2;18;10;6m██████████████████████████████████████████████████████████████████████████████████████████████████████████████████████████████████████████████████████████[39m[48;2;0;0;0m                  
                                                                                                                                                                                              
                                                                                                                                                                                              
