[48;2;12;28;42m                                                                                                                                                                                              
                                                                                                                                                                                              
                  [38;2;95;211;255m[48;2;6;16;24m██████████████████████████████████████████████████████████████████████████████████████████████████████████████████████████████████████████████████████████[39m[48;2;12;28;42m                  
                  [38;2;95;211;255m[48;2;6;16;24m█[38;2;81;181;219m█[38;2;68;151;183m▓[38;2;61;137;165m▓▓▓▓▓▓▓▓▓▓▓▓▓▓▓▓▓▓▓▓▓▓▓▓▓▓▓▓▓▓▓▓▓▓▓▓▓▓▓▓▓▓▓▓▓▓▓▓▓▓▓▓▓▓▓▓▓▓▓▓▓▓▓▓▓▓▓▓▓▓▓▓▓▓▓▓▓▓▓▓▓▓▓▓▓▓▓▓▓▓▓▓▓▓▓▓▓▓▓▓▓▓▓▓▓▓▓▓▓▓▓▓▓▓▓▓▓▓▓▓▓▓▓▓▓▓▓▓▓▓▓▓▓▓▓▓▓▓▓▓▓▓▓▓▓▓▓▓[38;2;68;151;183m▓[38;2;81;181;219m█[38;2;95;211;255m█[39m[48;2;12;28;42m                  
                  [38;2;95;211;255m[48;2;6;16;24m█[38;2;81;181;219m█[38;2;68;151;183m▓[38;2;55;122;147m▓[38;2;41;92;112m▒[38;2;16;20;32m⡟[38;2;16;20;34m⢸[38;2;16;20;35m⣇[39m                                                                                                                                             [38;2;41;92;112m▒[38;2;55;122;147m▓[38;2;68;151;183m▓[38;2;81;181;219m█[38;2;95;211;255m█[39m[48;2;12;28;42m                  
                  [38;2;95;211;255m[48;2;6;16;24m█[38;2;81;181;219m█[38;2;68;151;183m▓[38;2;55;122;147m▓[38;2;41;92;112m▒[38;2;16;20;30m⣄[38;2;16;20;34m⣿[38;2;17;20;39m⣿⣿[39m                                                                                                                                            [38;2;41;92;112m▒[38;2;55;122;147m▓[38;2;68;151;183m▓[38;2;81;181;219m█[38;2;95;211;255m█[39m[48;2;12;28;42m                  
                  [38;2;95;211;255m[48;2;6;16;24m█[38;2;81;181;219m█[38;2;68;151;183m▓[38;2;55;122;147m▓[38;2;41;92;112m▒[38;2;17;19;26m⠉[38;2;16;20;32m⠘[38;2;17;20;43m⢿[38;2;19;20;49m⣿[38;2;18;20;47m⣿[39m                                                                                                                                           [38;2;41;92;112m▒[38;2;55;122;147m▓[38;2;68;151;183m▓[38;2;81;181;219m█[38;2;95;211;255m█[39m[48;2;12;28;42m                  
                  [38;2;95;211;255m[48;2;6;16;24m█[38;2;81;181;219m█[38;2;68;151;183m▓[38;2;55;122;147m▓[38;2;41;92;112m▒[39m  [38;2;17;20;40m⢸[38;2;20;20;51m⣿[38;2;20;20;52m⣿[38;2;19;20;49m⣷[39m                                                                                                                                          [38;2;41;92;112m▒[38;2;55;122;147m▓[38;2;68;151;183m▓[38;2;81;181;219m█[38;2;95;211;255m█[39m[48;2;12;28;42m                  
                  [38;2;95;211;255m[48;2;6;16;24m█[38;2;81;181;219m█[38;2;68;151;183m▓[38;2;55;122;147m▓[38;2;41;92;112m▒[39m   [38;2;18;20;46m⢹[38;2;20;20;52m⣿[38;2;20;20;51m⣿[38;2;17;20;42m⡇[39m                                                                                                                                         [38;2;41;92;112m▒[38;2;55;122;147m▓[38;2;68;151;183m▓[38;2;81;181;219m█[38;2;95;211;255m█[39m[48;2;12;28;42m                  
                  [38;2;95;211;255m[48;2;6;16;24m█[38;2;81;181;219m█[38;2;68;151;183m▓[38;2;55;122;147m▓[38;2;41;92;112m▒[39m    [38;2;18;20;45m⢻[38;2;19;20;49m⣿[38;2;17;20;43m⣿[39m                                                                                                                                         [38;2;41;92;112m▒[38;2;55;122;147m▓[38;2;68;151;183m▓[38;2;81;181;219m█[38;2;95;211;255m█[39m[48;2;12;28;42m                  
                  [38;2;95;211;255m[48;2;6;16;24m█[38;2;81;181;219m█[38;2;68;151;183m▓[38;2;55;122;147m▓[38;2;41;92;112m▒[39m     [38;2;16;20;37m⠸[38;2;17;20;40m⣿[38;2;16;20;35m⣷[39m                                                                                                                                        [38;2;41;92;112m▒[38;2;55;122;147m▓[38;2;68;151;183m▓[38;2;81;181;219m█[38;2;95;211;255m█[39m[48;2;12;28;42m                  
                  [38;2;95;211;255m[48;2;6;16;24m█[38;2;81;181;219m█[38;2;68;151;183m▓[38;2;55;122;147m▓[38;2;41;92;112m▒[39m      [38;2;16;20;31m⢸[38;2;16;20;33m⣿[38;2;16;20;28m⡇[39m                                                                                                                                       [38;2;41;92;112m▒[38;2;55;122;147m▓[38;2;68;151;183m▓[38;2;81;181;219m█[38;2;95;211;255m█[39m[48;2;12;28;42m                  
                  [38;2;95;211;255m[48;2;6;16;24m█[38;2;81;181;219m█[38;2;68;151;183m▓[38;2;55;122;147m▓[38;2;41;92;112m▒[39m       [38;2;16;20;29m⠸[39m                                                                                                                                        [38;2;41;92;112m▒[38;2;55;122;147m▓[38;2;68;151;183m▓[38;2;81;181;219m█[38;2;95;211;255m█[39m[48;2;12;28;42m                  
                  [38;2;95;211;255m[48;2;6;16;24m█[38;2;81;181;219m█[38;2;68;151;183m▓[38;2;55;122;147m▓[38;2;41;92;112m▒[39m        [38;2;16;20;37m⢰[38;2;16;20;36m⡄[39m                                                                                                                                      [38;2;41;92;112m▒[38;2;55;122;147m▓[38;2;68;151;183m▓[38;2;81;181;219m█[38;2;95;211;255m█[39m[48;2;12;28;42m                  
                  [38;2;95;211;255m[48;2;6;16;24m█[38;2;81;181;219m█[38;2;68;151;183m▓[38;2;55;122;147m▓[38;2;41;92;112m▒[39m        [38;2;20;20;52m⣿[38;2;20;21;53m⣿[38;2;18;20;48m⡆[39m                                                                                                                                     [38;2;41;92;112m▒[38;2;55;122;147m▓[38;2;68;151;183m▓[38;2;81;181;219m█[38;2;95;211;255m█[39m[48;2;12;28;42m                  
                  [38;2;95;211;255m[48;2;6;16;24m█[38;2;81;181;219m█[38;2;68;151;183m▓[38;2;55;122;147m▓[38;2;41;92;112m▒[39m       [38;2;17;20;41m⢸[38;2;20;22;55m⣿[38;2;20;23;56m⣿[38;2;20;21;53m⣿[39m                                                                                                                                     [38;2;41;92;112m▒[38;2;55;122;147m▓[38;2;68;151;183m▓[38;2;81;181;219m█[38;2;95;211;255m█[39m[48;2;12;28;42m                  
                  [38;2;95;211;255m[48;2;6;16;24m█[38;2;81;181;219m█[38;2;68;151;183m▓[38;2;55;122;147m▓[38;2;41;92;112m▒[39m        [38;2;20;22;55m⣿[38;2;20;23;56m⣿[38;2;20;21;53m⣿[39m                                                     [38;2;17;19;24m⢰[38;2;17;19;25m⣷[39m                                                                              [38;2;41;92;112m▒[38;2;55;122;147m▓[38;2;68;151;183m▓[38;2;81;181;219m█[38;2;95;211;255m█[39m[48;2;12;28;42m                  
                  [38;2;95;211;255m[48;2;6;16;24m█[38;2;81;181;219m█[38;2;68;151;183m▓[38;2;55;122;147m▓[38;2;41;92;112m▒[39m        [38;2;20;20;52m⣿[38;2;20;21;53m⣿[38;2;18;20;48m⡇[39m                                                     [38;2;17;19;25m⠘⠟[39m                                                         [38;2;18;20;46m⣴[38;2;18;20;44m⣶[38;2;16;20;35m⣶[38;2;17;19;27m⡄[39m                 [38;2;41;92;112m▒[38;2;55;122;147m▓[38;2;68;151;183m▓[38;2;81;181;219m█[38;2;95;211;255m█[39m[48;2;12;28;42m                  
                  [38;2;95;211;255m[48;2;6;16;24m█[38;2;81;181;219m█[38;2;68;151;183m▓[38;2;55;122;147m▓[38;2;41;92;112m▒[39m       [38;2;16;20;36m⢸[38;2;19;20;49m⣿⣿[38;2;16;20;38m⡇[39m                                                                                                             [38;2;17;20;40m⢠[38;2;20;20;51m⣾[38;2;20;21;53m⣿⣿[38;2;19;20;50m⣿[38;2;16;20;38m⣿[38;2;17;19;27m⠃[39m   [38;2;17;19;25m⠈[38;2;16;20;30m⢿[38;2;16;20;31m⣷[38;2;16;20;28m⡄[39m          [38;2;41;92;112m▒[38;2;55;122;147m▓[38;2;68;151;183m▓[38;2;81;181;219m█[38;2;95;211;255m█[39m[48;2;12;28;42m                  
                  [38;2;95;211;255m[48;2;6;16;24m█[38;2;81;181;219m█[38;2;68;151;183m▓[38;2;55;122;147m▓[38;2;41;92;112m▒[39m        [38;2;17;20;42m⣿[38;2;17;20;41m⣿[39m             [38;2;17;19;26m⢹[38;2;16;20;28m⣿[38;2;16;20;29m⣧[39m   [38;2;19;20;49m⢠[38;2;20;23;56m⣴[38;2;20;25;61m⣶[38;2;20;27;64m⣶[38;2;20;26;62m⣶[38;2;20;24;58m⣶[38;2;20;21;53m⣦[38;2;18;20;48m⣄[39m  [38;2;19;20;49m⢀[38;2;20;21;53m⣤[38;2;20;22;55m⣴⣶[38;2;20;21;53m⣶⣶[38;2;20;22;54m⣶⣦⣤[38;2;20;21;53m⣤[38;2;19;20;50m⣀[39m                                               [38;2;18;20;44m⣠[38;2;19;20;50m⣤[38;2;20;20;52m⣤[38;2;20;21;53m⣶⣶[38;2;20;20;51m⣄[39m                [38;2;16;20;38m⢰[38;2;19;20;49m⣿[38;2;20;21;53m⣿[38;2;20;22;54m⣿[38;2;20;21;53m⣿[38;2;18;20;47m⡿[39m       [38;2;16;20;33m⢿[38;2;16;20;31m⣿[39m          [38;2;41;92;112m▒[38;2;55;122;147m▓[38;2;68;151;183m▓[38;2;81;181;219m█[38;2;95;211;255m█[39m[48;2;12;28;42m                  
                  [38;2;95;211;255m[48;2;6;16;24m█[38;2;81;181;219m█[38;2;68;151;183m▓[38;2;55;122;147m▓[38;2;41;92;112m▒[39m        [38;2;16;20;35m⣿[38;2;16;20;32m⠇[39m              [38;2;17;19;27m⠸[38;2;16;20;31m⢿[38;2;16;20;37m⣿[38;2;19;20;49m⣷[38;2;20;25;61m⣿[38;2;21;37;77m⣿[38;2;25;49;98m⣿[38;2;28;59;115m⣿[38;2;27;56;110m⣿[38;2;24;48;96m⣿[38;2;21;42;85m⣿[38;2;21;35;76m⣿[38;2;20;29;69m⣿[38;2;20;25;61m⣿⣿[38;2;20;29;69m⣿[38;2;21;35;75m⣿[38;2;21;34;74m⣿[38;2;20;29;69m⣿[38;2;20;27;64m⣿[38;2;20;26;62m⣿⣿[38;2;20;27;64m⣿[38;2;20;28;66m⣿[38;2;20;28;68m⣿[38;2;20;29;69m⣿[38;2;20;28;67m⣿[38;2;20;26;62m⣿[38;2;20;22;54m⣦[39m            [38;2;16;20;29m⢀[38;2;16;20;30m⡀[39m        [38;2;18;20;48m⢀[38;2;20;20;52m⣠[38;2;20;21;53m⣴[38;2;20;23;56m⣶[38;2;20;24;57m⣶[38;2;20;24;58m⣶⣶⣶[38;2;20;24;60m⣶[38;2;20;26;62m⣶⣦[38;2;20;24;60m⣤[38;2;20;23;56m⣤[38;2;20;21;53m⣤[38;2;19;20;50m⣤[38;2;17;20;41m⡀[39m    [38;2;16;20;31m⣰[38;2;17;20;42m⣿[38;2;20;20;51m⣿[38;2;20;22;55m⣿[38;2;20;24;58m⣿[38;2;20;26;63m⣿[38;2;20;29;69m⣿⣿[38;2;20;27;64m⣿[38;2;20;23;56m⣦[39m    [38;2;20;20;51m⣠[38;2;20;21;53m⣤⣤[38;2;20;20;52m⣤[38;2;18;20;47m⡀[39m    [38;2;16;20;31m⣸[38;2;17;20;39m⣿[38;2;18;20;48m⣿[38;2;19;20;50m⡿[38;2;19;20;49m⠟[39m          [38;2;16;20;31m⢻[39m          [38;2;41;92;112m▒[38;2;55;122;147m▓[38;2;68;151;183m▓[38;2;81;181;219m█[38;2;95;211;255m█[39m[48;2;12;28;42m                  
                  [38;2;95;211;255m[48;2;6;16;24m█[38;2;81;181;219m█[38;2;68;151;183m▓[38;2;55;122;147m▓[38;2;41;92;112m▒[39m       [38;2;16;20;28m⠸[38;2;16;20;30m⣿[39m                 [38;2;18;20;48m⢹[38;2;20;27;64m⣿[38;2;24;48;96m⣿[38;2;31;73;135m⣿[38;2;35;82;149m⣿[38;2;32;74;136m⣿[38;2;28;60;116m⣿[38;2;25;49;98m⣿[38;2;23;44;89m⣿[38;2;22;43;87m⣿[38;2;22;43;86m⣿[38;2;21;40;81m⣿[38;2;21;38;78m⣿[38;2;21;37;77m⣿[38;2;21;38;78m⣿[38;2;21;35;75m⣿[38;2;20;29;69m⣿[38;2;20;26;63m⣿[38;2;20;25;61m⣿⣿[38;2;20;27;64m⣿[38;2;20;28;66m⣿[38;2;20;28;68m⣿[38;2;20;30;70m⣿[38;2;21;34;74m⣿[38;2;21;36;77m⣿[38;2;21;35;75m⣿[38;2;20;29;69m⣿[38;2;20;27;64m⣶[38;2;20;28;66m⣶[38;2;20;28;67m⣾[38;2;20;26;63m⣿[38;2;20;22;55m⣿[38;2;18;20;46m⣿[38;2;16;20;34m⣷[38;2;17;19;27m⣆[39m  [38;2;17;19;26m⢸[38;2;16;20;28m⣿[38;2;16;20;31m⣿[38;2;16;20;33m⣿[38;2;16;20;37m⣿[38;2;18;20;44m⣶[38;2;18;20;48m⣶[38;2;20;20;51m⣄[38;2;20;24;60m⢠[38;2;20;31;71m⣴[38;2;21;35;76m⣾[38;2;20;32;72m⣿[38;2;20;27;64m⣿[38;2;20;25;61m⣿[38;2;20;24;60m⣿[38;2;20;25;61m⣿[38;2;20;28;65m⣿[38;2;20;30;70m⣿[38;2;21;38;78m⣿[38;2;25;50;101m⣿[38;2;30;68;129m⣿[38;2;31;73;135m⣿[38;2;28;60;116m⣿[38;2;23;44;90m⣿[38;2;21;37;77m⣿[38;2;21;33;73m⣿[38;2;20;29;69m⣿[38;2;20;27;64m⣷[38;2;20;23;56m⣶[38;2;18;20;48m⣶[38;2;16;20;35m⣾[38;2;16;20;33m⡿[38;2;17;20;41m⠿[38;2;19;20;50m⣿[38;2;20;22;54m⣿[38;2;20;24;57m⣿[38;2;20;26;63m⣿[38;2;20;29;69m⣿[38;2;20;31;71m⣿[38;2;20;29;69m⣿[38;2;20;27;64m⣿[38;2;20;25;61m⣿[38;2;20;27;64m⣿[38;2;20;32;72m⣿[38;2;21;41;84m⣿[38;2;24;46;94m⣿⣿[38;2;22;43;87m⣿[38;2;21;39;79m⣿[38;2;21;35;75m⣿[38;2;20;29;69m⣿[38;2;20;24;60m⣷[38;2;20;20;51m⣶[38;2;17;20;39m⣿[38;2;16;20;33m⡟⠁[39m             [38;2;16;20;29m⢸⣧[39m         [38;2;41;92;112m▒[38;2;55;122;147m▓[38;2;68;151;183m▓[38;2;81;181;219m█[38;2;95;211;255m█[39m[48;2;12;28;42m                  
                  [38;2;95;211;255m[48;2;6;16;24m█[38;2;81;181;219m█[38;2;68;151;183m▓[38;2;55;122;147m▓[38;2;41;92;112m▒[39m        [38;2;19;20;50m⣤[39m                 [38;2;20;20;52m⢸[38;2;21;38;78m⣿[38;2;34;78;143m⣿[38;2;42;96;170m⣿[38;2;40;93;164m⣿[38;2;30;65;124m⣿[38;2;24;46;94m⣿[38;2;21;40;81m⣿[38;2;21;36;77m⣿[38;2;21;40;80m⣿[38;2;23;45;91m⣿[38;2;25;50;101m⣿[38;2;26;51;103m⣿[38;2;24;46;93m⣿[38;2;21;39;79m⣿[38;2;20;29;69m⡿[38;2;20;24;60m⠋[39m     [38;2;20;25;61m⠙[38;2;20;28;65m⢿[38;2;20;32;72m⣿[38;2;21;40;82m⣿[38;2;24;46;92m⣿[38;2;23;44;89m⣿[38;2;21;39;79m⣿[38;2;21;35;76m⣿[38;2;21;33;73m⣿[38;2;20;28;67m⣿[38;2;20;23;56m⣿[38;2;18;20;48m⣿[38;2;16;20;34m⠏[39m       [38;2;16;20;37m⠻[38;2;19;20;49m⣿[38;2;20;21;53m⣿[38;2;20;28;65m⣿[38;2;24;46;93m⣿[38;2;30;66;125m⣿[38;2;30;64;122m⣿[38;2;23;44;89m⣿[38;2;20;28;66m⣿[38;2;20;24;60m⣿[38;2;20;24;59m⣿[38;2;20;25;61m⣿[38;2;20;27;64m⣿[38;2;20;31;71m⣿[38;2;21;42;85m⣿[38;2;30;67;126m⣿[38;2;38;90;161m⣿[38;2;41;95;168m⣿[38;2;35;80;146m⣿[38;2;27;56;109m⣿[38;2;22;43;87m⣿[38;2;21;38;78m⣿[38;2;21;36;77m⣿[38;2;21;35;76m⣿[38;2;20;31;71m⣿[38;2;20;25;61m⣿[38;2;19;20;50m⣷[39m     [38;2;20;22;54m⠈[38;2;20;25;61m⠻[38;2;20;28;65m⢿[38;2;20;28;66m⣿[38;2;20;29;69m⣿[38;2;21;40;81m⣿[38;2;27;54;107m⣿[38;2;31;71;132m⣿[38;2;32;75;137m⣿[38;2;30;68;128m⣿[38;2;27;56;110m⣿[38;2;24;46;93m⣿[38;2;21;42;84m⣿[38;2;21;41;83m⣿⣿[38;2;21;37;77m⣿[38;2;20;28;67m⣿[38;2;20;21;53m⣿[39m               [38;2;16;20;29m⢸[38;2;16;20;28m⡟[39m         [38;2;41;92;112m▒[38;2;55;122;147m▓[38;2;68;151;183m▓[38;2;81;181;219m█[38;2;95;211;255m█[39m[48;2;12;28;42m                  
                  [38;2;95;211;255m[48;2;6;16;24m█[38;2;81;181;219m█[38;2;68;151;183m▓[38;2;55;122;147m▓[38;2;41;92;112m▒[39m       [38;2;20;28;65m⣼[38;2;20;30;70m⣿[38;2;20;28;66m⣷[38;2;19;20;50m⡆[39m               [38;2;20;21;53m⢸[38;2;21;42;85m⣿[38;2;36;83;150m⣿[38;2;38;91;161m⣿[38;2;30;69;130m⣿[38;2;20;29;69m⡿[39m   [38;2;20;24;60m⠹[38;2;21;35;75m⣿[38;2;24;48;97m⣿[38;2;28;58;112m⣿[38;2;25;49;98m⣿[38;2;21;35;76m⣿[38;2;20;24;57m⣇[39m        [38;2;20;23;56m⠸[38;2;21;35;75m⣿[38;2;25;50;101m⣿[38;2;27;56;109m⣿[38;2;24;47;96m⣿[38;2;21;39;79m⣿[38;2;21;33;73m⣿[38;2;20;27;64m⣿[38;2;20;21;53m⡿[38;2;16;20;38m⠃[39m         [38;2;18;20;46m⠸[38;2;20;23;56m⣿[38;2;21;35;76m⣿[38;2;29;63;120m⣿[38;2;35;82;148m⣿[38;2;31;71;133m⣿[38;2;22;43;86m⣿[38;2;20;24;60m⡟[39m   [38;2;20;20;51m⠈[38;2;20;24;60m⢻[38;2;21;35;75m⣿[38;2;28;60;115m⣿[38;2;37;88;157m⣿[38;2;42;96;169m⣿[38;2;36;83;150m⣿[38;2;27;57;111m⣿[38;2;21;41;83m⣿[38;2;21;35;75m⣿⣿[38;2;21;40;80m⣿[38;2;21;39;79m⣿[38;2;20;32;72m⣿[38;2;20;23;56m⣿[39m        [38;2;20;22;55m⢸[38;2;21;35;76m⣿[38;2;30;66;125m⣿[38;2;38;90;161m⣿[38;2;41;95;168m⣿[38;2;36;83;150m⣿[38;2;30;66;124m⣿[38;2;25;49;99m⣿[38;2;21;41;83m⣿[38;2;21;37;77m⣿[38;2;21;39;79m⣿[38;2;24;46;92m⣿[38;2;24;47;96m⣿[38;2;21;41;83m⣿[38;2;20;28;65m⣿[38;2;18;20;46m⡇[39m              [38;2;17;19;27m⠘[39m          [38;2;41;92;112m▒[38;2;55;122;147m▓[38;2;68;151;183m▓[38;2;81;181;219m█[38;2;95;211;255m█[39m[48;2;12;28;42m                  
                  [38;2;95;211;255m[48;2;6;16;24m█[38;2;81;181;219m█[38;2;68;151;183m▓[38;2;55;122;147m▓[38;2;41;92;112m▒[39m      [38;2;20;20;52m⢸[38;2;20;32;72m⣿[38;2;21;40;80m⣿[38;2;21;35;76m⣿[38;2;20;24;58m⣷[39m               [38;2;20;21;53m⣼[38;2;21;35;76m⣿[38;2;28;58;112m⣿[38;2;28;59;115m⣿[38;2;21;42;85m⣿[38;2;20;22;54m⡇[39m    [38;2;20;24;57m⢹[38;2;21;35;75m⣿[38;2;24;46;94m⣿[38;2;25;50;101m⣿[38;2;23;44;90m⣿[38;2;20;32;72m⣿[38;2;20;24;59m⣧[39m        [38;2;20;29;69m⣾[38;2;25;49;98m⣿[38;2;27;56;110m⣿[38;2;24;46;92m⣿[38;2;20;28;67m⣿[38;2;20;23;56m⡿[39m             [38;2;20;22;54m⣿[38;2;21;36;77m⣿[38;2;28;59;113m⣿[38;2;30;67;127m⣿[38;2;24;48;97m⣿[38;2;20;28;66m⡟[39m      [38;2;20;21;53m⠸[38;2;20;30;70m⢿[38;2;22;43;88m⣿[38;2;27;54;107m⣿[38;2;26;52;104m⣿[38;2;21;42;84m⣿[38;2;20;28;68m⣿[39m [38;2;20;24;57m⠸[38;2;20;32;72m⣿[38;2;21;38;78m⣿[38;2;21;35;76m⣿[38;2;20;25;61m⣿[39m       [38;2;19;20;49m⢠[38;2;20;27;64m⣾[38;2;22;43;88m⣿[38;2;33;76;139m⣿[38;2;38;91;161m⣿[38;2;36;84;151m⣿[38;2;27;55;108m⣿[38;2;21;34;74m⡿[38;2;20;24;59m⠏[39m  [38;2;20;24;60m⢸[38;2;21;41;83m⣿[38;2;27;55;108m⣿[38;2;26;51;102m⣿[38;2;21;35;76m⣿[38;2;20;22;54m⣿[39m            [38;2;17;20;43m⣀[39m            [38;2;41;92;112m▒[38;2;55;122;147m▓[38;2;68;151;183m▓[38;2;81;181;219m█[38;2;95;211;255m█[39m[48;2;12;28;42m                  
                  [38;2;95;211;255m[48;2;6;16;24m█[38;2;81;181;219m█[38;2;68;151;183m▓[38;2;55;122;147m▓[38;2;41;92;112m▒[39m      [38;2;20;20;51m⢸[38;2;20;31;71m⣿[38;2;21;38;78m⣿[38;2;21;36;77m⣿[38;2;20;26;62m⣿[38;2;20;20;51m⣇[39m            [38;2;16;20;30m⢠[38;2;16;20;37m⣾[38;2;19;20;50m⣿[38;2;20;24;60m⣿[38;2;20;32;72m⣿[38;2;21;33;73m⣿[38;2;20;28;68m⣿[38;2;20;23;56m⣷[38;2;19;20;49m⡄[39m    [38;2;20;24;57m⢸[38;2;20;32;72m⣿[38;2;22;43;86m⣿[38;2;24;47;96m⣿[38;2;24;46;92m⣿[38;2;21;39;79m⣿[38;2;20;29;69m⣷[38;2;20;24;57m⣦[39m    [38;2;20;22;55m⢠[38;2;20;31;71m⣴[38;2;24;47;96m⣿[38;2;30;65;124m⣿[38;2;28;59;113m⣿[38;2;21;40;81m⣿[38;2;20;24;57m⣿[39m              [38;2;20;20;52m⢹[38;2;20;30;70m⣿[38;2;21;39;79m⣿[38;2;21;37;77m⣿[38;2;20;27;64m⡿[39m        [38;2;20;20;52m⢸[38;2;20;26;62m⣿[38;2;21;35;75m⣿[38;2;21;41;84m⣿[38;2;21;41;83m⣿[38;2;21;33;73m⣿[38;2;20;26;62m⣷[38;2;20;22;55m⡄[38;2;20;27;64m⣿[38;2;20;31;71m⣿[38;2;20;30;70m⣿[38;2;20;24;58m⣿[39m      [38;2;20;22;55m⢰[38;2;20;28;66m⣾[38;2;21;35;76m⣿[38;2;24;46;94m⣿[38;2;30;64;122m⣿[38;2;30;64;123m⣿[38;2;24;46;94m⣿[38;2;20;28;66m⡿[39m    [38;2;20;22;55m⢸[38;2;21;42;84m⣿[38;2;29;62;118m⣿[38;2;28;60;116m⣿[38;2;21;40;81m⣿[38;2;20;24;58m⣿[38;2;20;20;51m⣿[38;2;18;20;45m⣶[38;2;18;20;48m⣶[38;2;20;20;51m⣶[38;2;20;22;54m⣶[38;2;20;24;57m⣶[38;2;20;25;61m⣶[38;2;20;28;65m⣶[38;2;20;28;67m⣾[38;2;20;28;68m⣿[38;2;20;29;69m⣿⣿[38;2;20;28;68m⣿[38;2;20;26;63m⣿[38;2;20;22;55m⣷[38;2;17;20;40m⡄[39m         [38;2;41;92;112m▒[38;2;55;122;147m▓[38;2;68;151;183m▓[38;2;81;181;219m█[38;2;95;211;255m█[39m[48;2;12;28;42m                  
                  [38;2;95;211;255m[48;2;6;16;24m█[38;2;81;181;219m█[38;2;68;151;183m▓[38;2;55;122;147m▓[38;2;41;92;112m▒[39m       [38;2;20;23;56m⢻[38;2;20;26;63m⣿[38;2;20;27;64m⣿[38;2;20;25;61m⣿[38;2;20;26;62m⣿[38;2;20;28;68m⣿[38;2;21;34;74m⣿[38;2;21;33;73m⣿[38;2;20;28;66m⣶[38;2;20;21;53m⡆[39m       [38;2;16;20;31m⣿[38;2;16;20;35m⣿[38;2;16;20;38m⠟[38;2;17;20;43m⠛[38;2;20;20;52m⢻[38;2;20;23;56m⣿[38;2;20;24;59m⣿[38;2;20;24;60m⣿[38;2;20;25;61m⣿[38;2;20;26;63m⣿[38;2;20;27;64m⣷⣶[38;2;20;26;63m⣶[38;2;20;25;61m⣶[38;2;20;28;66m⣿[38;2;21;35;75m⣿[38;2;23;44;89m⣿[38;2;25;50;101m⣿[38;2;27;55;108m⣿[38;2;26;51;102m⣿[38;2;24;46;94m⣿[38;2;22;43;88m⣿[38;2;23;44;89m⣿[38;2;24;47;96m⣿[38;2;26;53;106m⣿[38;2;30;64;123m⣿[38;2;34;78;143m⣿[38;2;36;86;154m⣿[38;2;35;80;145m⣿[38;2;26;52;104m⣿[38;2;20;32;72m⣿[38;2;20;21;53m⡇[39m              [38;2;18;20;44m⢸[38;2;20;25;61m⣿[38;2;20;28;68m⣿[38;2;20;29;69m⣿[38;2;20;24;60m⣿[38;2;20;20;52m⡄[38;2;20;21;53m⣀[38;2;20;25;61m⣤[38;2;20;28;67m⣤[38;2;20;28;68m⣤[38;2;20;25;61m⣄[38;2;20;21;53m⡀[38;2;17;20;42m⣠[38;2;17;20;40m⣾[38;2;19;20;50m⣿[38;2;20;24;60m⣿[38;2;20;31;71m⣿[38;2;21;39;79m⣿[38;2;22;43;87m⣿⣿[38;2;21;40;81m⣿[38;2;21;37;77m⣿[38;2;20;32;72m⣿[38;2;20;28;66m⣿[38;2;20;24;57m⣿[39m   [38;2;20;21;53m⢀[38;2;20;24;60m⣴[38;2;20;28;68m⣾[38;2;21;34;74m⣿[38;2;21;37;77m⣿[38;2;21;39;79m⣿[38;2;21;38;78m⣿[38;2;21;37;77m⣿[38;2;21;33;73m⣿[38;2;20;28;66m⣿[38;2;20;23;56m⣷[39m   [38;2;20;21;53m⢠[38;2;20;28;65m⣾[38;2;23;45;91m⣿[38;2;28;58;113m⣿[38;2;25;50;100m⣿[38;2;21;34;74m⣿[38;2;20;23;56m⣿[38;2;20;20;51m⣿[38;2;19;20;49m⣿[38;2;20;20;52m⣿[38;2;20;23;56m⣿[38;2;20;25;61m⣿[38;2;20;28;66m⣿[38;2;20;32;72m⣿[38;2;21;38;78m⣿[38;2;21;40;82m⣿[38;2;21;40;81m⣿[38;2;21;38;78m⣿[38;2;21;36;77m⣿[38;2;21;35;76m⣿[38;2;20;32;72m⣿[38;2;20;27;64m⣿[38;2;20;22;54m⣿[38;2;16;20;38m⡆[39m        [38;2;41;92;112m▒[38;2;55;122;147m▓[38;2;68;151;183m▓[38;2;81;181;219m█[38;2;95;211;255m█[39m[48;2;12;28;42m                  
                  [38;2;95;211;255m[48;2;6;16;24m█[38;2;81;181;219m█[38;2;68;151;183m▓[38;2;55;122;147m▓[38;2;41;92;112m▒[39m        [38;2;17;20;43m⠘[38;2;19;20;50m⢿[38;2;20;22;55m⣿[38;2;20;26;63m⣿[38;2;20;31;71m⣿[38;2;21;38;78m⣿⣿[38;2;20;29;69m⣿[38;2;20;22;55m⣿[39m  [38;2;17;19;23m⠙⠋[39m        [38;2;17;20;43m⠸[38;2;20;20;52m⢿[38;2;20;24;57m⣿[38;2;20;25;61m⣿[38;2;20;28;65m⣿[38;2;20;29;69m⣿⣿[38;2;20;28;68m⣿[38;2;20;27;64m⣿⣿[38;2;20;28;65m⣿[38;2;20;32;72m⣿[38;2;21;42;85m⣿[38;2;25;50;100m⣿[38;2;27;55;109m⣿[38;2;27;57;111m⣿[38;2;28;59;115m⣿[38;2;30;68;128m⣿[38;2;34;78;143m⣿[38;2;36;83;150m⣿[38;2;36;86;153m⣿[38;2;37;89;159m⣿[38;2;36;86;154m⣿[38;2;30;68;128m⣿[38;2;21;41;84m⣿[38;2;20;26;63m⣿[38;2;20;21;53m⣷[38;2;18;20;45m⣆[39m              [38;2;20;21;53m⢻[38;2;20;25;61m⣿[38;2;20;28;66m⣿[38;2;20;28;67m⣿[38;2;20;32;72m⣿[38;2;24;47;95m⣿[38;2;31;71;132m⣿[38;2;37;87;155m⣿[38;2;33;75;139m⣿[38;2;24;48;97m⣿[38;2;20;27;64m⣿[38;2;19;20;49m⣿[38;2;16;20;35m⡿[38;2;16;20;36m⠟[38;2;18;20;44m⠻[38;2;20;23;56m⢿[38;2;20;29;69m⣿[38;2;21;40;80m⣿[38;2;23;45;91m⣿[38;2;24;46;92m⣿[38;2;22;43;88m⣿[38;2;21;40;80m⣿[38;2;21;35;76m⣿[38;2;20;32;72m⣿[38;2;20;31;71m⣿[38;2;20;29;69m⣿[38;2;20;30;70m⣿[38;2;20;32;72m⣿[38;2;21;33;73m⣿[38;2;21;35;75m⣿[38;2;21;36;77m⣿[38;2;21;35;76m⣿[38;2;20;30;70m⣿[38;2;20;26;62m⣿[38;2;20;24;58m⣿[38;2;20;24;59m⣿[38;2;20;24;60m⣿[38;2;20;24;57m⣿[38;2;20;23;56m⣿[38;2;20;24;60m⣿[38;2;20;26;62m⣿[38;2;20;27;64m⣿[38;2;20;30;70m⣿[38;2;21;40;82m⣿[38;2;22;43;87m⣿[38;2;21;36;77m⣿[38;2;20;25;61m⣿[38;2;19;20;50m⠿[38;2;18;20;45m⠟⠻[38;2;20;20;51m⢿[38;2;20;22;55m⣿[38;2;20;24;60m⣿[38;2;20;28;65m⣿[38;2;20;32;72m⣿[38;2;21;38;78m⣿[38;2;21;42;85m⣿[38;2;21;42;84m⣿[38;2;21;39;79m⣿[38;2;21;35;76m⣿[38;2;21;35;75m⣿[38;2;21;33;73m⣿[38;2;20;29;69m⣿[38;2;20;24;59m⣿[38;2;19;20;49m⣿[39m        [38;2;41;92;112m▒[38;2;55;122;147m▓[38;2;68;151;183m▓[38;2;81;181;219m█[38;2;95;211;255m█[39m[48;2;12;28;42m                  
                  [38;2;95;211;255m[48;2;6;16;24m█[38;2;81;181;219m█[38;2;68;151;183m▓[38;2;55;122;147m▓[38;2;41;92;112m▒[39m          [38;2;18;20;48m⠸[38;2;20;24;58m⢿[38;2;20;28;68m⣿[38;2;21;35;76m⣿⣿[38;2;20;28;68m⡿[38;2;20;21;53m⠇[39m              [38;2;19;20;49m⠈[38;2;20;23;56m⠻[38;2;20;26;62m⣿[38;2;20;28;67m⣿[38;2;20;28;68m⣿[38;2;20;28;66m⣿[38;2;20;27;64m⣿[38;2;20;25;61m⣿[38;2;20;24;58m⣿[38;2;20;24;59m⣿[38;2;20;28;65m⣿[38;2;21;35;75m⣿[38;2;22;43;86m⣿[38;2;24;48;97m⣿[38;2;27;55;108m⣿[38;2;30;66;125m⣿[38;2;34;77;142m⣿[38;2;35;81;146m⣿[38;2;35;80;145m⣿[38;2;32;74;136m⣿[38;2;28;58;113m⣿[38;2;21;40;82m⣿[38;2;20;27;64m⣿[38;2;20;22;54m⣿[38;2;20;20;52m⣿[38;2;19;20;50m⣿[38;2;18;20;44m⣿[38;2;16;20;36m⣶[39m             [38;2;20;22;54m⣿[38;2;20;25;61m⣿[38;2;20;28;67m⣿[38;2;21;37;77m⣿[38;2;27;57;111m⣿[38;2;36;83;150m⣿[38;2;42;96;169m⣿[38;2;35;82;149m⣿[38;2;25;50;101m⣿[38;2;20;27;64m⣿[38;2;18;20;47m⠇[39m    [38;2;20;22;54m⠘[38;2;20;28;66m⢿[38;2;21;36;77m⣿[38;2;21;42;84m⣿[38;2;21;41;84m⣿[38;2;21;37;77m⣿[38;2;21;35;75m⣿[38;2;21;33;73m⣿⣿[38;2;20;32;72m⣿⣿⣿[38;2;21;33;73m⣿⣿[38;2;20;30;70m⣿[38;2;20;27;64m⡿[38;2;20;22;54m⠏[39m  [38;2;19;20;50m⠘[38;2;20;21;53m⠿[38;2;20;22;55m⣿[38;2;20;23;56m⣿[38;2;20;25;61m⣿[38;2;20;26;63m⣿[38;2;20;27;64m⣿[38;2;20;28;65m⣿[38;2;20;28;66m⣿[38;2;20;26;63m⡿[38;2;20;22;54m⠏[39m       [38;2;20;21;53m⠈[38;2;20;24;59m⠻[38;2;20;27;64m⢿[38;2;20;29;69m⣿⣿[38;2;20;28;67m⣿[38;2;20;28;65m⣿[38;2;20;28;68m⣿[38;2;20;29;69m⣿[38;2;20;28;67m⣿[38;2;20;24;59m⣿[38;2;19;20;49m⣿[39m        [38;2;41;92;112m▒[38;2;55;122;147m▓[38;2;68;151;183m▓[38;2;81;181;219m█[38;2;95;211;255m█[39m[48;2;12;28;42m                  
                  [38;2;95;211;255m[48;2;6;16;24m█[38;2;81;181;219m█[38;2;68;151;183m▓[38;2;55;122;147m▓[38;2;41;92;112m▒[39m             [38;2;19;20;50m⠉[39m                      [38;2;19;20;49m⠉[39m     [38;2;18;20;48m⠈[38;2;20;21;53m⠙[38;2;20;24;60m⠿[38;2;20;28;68m⢿[38;2;21;35;76m⣿[38;2;21;40;81m⣿[38;2;21;39;79m⣿[38;2;21;33;73m⣿[38;2;20;27;64m⠿[38;2;20;23;56m⠟[39m  [38;2;17;20;42m⠈[38;2;18;20;47m⠻⢿[38;2;18;20;44m⣿[38;2;16;20;38m⣿[38;2;16;20;31m⣷[38;2;16;20;28m⣀[38;2;16;20;32m⣠[38;2;17;20;39m⣶[38;2;17;20;42m⣶[38;2;16;20;38m⣦[38;2;16;20;30m⡄[39m      [38;2;16;20;35m⠘[38;2;19;20;50m⢿[38;2;20;24;60m⣿[38;2;21;33;73m⣿[38;2;25;50;101m⣿[38;2;31;73;135m⣿[38;2;35;82;149m⣿[38;2;30;65;124m⣿[38;2;21;41;83m⣿[38;2;20;23;56m⠇[39m        [38;2;20;24;57m⠻[38;2;20;26;63m⠿[38;2;20;28;66m⢿[38;2;20;29;69m⣿⣿⣿⣿[38;2;20;28;68m⣿[38;2;20;28;66m⣿[38;2;20;25;61m⠿[38;2;20;22;55m⠟[39m        [38;2;19;20;50m⠈[38;2;20;22;55m⠻[38;2;20;24;57m⠿[38;2;20;23;56m⠿[38;2;20;20;52m⠟[39m             [38;2;19;20;49m⠹[38;2;20;21;53m⢿[38;2;20;22;55m⣿[38;2;20;23;56m⣿[38;2;20;24;59m⣿[38;2;20;25;61m⣿[38;2;20;24;59m⣿[38;2;20;21;53m⣿[38;2;17;20;40m⠇[39m        [38;2;41;92;112m▒[38;2;55;122;147m▓[38;2;68;151;183m▓[38;2;81;181;219m█[38;2;95;211;255m█[39m[48;2;12;28;42m                  
                  [38;2;95;211;255m[48;2;6;16;24m█[38;2;81;181;219m█[38;2;68;151;183m▓[38;2;55;122;147m▓[38;2;41;92;112m▒[39m                                                            [38;2;17;19;27m⠘[38;2;16;20;33m⢻[38;2;17;20;40m⣿[38;2;17;20;43m⣿[38;2;17;20;40m⣿[38;2;16;20;33m⣿[39m        [38;2;17;20;42m⠈[38;2;20;21;53m⠻[38;2;20;24;59m⠿[38;2;20;26;63m⠿[38;2;20;26;62m⠿[38;2;20;23;56m⠏[39m                                                 [38;2;17;20;42m⠘[38;2;20;20;51m⠻[38;2;20;22;55m⢿⡿[38;2;20;20;52m⠿[38;2;17;20;40m⠃[39m         [38;2;41;92;112m▒[38;2;55;122;147m▓[38;2;68;151;183m▓[38;2;81;181;219m█[38;2;95;211;255m█[39m[48;2;12;28;42m                  
                  [38;2;95;211;255m[48;2;6;16;24m█[38;2;81;181;219m█[38;2;68;151;183m▓[38;2;55;122;147m▓[38;2;41;92;112m▒[39m                                                                [38;2;16;20;34m⠉[39m                                                                               [38;2;41;92;112m▒[38;2;55;122;147m▓[38;2;68;151;183m▓[38;2;81;181;219m█[38;2;95;211;255m█[39m[48;2;12;28;42m                  
                  [38;2;95;211;255m[48;2;6;16;24m█[38;2;81;181;219m█[38;2;68;151;183m▓[38;2;55;122;147m▓[38;2;41;92;112m▒[39m                                                                                                                                                [38;2;41;92;112m▒[38;2;55;122;147m▓[38;2;68;151;183m▓[38;2;81;181;219m█[38;2;95;211;255m█[39m[48;2;12;28;42m                  
                  [38;2;95;211;255m[48;2;6;16;24m█[38;2;81;181;219m█[38;2;68;151;183m▓[38;2;55;122;147m▓[38;2;41;92;112m▒[39m                                                                                                                                                [38;2;41;92;112m▒[38;2;55;122;147m▓[38;2;68;151;183m▓[38;2;81;181;219m█[38;2;95;211;255m█[39m[48;2;12;28;42m                  
                  [38;2;95;211;255m[48;2;6;16;24m█[38;2;81;181;219m█[38;2;68;151;183m▓[38;2;55;122;147m▓[38;2;41;92;112m▒[39m                                                                                                                                                [38;2;41;92;112m▒[38;2;55;122;147m▓[38;2;68;151;183m▓[38;2;81;181;219m█[38;2;95;211;255m█[39m[48;2;12;28;42m                  
                  [38;2;95;211;255m[48;2;6;16;24m█[38;2;81;181;219m█[38;2;68;151;183m▓[38;2;55;122;147m▓[38;2;41;92;112m▒[39m                                                                                                                                                [38;2;41;92;112m▒[38;2;55;122;147m▓[38;2;68;151;183m▓[38;2;81;181;219m█[38;2;95;211;255m█[39m[48;2;12;28;42m                  
                  [38;2;95;211;255m[48;2;6;16;24m█[38;2;81;181;219m█[38;2;68;151;183m▓[38;2;55;122;147m▓[38;2;41;92;112m▒[39m                                                                                                                 [38;2;17;19;24m⣄[39m                              [38;2;41;92;112m▒[38;2;55;122;147m▓[38;2;68;151;183m▓[38;2;81;181;219m█[38;2;95;211;255m█[39m[48;2;12;28;42m                  
                  [38;2;95;211;255m[48;2;6;16;24m█[38;2;81;181;219m█[38;2;68;151;183m▓[38;2;55;122;147m▓[38;2;41;92;112m▒[39m                                                                                                                 [38;2;17;19;27m⣿[39m                              [38;2;41;92;112m▒[38;2;55;122;147m▓[38;2;68;151;183m▓[38;2;81;181;219m█[38;2;95;211;255m█[39m[48;2;12;28;42m                  
                  [38;2;95;211;255m[48;2;6;16;24m█[38;2;81;181;219m█[38;2;68;151;183m▓[38;2;55;122;147m▓[38;2;41;92;112m▒[39m                                                                                                                 [38;2;17;19;27m⢹[39m                              [38;2;41;92;112m▒[38;2;55;122;147m▓[38;2;68;151;183m▓[38;2;81;181;219m█[38;2;95;211;255m█[39m[48;2;12;28;42m                  
                  [38;2;95;211;255m[48;2;6;16;24m█[38;2;81;181;219m█[38;2;68;151;183m▓[38;2;55;122;147m▓[38;2;41;92;112m▒[39m                                                                                                                                                [38;2;41;92;112m▒[38;2;55;122;147m▓[38;2;68;151;183m▓[38;2;81;181;219m█[38;2;95;211;255m█[39m[48;2;12;28;42m                  
                  [38;2;95;211;255m[48;2;6;16;24m█[38;2;81;181;219m█[38;2;68;151;183m▓[38;2;55;122;147m▓[38;2;41;92;112m▒[39m                                                                                                                                                [38;2;41;92;112m▒[38;2;55;122;147m▓[38;2;68;151;183m▓[38;2;81;181;219m█[38;2;95;211;255m█[39m[48;2;12;28;42m                  
                  [38;2;95;211;255m[48;2;6;16;24m█[38;2;81;181;219m█[38;2;68;151;183m▓[38;2;55;122;147m▓[38;2;41;92;112m▒[39m                                                                                                                                   [38;2;17;19;26m⢸[38;2;16;20;28m⣷[39m           [38;2;41;92;112m▒[38;2;55;122;147m▓[38;2;68;151;183m▓[38;2;81;181;219m█[38;2;95;211;255m█[39m[48;2;12;28;42m                  
                  [38;2;95;211;255m[48;2;6;16;24m█[38;2;81;181;219m█[38;2;68;151;183m▓[38;2;55;122;147m▓[38;2;41;92;112m▒[39m                                                                                                                                    [38;2;16;20;29m⠻[38;2;17;19;27m⣷[39m          [38;2;41;92;112m▒[38;2;55;122;147m▓[38;2;68;151;183m▓[38;2;81;181;219m█[38;2;95;211;255m█[39m[48;2;12;28;42m                  
                  [38;2;95;211;255m[48;2;6;16;24m█[38;2;81;181;219m█[38;2;68;151;183m▓[38;2;55;122;147m▓[38;2;41;92;112m▒[39m                                                                                                                                                [38;2;41;92;112m▒[38;2;55;122;147m▓[38;2;68;151;183m▓[38;2;81;181;219m█[38;2;95;211;255m█[39m[48;2;12;28;42m                  
                  [38;2;95;211;255m[48;2;6;16;24m█[38;2;81;181;219m█[38;2;68;151;183m▓[38;2;55;122;147m▓[38;2;41;92;112m▒[39m                                                                                                                                                [38;2;41;92;112m▒[38;2;55;122;147m▓[38;2;68;151;183m▓[38;2;81;181;219m█[38;2;95;211;255m█[39m[48;2;12;28;42m                  
                  [38;2;95;211;255m[48;2;6;16;24m█[38;2;81;181;219m█[38;2;68;151;183m▓[38;2;55;122;147m▓[38;2;41;92;112m▒[39m      [38;2;17;19;23m⠘⠋[38;2;17;18;22m⠈[39m                            [38;2;17;19;25m⣤⣴[39m                                                                                                         [38;2;41;92;112m▒[38;2;55;122;147m▓[38;2;68;151;183m▓[38;2;81;181;219m█[38;2;95;211;255m█[39m[48;2;12;28;42m                  
                  [38;2;95;211;255m[48;2;6;16;24m█[38;2;81;181;219m█[38;2;68;151;183m▓[38;2;55;122;147m▓[38;2;41;92;112m▒[39m                                                                                                                                                [38;2;41;92;112m▒[38;2;55;122;147m▓[38;2;68;151;183m▓[38;2;81;181;219m█[38;2;95;211;255m█[39m[48;2;12;28;42m                  
                  [38;2;95;211;255m[48;2;6;16;24m█[38;2;81;181;219m█[38;2;68;151;183m▓[38;2;55;122;147m▓[38;2;41;92;112m▒[39m                                                                                                                                                [38;2;41;92;112m▒[38;2;55;122;147m▓[38;2;68;151;183m▓[38;2;81;181;219m█[38;2;95;211;255m█[39m[48;2;12;28;42m                  
                  [38;2;95;211;255m[48;2;6;16;24m█[38;2;81;181;219m█[38;2;68;151;183m▓[38;2;55;122;147m▓[38;2;41;92;112m▒[39m                                                                                                                                                [38;2;41;92;112m▒[38;2;55;122;147m▓[38;2;68;151;183m▓[38;2;81;181;219m█[38;2;95;211;255m█[39m[48;2;12;28;42m                  
                  [38;2;95;211;255m[48;2;6;16;24m█[38;2;81;181;219m█[38;2;68;151;183m▓[38;2;55;122;147m▓[38;2;41;92;112m▒[39m                                                                                                                                                [38;2;41;92;112m▒[38;2;55;122;147m▓[38;2;68;151;183m▓[38;2;81;181;219m█[38;2;95;211;255m█[39m[48;2;12;28;42m                  
                  [38;2;95;211;255m[48;2;6;16;24m█[38;2;81;181;219m█[38;2;68;151;183m▓[38;2;55;122;147m▓[38;2;41;92;112m▒[39m                                                                                                                                                [38;2;41;92;112m▒[38;2;55;122;147m▓[38;2;68;151;183m▓[38;2;81;181;219m█[38;2;95;211;255m█[39m[48;2;12;28;42m                  
                  [38;2;95;211;255m[48;2;6;16;24m█[38;2;81;181;219m█[38;2;68;151;183m▓[38;2;55;122;147m▓[38;2;41;92;112m▒[39m                                                                                                                                                [38;2;41;92;112m▒[38;2;55;122;147m▓[38;2;68;151;183m▓[38;2;81;181;219m█[38;2;95;211;255m█[39m[48;2;12;28;42m                  
                  [38;2;95;211;255m[48;2;6;16;24m█[38;2;81;181;219m█[38;2;68;151;183m▓[38;2;61;137;165m▓▓▓▓▓▓▓▓▓▓▓▓▓▓▓▓▓▓▓▓▓▓▓▓▓▓▓▓▓▓▓▓▓▓▓▓▓▓▓▓▓▓▓▓▓▓▓▓▓▓▓▓▓▓▓▓▓▓▓▓▓▓▓▓▓▓▓▓▓▓▓▓▓▓▓▓▓▓▓▓▓▓▓▓▓▓▓▓▓▓▓▓▓▓▓▓▓▓▓▓▓▓▓▓▓▓▓▓▓▓▓▓▓▓▓▓▓▓▓▓▓▓▓▓▓▓▓▓▓▓▓▓▓▓▓▓▓▓▓▓▓▓▓▓▓▓▓▓[38;2;68;151;183m▓[38;2;81;181;219m█[38;2;95;211;255m█[39m[48;2;12;28;42m                  
                  [38;2;95;211;255m[48;2;6;16;24m██████████████████████████████████████████████████████████████████████████████████████████████████████████████████████████████████████████████████████████[39m[48;2;12;28;42m                  
                                                                                                                                                                                              
                                                                                                                                                                                              
