[48;2;220;212;194m                                                                                                                                                                                              
                                                                                                                                                                                              
                  [38;2;58;54;48m[48;2;236;230;214m██████████████████████████████████████████████████████████████████████████████████████████████████████████████████████████████████████████████████████████[39m[48;2;220;212;194m                  
                  [38;2;58;54;48m[48;2;236;230;214m█[38;2;49;46;41m█[38;2;41;38;34m▓[38;2;37;35;31m▓▓▓▓▓▓▓▓▓▓▓▓▓▓▓▓▓▓▓▓▓▓▓▓▓▓▓▓▓▓▓▓▓▓▓▓▓▓▓▓▓▓▓▓▓▓▓▓▓▓▓▓▓▓▓▓▓▓▓▓▓▓▓▓▓▓▓▓▓▓▓▓▓▓▓▓▓▓▓▓▓▓▓▓▓▓▓▓▓▓▓▓▓▓▓▓▓▓▓▓▓▓▓▓▓▓▓▓▓▓▓▓▓▓▓▓▓▓▓▓▓▓▓▓▓▓▓▓▓▓▓▓▓▓▓▓▓▓▓▓▓▓▓▓▓▓▓▓[38;2;41;38;34m▓[38;2;49;46;41m█[38;2;58;54;48m█[39m[48;2;220;212;194m                  
                  [38;2;58;54;48m[48;2;236;230;214m█[38;2;49;46;41m█[38;2;41;38;34m▓[38;2;33;31;27m▓[38;2;25;23;21m▒[38;2;12;15;20m⡟[38;2;12;15;21m⢸⣇[39m                                                                                                                                             [38;2;25;23;21m▒[38;2;33;31;27m▓[38;2;41;38;34m▓[38;2;49;46;41m█[38;2;58;54;48m█[39m[48;2;220;212;194m                  
                  [38;2;58;54;48m[48;2;236;230;214m█[38;2;49;46;41m█[38;2;41;38;34m▓[38;2;33;31;27m▓[38;2;25;23;21m▒[38;2;12;15;20m⣄[38;2;12;15;21m⣿[38;2;13;16;21m⣿⣿[39m                                                                                                                                            [38;2;25;23;21m▒[38;2;33;31;27m▓[38;2;41;38;34m▓[38;2;49;46;41m█[38;2;58;54;48m█[39m[48;2;220;212;194m                  
                  [38;2;58;54;48m[48;2;236;230;214m█[38;2;49;46;41m█[38;2;41;38;34m▓[38;2;33;31;27m▓[38;2;25;23;21m▒[38;2;11;14;19m⠉[38;2;12;15;20m⠘[38;2;13;16;21m⢿[38;2;14;18;23m⣿[38;2;14;17;22m⣿[39m                                                                                                                                           [38;2;25;23;21m▒[38;2;33;31;27m▓[38;2;41;38;34m▓[38;2;49;46;41m█[38;2;58;54;48m█[39m[48;2;220;212;194m                  
                  [38;2;58;54;48m[48;2;236;230;214m█[38;2;49;46;41m█[38;2;41;38;34m▓[38;2;33;31;27m▓[38;2;25;23;21m▒[39m  [38;2;13;16;21m⢸[38;2;15;18;24m⣿[38;2;15;19;24m⣿[38;2;14;18;23m⣷[39m                                                                                                                                          [38;2;25;23;21m▒[38;2;33;31;27m▓[38;2;41;38;34m▓[38;2;49;46;41m█[38;2;58;54;48m█[39m[48;2;220;212;194m                  
                  [38;2;58;54;48m[48;2;236;230;214m█[38;2;49;46;41m█[38;2;41;38;34m▓[38;2;33;31;27m▓[38;2;25;23;21m▒[39m   [38;2;14;17;22m⢹[38;2;15;19;24m⣿[38;2;15;18;24m⣿[38;2;13;16;21m⡇[39m                                                                                                                                         [38;2;25;23;21m▒[38;2;33;31;27m▓[38;2;41;38;34m▓[38;2;49;46;41m█[38;2;58;54;48m█[39m[48;2;220;212;194m                  
                  [38;2;58;54;48m[48;2;236;230;214m█[38;2;49;46;41m█[38;2;41;38;34m▓[38;2;33;31;27m▓[38;2;25;23;21m▒[39m    [38;2;14;17;22m⢻[38;2;14;18;23m⣿[38;2;13;16;21m⣿[39m                                                                                                                                         [38;2;25;23;21m▒[38;2;33;31;27m▓[38;2;41;38;34m▓[38;2;49;46;41m█[38;2;58;54;48m█[39m[48;2;220;212;194m                  
                  [38;2;58;54;48m[48;2;236;230;214m█[38;2;49;46;41m█[38;2;41;38;34m▓[38;2;33;31;27m▓[38;2;25;23;21m▒[39m     [38;2;12;15;21m⠸[38;2;13;16;21m⣿[38;2;12;15;21m⣷[39m                                                                                                                                        [38;2;25;23;21m▒[38;2;33;31;27m▓[38;2;41;38;34m▓[38;2;49;46;41m█[38;2;58;54;48m█[39m[48;2;220;212;194m                  
                  [38;2;58;54;48m[48;2;236;230;214m█[38;2;49;46;41m█[38;2;41;38;34m▓[38;2;33;31;27m▓[38;2;25;23;21m▒[39m      [38;2;12;15;20m⢸⣿⡇[39m                                                                                                                                       [38;2;25;23;21m▒[38;2;33;31;27m▓[38;2;41;38;34m▓[38;2;49;46;41m█[38;2;58;54;48m█[39m[48;2;220;212;194m                  
                  [38;2;58;54;48m[48;2;236;230;214m█[38;2;49;46;41m█[38;2;41;38;34m▓[38;2;33;31;27m▓[38;2;25;23;21m▒[39m       [38;2;12;15;20m⠸[39m                                                                                                                                        [38;2;25;23;21m▒[38;2;33;31;27m▓[38;2;41;38;34m▓[38;2;49;46;41m█[38;2;58;54;48m█[39m[48;2;220;212;194m                  
                  [38;2;58;54;48m[48;2;236;230;214m█[38;2;49;46;41m█[38;2;41;38;34m▓[38;2;33;31;27m▓[38;2;25;23;21m▒[39m        [38;2;12;15;21m⢰⡄[39m                                                                                                                                      [38;2;25;23;21m▒[38;2;33;31;27m▓[38;2;41;38;34m▓[38;2;49;46;41m█[38;2;58;54;48m█[39m[48;2;220;212;194m                  
                  [38;2;58;54;48m[48;2;236;230;214m█[38;2;49;46;41m█[38;2;41;38;34m▓[38;2;33;31;27m▓[38;2;25;23;21m▒[39m        [38;2;15;19;24m⣿[38;2;16;20;25m⣿[38;2;14;17;22m⡆[39m                                                                                                                                     [38;2;25;23;21m▒[38;2;33;31;27m▓[38;2;41;38;34m▓[38;2;49;46;41m█[38;2;58;54;48m█[39m[48;2;220;212;194m                  
                  [38;2;58;54;48m[48;2;236;230;214m█[38;2;49;46;41m█[38;2;41;38;34m▓[38;2;33;31;27m▓[38;2;25;23;21m▒[39m       [38;2;13;16;21m⢸[38;2;18;21;26m⣿[38;2;19;22;26m⣿[38;2;16;20;25m⣿[39m                                                                                                                                     [38;2;25;23;21m▒[38;2;33;31;27m▓[38;2;41;38;34m▓[38;2;49;46;41m█[38;2;58;54;48m█[39m[48;2;220;212;194m                  
                  [38;2;58;54;48m[48;2;236;230;214m█[38;2;49;46;41m█[38;2;41;38;34m▓[38;2;33;31;27m▓[38;2;25;23;21m▒[39m        [38;2;18;21;26m⣿[38;2;19;22;26m⣿[38;2;16;20;25m⣿[39m                                                     [38;2;11;14;19m⢰⣷[39m                                                                              [38;2;25;23;21m▒[38;2;33;31;27m▓[38;2;41;38;34m▓[38;2;49;46;41m█[38;2;58;54;48m█[39m[48;2;220;212;194m                  
                  [38;2;58;54;48m[48;2;236;230;214m█[38;2;49;46;41m█[38;2;41;38;34m▓[38;2;33;31;27m▓[38;2;25;23;21m▒[39m        [38;2;15;19;24m⣿[38;2;16;20;25m⣿[38;2;14;17;22m⡇[39m                                                     [38;2;11;14;19m⠘⠟[39m                                                         [38;2;14;17;22m⣴⣶[38;2;12;15;21m⣶[38;2;11;14;19m⡄[39m                 [38;2;25;23;21m▒[38;2;33;31;27m▓[38;2;41;38;34m▓[38;2;49;46;41m█[38;2;58;54;48m█[39m[48;2;220;212;194m                  
                  [38;2;58;54;48m[48;2;236;230;214m█[38;2;49;46;41m█[38;2;41;38;34m▓[38;2;33;31;27m▓[38;2;25;23;21m▒[39m       [38;2;12;15;21m⢸[38;2;14;18;23m⣿⣿[38;2;12;15;21m⡇[39m                                                                                                             [38;2;13;16;21m⢠[38;2;15;18;24m⣾[38;2;17;20;25m⣿⣿[38;2;14;18;23m⣿[38;2;12;15;21m⣿[38;2;11;14;19m⠃[39m   [38;2;11;14;19m⠈[38;2;12;15;20m⢿⣷⡄[39m          [38;2;25;23;21m▒[38;2;33;31;27m▓[38;2;41;38;34m▓[38;2;49;46;41m█[38;2;58;54;48m█[39m[48;2;220;212;194m                  
                  [38;2;58;54;48m[48;2;236;230;214m█[38;2;49;46;41m█[38;2;41;38;34m▓[38;2;33;31;27m▓[38;2;25;23;21m▒[39m        [38;2;13;16;21m⣿⣿[39m             [38;2;11;14;19m⢹[38;2;12;15;20m⣿⣧[39m   [38;2;14;18;23m⢠[38;2;19;22;26m⣴[38;2;23;25;30m⣶[38;2;25;28;32m⣶[38;2;24;26;31m⣶[38;2;20;23;27m⣶[38;2;17;20;25m⣦[38;2;14;17;22m⣄[39m  [38;2;14;18;23m⢀[38;2;17;20;25m⣤[38;2;18;21;26m⣴⣶[38;2;17;20;25m⣶⣶[38;2;18;21;26m⣶⣦⣤[38;2;16;20;25m⣤[38;2;14;18;23m⣀[39m                                               [38;2;14;17;22m⣠[38;2;14;18;23m⣤[38;2;15;19;24m⣤[38;2;16;20;25m⣶⣶[38;2;15;18;24m⣄[39m                [38;2;12;15;21m⢰[38;2;14;18;23m⣿[38;2;17;20;25m⣿[38;2;18;21;26m⣿[38;2;16;20;25m⣿[38;2;14;17;22m⡿[39m       [38;2;12;15;20m⢿⣿[39m          [38;2;25;23;21m▒[38;2;33;31;27m▓[38;2;41;38;34m▓[38;2;49;46;41m█[38;2;58;54;48m█[39m[48;2;220;212;194m                  
                  [38;2;58;54;48m[48;2;236;230;214m█[38;2;49;46;41m█[38;2;41;38;34m▓[38;2;33;31;27m▓[38;2;25;23;21m▒[39m        [38;2;12;15;21m⣿[38;2;12;15;20m⠇[39m              [38;2;11;14;19m⠸[38;2;12;15;20m⢿[38;2;12;15;21m⣿[38;2;14;18;23m⣷[38;2;23;25;30m⣿[38;2;42;44;48m⣿[38;2;68;70;73m⣿[38;2;86;88;90m⣿[38;2;81;83;85m⣿[38;2;66;68;71m⣿[38;2;52;54;57m⣿[38;2;40;42;46m⣿[38;2;30;32;36m⣿[38;2;22;25;30m⣿[38;2;23;25;30m⣿[38;2;31;33;37m⣿[38;2;39;41;44m⣿[38;2;37;39;43m⣿[38;2;30;32;36m⣿[38;2;25;28;32m⣿[38;2;24;26;31m⣿⣿[38;2;26;28;33m⣿[38;2;27;30;34m⣿[38;2;29;31;35m⣿[38;2;30;32;36m⣿[38;2;28;31;35m⣿[38;2;24;26;31m⣿[38;2;18;21;26m⣦[39m            [38;2;12;15;20m⢀⡀[39m        [38;2;14;17;22m⢀[38;2;15;19;24m⣠[38;2;17;20;25m⣴[38;2;19;22;26m⣶[38;2;20;23;27m⣶⣶⣶⣶[38;2;21;24;29m⣶[38;2;24;26;31m⣶⣦[38;2;21;24;29m⣤[38;2;19;22;26m⣤[38;2;17;20;25m⣤[38;2;14;18;23m⣤[38;2;13;16;21m⡀[39m    [38;2;12;15;20m⣰[38;2;13;16;21m⣿[38;2;15;18;24m⣿[38;2;18;21;26m⣿[38;2;20;23;27m⣿[38;2;24;27;31m⣿[38;2;30;32;36m⣿[38;2;31;33;37m⣿[38;2;26;28;33m⣿[38;2;19;22;26m⣦[39m    [38;2;15;18;24m⣠[38;2;17;20;25m⣤⣤[38;2;15;19;24m⣤[38;2;14;17;22m⡀[39m    [38;2;12;15;20m⣸[38;2;13;16;21m⣿[38;2;14;17;22m⣿[38;2;14;18;23m⡿⠟[39m          [38;2;12;15;20m⢻[39m          [38;2;25;23;21m▒[38;2;33;31;27m▓[38;2;41;38;34m▓[38;2;49;46;41m█[38;2;58;54;48m█[39m[48;2;220;212;194m                  
                  [38;2;58;54;48m[48;2;236;230;214m█[38;2;49;46;41m█[38;2;41;38;34m▓[38;2;33;31;27m▓[38;2;25;23;21m▒[39m       [38;2;12;15;20m⠸⣿[39m                 [38;2;14;17;22m⢹[38;2;26;28;33m⣿[38;2;66;68;71m⣿[38;2;110;111;113m⣿[38;2;128;129;132m⣿[38;2;111;112;114m⣿[38;2;88;89;91m⣿[38;2;68;70;73m⣿[38;2;57;58;61m⣿[38;2;54;56;59m⣿[38;2;53;55;58m⣿[38;2;48;49;52m⣿[38;2;44;45;49m⣿[38;2;43;44;48m⣿[38;2;44;45;49m⣿[38;2;39;41;44m⣿[38;2;30;32;36m⣿[38;2;24;27;31m⣿[38;2;23;25;30m⣿⣿[38;2;25;28;32m⣿[38;2;27;30;34m⣿[38;2;29;31;35m⣿[38;2;32;34;38m⣿[38;2;37;39;43m⣿[38;2;42;43;47m⣿[38;2;39;41;45m⣿[38;2;31;33;37m⣿[38;2;26;28;33m⣶[38;2;27;30;34m⣶[38;2;28;31;35m⣾[38;2;24;27;31m⣿[38;2;18;21;26m⣿[38;2;14;17;22m⣿[38;2;12;15;21m⣷[38;2;11;14;19m⣆[39m  [38;2;11;14;19m⢸[38;2;12;15;20m⣿⣿⣿[38;2;12;15;21m⣿[38;2;14;17;22m⣶⣶[38;2;15;18;24m⣄[38;2;21;24;29m⢠[38;2;33;35;39m⣴[38;2;40;42;45m⣾[38;2;35;37;41m⣿[38;2;26;28;33m⣿[38;2;22;25;30m⣿[38;2;21;24;29m⣿[38;2;23;25;30m⣿[38;2;27;29;34m⣿[38;2;32;34;38m⣿[38;2;44;45;49m⣿[38;2;71;73;76m⣿[38;2;102;103;106m⣿[38;2;109;110;112m⣿[38;2;88;89;91m⣿[38;2;58;59;62m⣿[38;2;43;44;48m⣿[38;2;37;39;42m⣿[38;2;31;33;37m⣿[38;2;25;28;32m⣷[38;2;19;22;26m⣶[38;2;14;17;22m⣶[38;2;12;15;21m⣾[38;2;12;15;20m⡿[38;2;13;16;21m⠿[38;2;14;18;23m⣿[38;2;18;21;26m⣿[38;2;20;23;27m⣿[38;2;24;27;31m⣿[38;2;30;32;36m⣿[38;2;33;35;39m⣿[38;2;30;32;36m⣿[38;2;25;28;32m⣿[38;2;23;25;30m⣿[38;2;25;28;32m⣿[38;2;35;37;41m⣿[38;2;51;52;55m⣿[38;2;64;65;68m⣿⣿[38;2;55;56;59m⣿[38;2;45;47;50m⣿[38;2;39;41;44m⣿[38;2;30;32;36m⣿[38;2;21;24;29m⣷[38;2;15;18;24m⣶[38;2;13;16;21m⣿[38;2;12;15;20m⡟⠁[39m             [38;2;12;15;20m⢸⣧[39m         [38;2;25;23;21m▒[38;2;33;31;27m▓[38;2;41;38;34m▓[38;2;49;46;41m█[38;2;58;54;48m█[39m[48;2;220;212;194m                  
                  [38;2;58;54;48m[48;2;236;230;214m█[38;2;49;46;41m█[38;2;41;38;34m▓[38;2;33;31;27m▓[38;2;25;23;21m▒[39m        [38;2;14;18;23m⣤[39m                 [38;2;15;19;24m⢸[38;2;44;45;49m⣿[38;2;120;121;123m⣿[38;2;157;155;158m⣿[38;2;149;148;151m⣿[38;2;96;97;100m⣿[38;2;64;65;68m⣿[38;2;47;49;52m⣿[38;2;42;43;47m⣿[38;2;46;48;51m⣿[38;2;60;61;64m⣿[38;2;72;73;76m⣿[38;2;74;75;78m⣿[38;2;63;64;67m⣿[38;2;45;46;50m⣿[38;2;31;33;37m⡿[38;2;21;24;29m⠋[39m     [38;2;22;25;30m⠙[38;2;27;29;34m⢿[38;2;34;36;40m⣿[38;2;49;50;53m⣿[38;2;62;63;66m⣿[38;2;57;58;61m⣿[38;2;45;47;50m⣿[38;2;40;42;45m⣿[38;2;37;39;42m⣿[38;2;28;31;35m⣿[38;2;19;22;26m⣿[38;2;14;17;22m⣿[38;2;12;15;21m⠏[39m       [38;2;12;15;21m⠻[38;2;14;18;23m⣿[38;2;17;20;25m⣿[38;2;27;29;34m⣿[38;2;62;63;66m⣿[38;2;98;99;102m⣿[38;2;94;95;98m⣿[38;2;57;58;61m⣿[38;2;27;30;34m⣿[38;2;21;24;29m⣿[38;2;21;24;28m⣿[38;2;22;25;30m⣿[38;2;26;28;33m⣿[38;2;33;35;39m⣿[38;2;52;54;57m⣿[38;2;99;100;103m⣿[38;2;143;143;146m⣿[38;2;154;152;155m⣿[38;2;124;125;128m⣿[38;2;80;82;84m⣿[38;2;54;56;59m⣿[38;2;44;45;49m⣿[38;2;41;43;47m⣿[38;2;40;42;46m⣿[38;2;33;35;39m⣿[38;2;23;25;30m⣿[38;2;14;18;23m⣷[39m     [38;2;18;21;26m⠈[38;2;23;25;30m⠻[38;2;27;29;34m⢿[38;2;27;30;34m⣿[38;2;30;32;36m⣿[38;2;47;49;52m⣿[38;2;78;79;82m⣿[38;2;106;107;109m⣿[38;2;113;114;116m⣿[38;2;101;102;105m⣿[38;2;81;82;85m⣿[38;2;62;63;66m⣿[38;2;51;53;56m⣿[38;2;50;51;54m⣿⣿[38;2;42;44;48m⣿[38;2;28;31;35m⣿[38;2;17;20;25m⣿[39m               [38;2;12;15;20m⢸⡟[39m         [38;2;25;23;21m▒[38;2;33;31;27m▓[38;2;41;38;34m▓[38;2;49;46;41m█[38;2;58;54;48m█[39m[48;2;220;212;194m                  
                  [38;2;58;54;48m[48;2;236;230;214m█[38;2;49;46;41m█[38;2;41;38;34m▓[38;2;33;31;27m▓[38;2;25;23;21m▒[39m       [38;2;27;29;34m⣼[38;2;32;34;38m⣿[38;2;27;30;34m⣷[38;2;14;18;23m⡆[39m               [38;2;17;20;25m⢸[38;2;52;53;56m⣿[38;2;129;130;133m⣿[38;2;144;144;147m⣿[38;2;104;105;107m⣿[38;2;31;33;37m⡿[39m   [38;2;21;24;29m⠹[38;2;39;41;45m⣿[38;2;67;69;72m⣿[38;2;83;85;87m⣿[38;2;68;70;73m⣿[38;2;40;42;45m⣿[38;2;20;23;27m⣇[39m        [38;2;19;22;26m⠸[38;2;39;41;45m⣿[38;2;72;73;76m⣿[38;2;80;82;84m⣿[38;2;66;67;70m⣿[38;2;45;46;50m⣿[38;2;36;38;42m⣿[38;2;26;28;33m⣿[38;2;17;20;25m⡿[38;2;12;15;21m⠃[39m         [38;2;14;17;22m⠸[38;2;19;22;26m⣿[38;2;40;42;46m⣿[38;2;92;93;96m⣿[38;2;127;128;130m⣿[38;2;107;108;110m⣿[38;2;53;55;58m⣿[38;2;21;24;29m⡟[39m   [38;2;15;18;24m⠈[38;2;21;24;29m⢻[38;2;39;41;44m⣿[38;2;87;88;90m⣿[38;2;137;138;141m⣿[38;2;156;154;157m⣿[38;2;130;131;134m⣿[38;2;82;84;86m⣿[38;2;50;51;54m⣿[38;2;39;41;44m⣿⣿[38;2;46;48;51m⣿[38;2;45;47;50m⣿[38;2;34;36;40m⣿[38;2;19;22;26m⣿[39m        [38;2;18;21;26m⢸[38;2;40;42;46m⣿[38;2;98;99;102m⣿[38;2;143;143;146m⣿[38;2;154;153;156m⣿[38;2;129;130;133m⣿[38;2;97;98;101m⣿[38;2;69;71;74m⣿[38;2;50;52;55m⣿[38;2;43;44;48m⣿[38;2;45;47;50m⣿[38;2;61;62;65m⣿[38;2;66;67;70m⣿[38;2;50;51;54m⣿[38;2;27;29;34m⣿[38;2;14;17;22m⡇[39m              [38;2;11;14;19m⠘[39m          [38;2;25;23;21m▒[38;2;33;31;27m▓[38;2;41;38;34m▓[38;2;49;46;41m█[38;2;58;54;48m█[39m[48;2;220;212;194m                  
                  [38;2;58;54;48m[48;2;236;230;214m█[38;2;49;46;41m█[38;2;41;38;34m▓[38;2;33;31;27m▓[38;2;25;23;21m▒[39m      [38;2;15;19;24m⢸[38;2;35;37;41m⣿[38;2;46;48;51m⣿[38;2;40;42;46m⣿[38;2;20;23;27m⣷[39m               [38;2;17;20;25m⣼[38;2;40;42;45m⣿[38;2;83;85;87m⣿[38;2;86;88;90m⣿[38;2;52;54;57m⣿[38;2;18;21;26m⡇[39m    [38;2;20;23;27m⢹[38;2;39;41;44m⣿[38;2;64;65;68m⣿[38;2;72;73;76m⣿[38;2;58;59;62m⣿[38;2;35;37;41m⣿[38;2;21;24;28m⣧[39m        [38;2;31;33;37m⣾[38;2;68;70;73m⣿[38;2;81;82;85m⣿[38;2;62;63;66m⣿[38;2;28;31;35m⣿[38;2;19;22;26m⡿[39m             [38;2;18;21;26m⣿[38;2;41;43;47m⣿[38;2;85;86;88m⣿[38;2;100;101;104m⣿[38;2;67;69;72m⣿[38;2;27;30;34m⡟[39m      [38;2;17;20;25m⠸[38;2;32;34;38m⢿[38;2;56;57;60m⣿[38;2;78;80;82m⣿[38;2;75;76;79m⣿[38;2;51;53;56m⣿[38;2;29;31;35m⣿[39m [38;2;20;23;27m⠸[38;2;34;36;40m⣿[38;2;44;46;49m⣿[38;2;40;42;45m⣿[38;2;22;25;30m⣿[39m       [38;2;14;18;23m⢠[38;2;25;28;32m⣾[38;2;56;57;60m⣿[38;2;115;116;118m⣿[38;2;144;144;147m⣿[38;2;130;131;134m⣿[38;2;79;80;83m⣿[38;2;38;40;43m⡿[38;2;21;24;28m⠏[39m  [38;2;21;24;29m⢸[38;2;50;51;54m⣿[38;2;79;81;83m⣿[38;2;73;74;77m⣿[38;2;40;42;45m⣿[38;2;18;21;26m⣿[39m            [38;2;13;16;21m⣀[39m            [38;2;25;23;21m▒[38;2;33;31;27m▓[38;2;41;38;34m▓[38;2;49;46;41m█[38;2;58;54;48m█[39m[48;2;220;212;194m                  
                  [38;2;58;54;48m[48;2;236;230;214m█[38;2;49;46;41m█[38;2;41;38;34m▓[38;2;33;31;27m▓[38;2;25;23;21m▒[39m      [38;2;15;18;24m⢸[38;2;33;35;39m⣿[38;2;44;46;49m⣿[38;2;41;43;47m⣿[38;2;24;26;31m⣿[38;2;15;18;24m⣇[39m            [38;2;12;15;20m⢠[38;2;12;15;21m⣾[38;2;14;18;23m⣿[38;2;21;24;29m⣿[38;2;34;36;40m⣿[38;2;36;38;42m⣿[38;2;29;31;35m⣿[38;2;19;22;26m⣷[38;2;14;18;23m⡄[39m    [38;2;20;23;27m⢸[38;2;35;37;41m⣿[38;2;54;55;58m⣿[38;2;66;67;70m⣿[38;2;61;62;65m⣿[38;2;45;47;50m⣿[38;2;30;32;36m⣷[38;2;20;23;27m⣦[39m    [38;2;18;21;26m⢠[38;2;33;35;39m⣴[38;2;66;67;70m⣿[38;2;97;98;101m⣿[38;2;85;86;88m⣿[38;2;47;49;52m⣿[38;2;20;23;27m⣿[39m              [38;2;15;19;24m⢹[38;2;32;34;38m⣿[38;2;45;47;50m⣿[38;2;43;44;48m⣿[38;2;25;28;32m⡿[39m        [38;2;15;19;24m⢸[38;2;24;26;31m⣿[38;2;39;41;44m⣿[38;2;51;52;55m⣿[38;2;50;51;54m⣿[38;2;37;39;42m⣿[38;2;24;26;31m⣷[38;2;18;21;26m⡄[38;2;25;28;32m⣿[38;2;33;35;39m⣿[38;2;32;34;38m⣿[38;2;20;23;27m⣿[39m      [38;2;18;21;26m⢰[38;2;27;30;34m⣾[38;2;40;42;46m⣿[38;2;64;65;68m⣿[38;2;94;95;98m⣿[38;2;95;96;99m⣿[38;2;64;65;68m⣿[38;2;27;30;34m⡿[39m    [38;2;18;21;26m⢸[38;2;51;53;56m⣿[38;2;90;91;94m⣿[38;2;88;89;91m⣿[38;2;47;49;52m⣿[38;2;20;23;27m⣿[38;2;15;18;24m⣿[38;2;14;17;22m⣶⣶[38;2;15;18;24m⣶[38;2;18;21;26m⣶[38;2;20;23;27m⣶[38;2;23;25;30m⣶[38;2;27;29;34m⣶[38;2;28;31;35m⣾[38;2;29;31;35m⣿[38;2;30;32;36m⣿⣿[38;2;29;31;35m⣿[38;2;24;27;31m⣿[38;2;18;21;26m⣷[38;2;13;16;21m⡄[39m         [38;2;25;23;21m▒[38;2;33;31;27m▓[38;2;41;38;34m▓[38;2;49;46;41m█[38;2;58;54;48m█[39m[48;2;220;212;194m                  
                  [38;2;58;54;48m[48;2;236;230;214m█[38;2;49;46;41m█[38;2;41;38;34m▓[38;2;33;31;27m▓[38;2;25;23;21m▒[39m       [38;2;19;22;26m⢻[38;2;24;27;31m⣿[38;2;25;28;32m⣿[38;2;23;25;30m⣿[38;2;24;26;31m⣿[38;2;29;31;35m⣿[38;2;37;39;43m⣿[38;2;37;39;42m⣿[38;2;27;30;34m⣶[38;2;16;20;25m⡆[39m       [38;2;12;15;20m⣿[38;2;12;15;21m⣿⠟[38;2;13;16;21m⠛[38;2;15;19;24m⢻[38;2;19;22;26m⣿[38;2;21;24;28m⣿[38;2;21;24;29m⣿[38;2;22;25;30m⣿[38;2;24;27;31m⣿[38;2;26;28;33m⣷⣶[38;2;24;27;31m⣶[38;2;23;25;30m⣶[38;2;27;30;34m⣿[38;2;39;41;44m⣿[38;2;57;58;61m⣿[38;2;72;73;76m⣿[38;2;79;81;83m⣿[38;2;73;74;77m⣿[38;2;64;65;68m⣿[38;2;56;57;60m⣿[38;2;57;58;61m⣿[38;2;66;67;70m⣿[38;2;77;78;81m⣿[38;2;95;96;99m⣿[38;2;120;121;123m⣿[38;2;134;135;138m⣿[38;2;123;124;126m⣿[38;2;75;76;79m⣿[38;2;34;36;40m⣿[38;2;16;20;25m⡇[39m              [38;2;14;17;22m⢸[38;2;22;25;30m⣿[38;2;29;31;35m⣿[38;2;30;32;36m⣿[38;2;21;24;29m⣿[38;2;15;19;24m⡄[38;2;17;20;25m⣀[38;2;23;25;30m⣤[38;2;28;31;35m⣤[38;2;29;31;35m⣤[38;2;23;25;30m⣄[38;2;16;20;25m⡀[38;2;13;16;21m⣠⣾[38;2;14;18;23m⣿[38;2;21;24;29m⣿[38;2;33;35;39m⣿[38;2;45;47;50m⣿[38;2;54;56;59m⣿⣿[38;2;47;49;52m⣿[38;2;42;44;48m⣿[38;2;35;37;41m⣿[38;2;27;30;34m⣿[38;2;20;23;27m⣿[39m   [38;2;16;20;25m⢀[38;2;21;24;29m⣴[38;2;29;31;35m⣾[38;2;37;39;43m⣿[38;2;43;44;48m⣿[38;2;45;47;50m⣿[38;2;44;46;49m⣿[38;2;42;44;48m⣿[38;2;36;38;42m⣿[38;2;27;30;34m⣿[38;2;19;22;26m⣷[39m   [38;2;16;20;25m⢠[38;2;27;29;34m⣾[38;2;60;61;64m⣿[38;2;84;86;88m⣿[38;2;71;72;75m⣿[38;2;37;39;43m⣿[38;2;19;22;26m⣿[38;2;15;18;24m⣿[38;2;14;18;23m⣿[38;2;15;19;24m⣿[38;2;19;22;26m⣿[38;2;22;25;30m⣿[38;2;27;30;34m⣿[38;2;35;37;41m⣿[38;2;44;45;49m⣿[38;2;48;50;53m⣿[38;2;47;49;52m⣿[38;2;44;45;49m⣿[38;2;41;43;47m⣿[38;2;40;42;45m⣿[38;2;34;36;40m⣿[38;2;26;28;33m⣿[38;2;18;21;26m⣿[38;2;12;15;21m⡆[39m        [38;2;25;23;21m▒[38;2;33;31;27m▓[38;2;41;38;34m▓[38;2;49;46;41m█[38;2;58;54;48m█[39m[48;2;220;212;194m                  
                  [38;2;58;54;48m[48;2;236;230;214m█[38;2;49;46;41m█[38;2;41;38;34m▓[38;2;33;31;27m▓[38;2;25;23;21m▒[39m        [38;2;13;16;21m⠘[38;2;14;18;23m⢿[38;2;18;21;26m⣿[38;2;24;27;31m⣿[38;2;33;35;39m⣿[38;2;44;46;49m⣿[38;2;44;45;49m⣿[38;2;31;33;37m⣿[38;2;18;21;26m⣿[39m  [38;2;11;14;19m⠙⠋[39m        [38;2;13;16;21m⠸[38;2;15;19;24m⢿[38;2;20;23;27m⣿[38;2;23;25;30m⣿[38;2;27;29;34m⣿[38;2;30;32;36m⣿[38;2;31;33;37m⣿[38;2;29;31;35m⣿[38;2;26;28;33m⣿[38;2;25;28;32m⣿[38;2;27;29;34m⣿[38;2;35;37;41m⣿[38;2;52;53;56m⣿[38;2;70;72;75m⣿[38;2;80;81;84m⣿[38;2;82;84;86m⣿[38;2;86;88;90m⣿[38;2;101;102;105m⣿[38;2;120;121;123m⣿[38;2;129;130;133m⣿[38;2;133;134;137m⣿[38;2;140;141;144m⣿[38;2;134;135;138m⣿[38;2;102;103;105m⣿[38;2;51;52;55m⣿[38;2;24;27;31m⣿[38;2;16;20;25m⣷[38;2;14;17;22m⣆[39m              [38;2;16;20;25m⢻[38;2;23;25;30m⣿[38;2;27;30;34m⣿[38;2;28;31;35m⣿[38;2;35;37;41m⣿[38;2;65;66;69m⣿[38;2;107;108;110m⣿[38;2;135;136;139m⣿[38;2;114;115;117m⣿[38;2;67;68;71m⣿[38;2;25;28;32m⣿[38;2;14;18;23m⣿[38;2;12;15;21m⡿⠟[38;2;14;17;22m⠻[38;2;19;22;26m⢿[38;2;31;33;37m⣿[38;2;46;48;51m⣿[38;2;59;60;63m⣿[38;2;61;62;65m⣿[38;2;56;57;60m⣿[38;2;46;48;51m⣿[38;2;40;42;45m⣿[38;2;35;37;41m⣿[38;2;33;35;39m⣿[38;2;31;33;37m⣿[38;2;32;34;38m⣿[38;2;34;36;40m⣿[38;2;36;38;42m⣿[38;2;39;41;45m⣿[38;2;42;43;47m⣿[38;2;40;42;46m⣿[38;2;32;34;38m⣿[38;2;24;26;31m⣿[38;2;20;23;27m⣿[38;2;21;24;28m⣿[38;2;21;24;29m⣿[38;2;20;23;27m⣿[38;2;19;22;26m⣿[38;2;21;24;29m⣿[38;2;24;26;31m⣿[38;2;25;28;32m⣿[38;2;32;34;38m⣿[38;2;49;50;53m⣿[38;2;55;56;59m⣿[38;2;41;43;47m⣿[38;2;22;25;30m⣿[38;2;14;18;23m⠿[38;2;14;17;22m⠟⠻[38;2;15;18;24m⢿[38;2;18;21;26m⣿[38;2;21;24;29m⣿[38;2;27;29;34m⣿[38;2;35;37;41m⣿[38;2;44;46;49m⣿[38;2;52;53;56m⣿[38;2;51;53;56m⣿[38;2;45;47;50m⣿[38;2;40;42;46m⣿[38;2;39;41;45m⣿[38;2;37;39;42m⣿[38;2;30;32;36m⣿[38;2;21;24;28m⣿[38;2;14;18;23m⣿[39m        [38;2;25;23;21m▒[38;2;33;31;27m▓[38;2;41;38;34m▓[38;2;49;46;41m█[38;2;58;54;48m█[39m[48;2;220;212;194m                  
                  [38;2;58;54;48m[48;2;236;230;214m█[38;2;49;46;41m█[38;2;41;38;34m▓[38;2;33;31;27m▓[38;2;25;23;21m▒[39m          [38;2;14;17;22m⠸[38;2;20;23;27m⢿[38;2;29;31;35m⣿[38;2;40;42;45m⣿⣿[38;2;29;31;35m⡿[38;2;17;20;25m⠇[39m              [38;2;14;18;23m⠈[38;2;19;22;26m⠻[38;2;24;26;31m⣿[38;2;28;31;35m⣿[38;2;29;31;35m⣿[38;2;27;30;34m⣿[38;2;25;28;32m⣿[38;2;22;25;30m⣿[38;2;20;23;27m⣿[38;2;21;24;28m⣿[38;2;27;29;34m⣿[38;2;39;41;44m⣿[38;2;53;55;58m⣿[38;2;67;68;71m⣿[38;2;79;81;83m⣿[38;2;98;99;102m⣿[38;2;118;119;121m⣿[38;2;125;126;128m⣿[38;2;123;124;126m⣿[38;2;111;112;114m⣿[38;2;84;86;88m⣿[38;2;49;50;53m⣿[38;2;25;28;32m⣿[38;2;18;21;26m⣿[38;2;15;19;24m⣿[38;2;14;18;23m⣿[38;2;14;17;22m⣿[38;2;12;15;21m⣶[39m             [38;2;18;21;26m⣿[38;2;22;25;30m⣿[38;2;28;31;35m⣿[38;2;43;44;48m⣿[38;2;82;84;86m⣿[38;2;129;130;133m⣿[38;2;156;154;157m⣿[38;2;128;129;132m⣿[38;2;72;73;76m⣿[38;2;26;28;33m⣿[38;2;14;17;22m⠇[39m    [38;2;18;21;26m⠘[38;2;27;30;34m⢿[38;2;42;43;47m⣿[38;2;51;53;56m⣿[38;2;51;52;55m⣿[38;2;43;44;48m⣿[38;2;39;41;44m⣿[38;2;37;39;42m⣿[38;2;36;38;42m⣿[38;2;34;36;40m⣿[38;2;35;37;41m⣿⣿[38;2;36;38;42m⣿⣿[38;2;32;34;38m⣿[38;2;25;28;32m⡿[38;2;18;21;26m⠏[39m  [38;2;14;18;23m⠘[38;2;17;20;25m⠿[38;2;18;21;26m⣿[38;2;19;22;26m⣿[38;2;22;25;30m⣿[38;2;24;27;31m⣿[38;2;25;28;32m⣿[38;2;27;29;34m⣿[38;2;27;30;34m⣿[38;2;24;27;31m⡿[38;2;18;21;26m⠏[39m       [38;2;17;20;25m⠈[38;2;21;24;28m⠻[38;2;26;28;33m⢿[38;2;30;32;36m⣿[38;2;31;33;37m⣿[38;2;28;31;35m⣿[38;2;27;29;34m⣿[38;2;29;31;35m⣿[38;2;31;33;37m⣿[38;2;28;31;35m⣿[38;2;21;24;28m⣿[38;2;14;18;23m⣿[39m        [38;2;25;23;21m▒[38;2;33;31;27m▓[38;2;41;38;34m▓[38;2;49;46;41m█[38;2;58;54;48m█[39m[48;2;220;212;194m                  
                  [38;2;58;54;48m[48;2;236;230;214m█[38;2;49;46;41m█[38;2;41;38;34m▓[38;2;33;31;27m▓[38;2;25;23;21m▒[39m             [38;2;14;18;23m⠉[39m                      [38;2;14;18;23m⠉[39m     [38;2;14;17;22m⠈[38;2;17;20;25m⠙[38;2;21;24;29m⠿[38;2;29;31;35m⢿[38;2;40;42;45m⣿[38;2;47;49;52m⣿[38;2;45;47;50m⣿[38;2;37;39;42m⣿[38;2;26;28;33m⠿[38;2;19;22;26m⠟[39m  [38;2;13;16;21m⠈[38;2;14;17;22m⠻⢿⣿[38;2;12;15;21m⣿[38;2;12;15;20m⣷⣀⣠[38;2;13;16;21m⣶⣶[38;2;12;15;21m⣦[38;2;12;15;20m⡄[39m      [38;2;12;15;21m⠘[38;2;14;18;23m⢿[38;2;21;24;29m⣿[38;2;36;38;42m⣿[38;2;71;73;76m⣿[38;2;110;111;113m⣿[38;2;128;129;132m⣿[38;2;97;98;101m⣿[38;2;50;52;55m⣿[38;2;19;22;26m⠇[39m        [38;2;20;23;27m⠻[38;2;24;27;31m⠿[38;2;27;30;34m⢿[38;2;30;32;36m⣿[38;2;31;33;37m⣿⣿[38;2;30;32;36m⣿[38;2;29;31;35m⣿[38;2;27;30;34m⣿[38;2;23;25;30m⠿[38;2;18;21;26m⠟[39m        [38;2;14;18;23m⠈[38;2;18;21;26m⠻[38;2;20;23;27m⠿[38;2;19;22;26m⠿[38;2;15;19;24m⠟[39m             [38;2;14;18;23m⠹[38;2;17;20;25m⢿[38;2;18;21;26m⣿[38;2;19;22;26m⣿[38;2;21;24;28m⣿[38;2;23;25;30m⣿[38;2;21;24;28m⣿[38;2;17;20;25m⣿[38;2;13;16;21m⠇[39m        [38;2;25;23;21m▒[38;2;33;31;27m▓[38;2;41;38;34m▓[38;2;49;46;41m█[38;2;58;54;48m█[39m[48;2;220;212;194m                  
                  [38;2;58;54;48m[48;2;236;230;214m█[38;2;49;46;41m█[38;2;41;38;34m▓[38;2;33;31;27m▓[38;2;25;23;21m▒[39m                                                            [38;2;11;14;19m⠘[38;2;12;15;20m⢻[38;2;13;16;21m⣿⣿⣿[38;2;12;15;20m⣿[39m        [38;2;13;16;21m⠈[38;2;16;20;25m⠻[38;2;21;24;28m⠿[38;2;24;27;31m⠿[38;2;24;26;31m⠿[38;2;19;22;26m⠏[39m                                                 [38;2;13;16;21m⠘[38;2;15;18;24m⠻[38;2;18;21;26m⢿⡿[38;2;15;19;24m⠿[38;2;13;16;21m⠃[39m         [38;2;25;23;21m▒[38;2;33;31;27m▓[38;2;41;38;34m▓[38;2;49;46;41m█[38;2;58;54;48m█[39m[48;2;220;212;194m                  
                  [38;2;58;54;48m[48;2;236;230;214m█[38;2;49;46;41m█[38;2;41;38;34m▓[38;2;33;31;27m▓[38;2;25;23;21m▒[39m                                                                [38;2;12;15;21m⠉[39m                                                                               [38;2;25;23;21m▒[38;2;33;31;27m▓[38;2;41;38;34m▓[38;2;49;46;41m█[38;2;58;54;48m█[39m[48;2;220;212;194m                  
                  [38;2;58;54;48m[48;2;236;230;214m█[38;2;49;46;41m█[38;2;41;38;34m▓[38;2;33;31;27m▓[38;2;25;23;21m▒[39m                                                                                                                                                [38;2;25;23;21m▒[38;2;33;31;27m▓[38;2;41;38;34m▓[38;2;49;46;41m█[38;2;58;54;48m█[39m[48;2;220;212;194m                  
                  [38;2;58;54;48m[48;2;236;230;214m█[38;2;49;46;41m█[38;2;41;38;34m▓[38;2;33;31;27m▓[38;2;25;23;21m▒[39m                                                                                                                                                [38;2;25;23;21m▒[38;2;33;31;27m▓[38;2;41;38;34m▓[38;2;49;46;41m█[38;2;58;54;48m█[39m[48;2;220;212;194m                  
                  [38;2;58;54;48m[48;2;236;230;214m█[38;2;49;46;41m█[38;2;41;38;34m▓[38;2;33;31;27m▓[38;2;25;23;21m▒[39m                                                                                                                                                [38;2;25;23;21m▒[38;2;33;31;27m▓[38;2;41;38;34m▓[38;2;49;46;41m█[38;2;58;54;48m█[39m[48;2;220;212;194m                  
                  [38;2;58;54;48m[48;2;236;230;214m█[38;2;49;46;41m█[38;2;41;38;34m▓[38;2;33;31;27m▓[38;2;25;23;21m▒[39m                                                                                                                                                [38;2;25;23;21m▒[38;2;33;31;27m▓[38;2;41;38;34m▓[38;2;49;46;41m█[38;2;58;54;48m█[39m[48;2;220;212;194m                  
                  [38;2;58;54;48m[48;2;236;230;214m█[38;2;49;46;41m█[38;2;41;38;34m▓[38;2;33;31;27m▓[38;2;25;23;21m▒[39m                                                                                                                 [38;2;11;14;19m⣄[39m                              [38;2;25;23;21m▒[38;2;33;31;27m▓[38;2;41;38;34m▓[38;2;49;46;41m█[38;2;58;54;48m█[39m[48;2;220;212;194m                  
                  [38;2;58;54;48m[48;2;236;230;214m█[38;2;49;46;41m█[38;2;41;38;34m▓[38;2;33;31;27m▓[38;2;25;23;21m▒[39m                                                                                                                 [38;2;11;14;19m⣿[39m                              [38;2;25;23;21m▒[38;2;33;31;27m▓[38;2;41;38;34m▓[38;2;49;46;41m█[38;2;58;54;48m█[39m[48;2;220;212;194m                  
                  [38;2;58;54;48m[48;2;236;230;214m█[38;2;49;46;41m█[38;2;41;38;34m▓[38;2;33;31;27m▓[38;2;25;23;21m▒[39m                                                                                                                 [38;2;11;14;19m⢹[39m                              [38;2;25;23;21m▒[38;2;33;31;27m▓[38;2;41;38;34m▓[38;2;49;46;41m█[38;2;58;54;48m█[39m[48;2;220;212;194m                  
                  [38;2;58;54;48m[48;2;236;230;214m█[38;2;49;46;41m█[38;2;41;38;34m▓[38;2;33;31;27m▓[38;2;25;23;21m▒[39m                                                                                                                                                [38;2;25;23;21m▒[38;2;33;31;27m▓[38;2;41;38;34m▓[38;2;49;46;41m█[38;2;58;54;48m█[39m[48;2;220;212;194m                  
                  [38;2;58;54;48m[48;2;236;230;214m█[38;2;49;46;41m█[38;2;41;38;34m▓[38;2;33;31;27m▓[38;2;25;23;21m▒[39m                                                                                                                                                [38;2;25;23;21m▒[38;2;33;31;27m▓[38;2;41;38;34m▓[38;2;49;46;41m█[38;2;58;54;48m█[39m[48;2;220;212;194m                  
                  [38;2;58;54;48m[48;2;236;230;214m█[38;2;49;46;41m█[38;2;41;38;34m▓[38;2;33;31;27m▓[38;2;25;23;21m▒[39m                                                                                                                                   [38;2;11;14;19m⢸[38;2;12;15;20m⣷[39m           [38;2;25;23;21m▒[38;2;33;31;27m▓[38;2;41;38;34m▓[38;2;49;46;41m█[38;2;58;54;48m█[39m[48;2;220;212;194m                  
                  [38;2;58;54;48m[48;2;236;230;214m█[38;2;49;46;41m█[38;2;41;38;34m▓[38;2;33;31;27m▓[38;2;25;23;21m▒[39m                                                                                                                                    [38;2;12;15;20m⠻[38;2;11;14;19m⣷[39m          [38;2;25;23;21m▒[38;2;33;31;27m▓[38;2;41;38;34m▓[38;2;49;46;41m█[38;2;58;54;48m█[39m[48;2;220;212;194m                  
                  [38;2;58;54;48m[48;2;236;230;214m█[38;2;49;46;41m█[38;2;41;38;34m▓[38;2;33;31;27m▓[38;2;25;23;21m▒[39m                                                                                                                                                [38;2;25;23;21m▒[38;2;33;31;27m▓[38;2;41;38;34m▓[38;2;49;46;41m█[38;2;58;54;48m█[39m[48;2;220;212;194m                  
                  [38;2;58;54;48m[48;2;236;230;214m█[38;2;49;46;41m█[38;2;41;38;34m▓[38;2;33;31;27m▓[38;2;25;23;21m▒[39m                                                                                                                                                [38;2;25;23;21m▒[38;2;33;31;27m▓[38;2;41;38;34m▓[38;2;49;46;41m█[38;2;58;54;48m█[39m[48;2;220;212;194m                  
                  [38;2;58;54;48m[48;2;236;230;214m█[38;2;49;46;41m█[38;2;41;38;34m▓[38;2;33;31;27m▓[38;2;25;23;21m▒[39m      [38;2;11;14;19m⠘⠋[38;2;10;13;18m⠈[39m                            [38;2;11;14;19m⣤⣴[39m                                                                                                         [38;2;25;23;21m▒[38;2;33;31;27m▓[38;2;41;38;34m▓[38;2;49;46;41m█[38;2;58;54;48m█[39m[48;2;220;212;194m                  
                  [38;2;58;54;48m[48;2;236;230;214m█[38;2;49;46;41m█[38;2;41;38;34m▓[38;2;33;31;27m▓[38;2;25;23;21m▒[39m                                                                                                                                                [38;2;25;23;21m▒[38;2;33;31;27m▓[38;2;41;38;34m▓[38;2;49;46;41m█[38;2;58;54;48m█[39m[48;2;220;212;194m                  
                  [38;2;58;54;48m[48;2;236;230;214m█[38;2;49;46;41m█[38;2;41;38;34m▓[38;2;33;31;27m▓[38;2;25;23;21m▒[39m                                                                                                                                                [38;2;25;23;21m▒[38;2;33;31;27m▓[38;2;41;38;34m▓[38;2;49;46;41m█[38;2;58;54;48m█[39m[48;2;220;212;194m                  
                  [38;2;58;54;48m[48;2;236;230;214m█[38;2;49;46;41m█[38;2;41;38;34m▓[38;2;33;31;27m▓[38;2;25;23;21m▒[39m                                                                                                                                                [38;2;25;23;21m▒[38;2;33;31;27m▓[38;2;41;38;34m▓[38;2;49;46;41m█[38;2;58;54;48m█[39m[48;2;220;212;194m                  
                  [38;2;58;54;48m[48;2;236;230;214m█[38;2;49;46;41m█[38;2;41;38;34m▓[38;2;33;31;27m▓[38;2;25;23;21m▒[39m                                                                                                                                                [38;2;25;23;21m▒[38;2;33;31;27m▓[38;2;41;38;34m▓[38;2;49;46;41m█[38;2;58;54;48m█[39m[48;2;220;212;194m                  
                  [38;2;58;54;48m[48;2;236;230;214m█[38;2;49;46;41m█[38;2;41;38;34m▓[38;2;33;31;27m▓[38;2;25;23;21m▒[39m                                                                                                                                                [38;2;25;23;21m▒[38;2;33;31;27m▓[38;2;41;38;34m▓[38;2;49;46;41m█[38;2;58;54;48m█[39m[48;2;220;212;194m                  
                  [38;2;58;54;48m[48;2;236;230;214m█[38;2;49;46;41m█[38;2;41;38;34m▓[38;2;33;31;27m▓[38;2;25;23;21m▒[39m                                                                                                                                                [38;2;25;23;21m▒[38;2;33;31;27m▓[38;2;41;38;34m▓[38;2;49;46;41m█[38;2;58;54;48m█[39m[48;2;220;212;194m                  
                  [38;2;58;54;48m[48;2;236;230;214m█[38;2;49;46;41m█[38;2;41;38;34m▓[38;2;37;35;31m▓▓▓▓▓▓▓▓▓▓▓▓▓▓▓▓▓▓▓▓▓▓▓▓▓▓▓▓▓▓▓▓▓▓▓▓▓▓▓▓▓▓▓▓▓▓▓▓▓▓▓▓▓▓▓▓▓▓▓▓▓▓▓▓▓▓▓▓▓▓▓▓▓▓▓▓▓▓▓▓▓▓▓▓▓▓▓▓▓▓▓▓▓▓▓▓▓▓▓▓▓▓▓▓▓▓▓▓▓▓▓▓▓▓▓▓▓▓▓▓▓▓▓▓▓▓▓▓▓▓▓▓▓▓▓▓▓▓▓▓▓▓▓▓▓▓▓▓[38;2;41;38;34m▓[38;2;49;46;41m█[38;2;58;54;48m█[39m[48;2;220;212;194m                  
                  [38;2;58;54;48m[48;2;236;230;214m██████████████████████████████████████████████████████████████████████████████████████████████████████████████████████████████████████████████████████████[39m[48;2;220;212;194m                  
                                                                                                                                                                                              
                                                                                                                                                                                              
