[48;2;42;16;32m                                                                                                                                                                                              
                                                                                                                                                                                              
                  [38;2;255;179;71m[48;2;16;24;32m██████████████████████████████████████████████████████████████████████████████████████████████████████████████████████████████████████████████████████████[39m[48;2;42;16;32m                  
                  [38;2;255;179;71m[48;2;16;24;32m█[38;2;219;153;61m█[38;2;183;128;51m▓[38;2;165;116;46m▓▓▓▓▓▓▓▓▓▓▓▓▓▓▓▓▓▓▓▓▓▓▓▓▓▓▓▓▓▓▓▓▓▓▓▓▓▓▓▓▓▓▓▓▓▓▓▓▓▓▓▓▓▓▓▓▓▓▓▓▓▓▓▓▓▓▓▓▓▓▓▓▓▓▓▓▓▓▓▓▓▓▓▓▓▓▓▓▓▓▓▓▓▓▓▓▓▓▓▓▓▓▓▓▓▓▓▓▓▓▓▓▓▓▓▓▓▓▓▓▓▓▓▓▓▓▓▓▓▓▓▓▓▓▓▓▓▓▓▓▓▓▓▓▓▓▓▓[38;2;183;128;51m▓[38;2;219;153;61m█[38;2;255;179;71m█[39m[48;2;42;16;32m                  
                  [38;2;255;179;71m[48;2;16;24;32m█[38;2;219;153;61m█[38;2;183;128;51m▓[38;2;147;103;41m▓[38;2;112;78;31m▒[38;2;58;19;12m⡟[38;2;60;20;13m⢸⣇[39m                                                                                                                                             [38;2;112;78;31m▒[38;2;147;103;41m▓[38;2;183;128;51m▓[38;2;219;153;61m█[38;2;255;179;71m█[39m[48;2;42;16;32m                  
                  [38;2;255;179;71m[48;2;16;24;32m█[38;2;219;153;61m█[38;2;183;128;51m▓[38;2;147;103;41m▓[38;2;112;78;31m▒[38;2;57;19;12m⣄[38;2;60;20;13m⣿[38;2;64;22;13m⣿⣿[39m                                                                                                                                            [38;2;112;78;31m▒[38;2;147;103;41m▓[38;2;183;128;51m▓[38;2;219;153;61m█[38;2;255;179;71m█[39m[48;2;42;16;32m                  
                  [38;2;255;179;71m[48;2;16;24;32m█[38;2;219;153;61m█[38;2;183;128;51m▓[38;2;147;103;41m▓[38;2;112;78;31m▒[38;2;53;18;12m⠉[38;2;58;19;12m⠘[38;2;68;22;13m⢿[38;2;75;24;14m⣿[38;2;72;23;14m⣿[39m                                                                                                                                           [38;2;112;78;31m▒[38;2;147;103;41m▓[38;2;183;128;51m▓[38;2;219;153;61m█[38;2;255;179;71m█[39m[48;2;42;16;32m                  
                  [38;2;255;179;71m[48;2;16;24;32m█[38;2;219;153;61m█[38;2;183;128;51m▓[38;2;147;103;41m▓[38;2;112;78;31m▒[39m  [38;2;65;22;13m⢸[38;2;79;25;15m⣿[38;2;83;26;15m⣿[38;2;74;24;14m⣷[39m                                                                                                                                          [38;2;112;78;31m▒[38;2;147;103;41m▓[38;2;183;128;51m▓[38;2;219;153;61m█[38;2;255;179;71m█[39m[48;2;42;16;32m                  
                  [38;2;255;179;71m[48;2;16;24;32m█[38;2;219;153;61m█[38;2;183;128;51m▓[38;2;147;103;41m▓[38;2;112;78;31m▒[39m   [38;2;71;23;14m⢹[38;2;82;26;15m⣿[38;2;80;25;15m⣿[38;2;67;22;13m⡇[39m                                                                                                                                         [38;2;112;78;31m▒[38;2;147;103;41m▓[38;2;183;128;51m▓[38;2;219;153;61m█[38;2;255;179;71m█[39m[48;2;42;16;32m                  
                  [38;2;255;179;71m[48;2;16;24;32m█[38;2;219;153;61m█[38;2;183;128;51m▓[38;2;147;103;41m▓[38;2;112;78;31m▒[39m    [38;2;70;23;14m⢻[38;2;74;24;14m⣿[38;2;68;22;13m⣿[39m                                                                                                                                         [38;2;112;78;31m▒[38;2;147;103;41m▓[38;2;183;128;51m▓[38;2;219;153;61m█[38;2;255;179;71m█[39m[48;2;42;16;32m                  
                  [38;2;255;179;71m[48;2;16;24;32m█[38;2;219;153;61m█[38;2;183;128;51m▓[38;2;147;103;41m▓[38;2;112;78;31m▒[39m     [38;2;62;21;13m⠸[38;2;65;22;13m⣿[38;2;61;20;13m⣷[39m                                                                                                                                        [38;2;112;78;31m▒[38;2;147;103;41m▓[38;2;183;128;51m▓[38;2;219;153;61m█[38;2;255;179;71m█[39m[48;2;42;16;32m                  
                  [38;2;255;179;71m[48;2;16;24;32m█[38;2;219;153;61m█[38;2;183;128;51m▓[38;2;147;103;41m▓[38;2;112;78;31m▒[39m      [38;2;58;19;12m⢸[38;2;59;19;12m⣿[38;2;55;19;12m⡇[39m                                                                                                                                       [38;2;112;78;31m▒[38;2;147;103;41m▓[38;2;183;128;51m▓[38;2;219;153;61m█[38;2;255;179;71m█[39m[48;2;42;16;32m                  
                  [38;2;255;179;71m[48;2;16;24;32m█[38;2;219;153;61m█[38;2;183;128;51m▓[38;2;147;103;41m▓[38;2;112;78;31m▒[39m       [38;2;56;19;12m⠸[39m                                                                                                                                        [38;2;112;78;31m▒[38;2;147;103;41m▓[38;2;183;128;51m▓[38;2;219;153;61m█[38;2;255;179;71m█[39m[48;2;42;16;32m                  
                  [38;2;255;179;71m[48;2;16;24;32m█[38;2;219;153;61m█[38;2;183;128;51m▓[38;2;147;103;41m▓[38;2;112;78;31m▒[39m        [38;2;62;21;13m⢰⡄[39m                                                                                                                                      [38;2;112;78;31m▒[38;2;147;103;41m▓[38;2;183;128;51m▓[38;2;219;153;61m█[38;2;255;179;71m█[39m[48;2;42;16;32m                  
                  [38;2;255;179;71m[48;2;16;24;32m█[38;2;219;153;61m█[38;2;183;128;51m▓[38;2;147;103;41m▓[38;2;112;78;31m▒[39m        [38;2;82;26;15m⣿[38;2;84;27;15m⣿[38;2;73;23;14m⡆[39m                                                                                                                                     [38;2;112;78;31m▒[38;2;147;103;41m▓[38;2;183;128;51m▓[38;2;219;153;61m█[38;2;255;179;71m█[39m[48;2;42;16;32m                  
                  [38;2;255;179;71m[48;2;16;24;32m█[38;2;219;153;61m█[38;2;183;128;51m▓[38;2;147;103;41m▓[38;2;112;78;31m▒[39m       [38;2;66;22;13m⢸[38;2;92;28;15m⣿[38;2;97;29;14m⣿[38;2;84;27;15m⣿[39m                                                                                                                                     [38;2;112;78;31m▒[38;2;147;103;41m▓[38;2;183;128;51m▓[38;2;219;153;61m█[38;2;255;179;71m█[39m[48;2;42;16;32m                  
                  [38;2;255;179;71m[48;2;16;24;32m█[38;2;219;153;61m█[38;2;183;128;51m▓[38;2;147;103;41m▓[38;2;112;78;31m▒[39m        [38;2;92;28;15m⣿[38;2;97;29;14m⣿[38;2;85;27;15m⣿[39m                                                     [38;2;51;18;12m⢰[38;2;52;18;12m⣷[39m                                                                              [38;2;112;78;31m▒[38;2;147;103;41m▓[38;2;183;128;51m▓[38;2;219;153;61m█[38;2;255;179;71m█[39m[48;2;42;16;32m                  
                  [38;2;255;179;71m[48;2;16;24;32m█[38;2;219;153;61m█[38;2;183;128;51m▓[38;2;147;103;41m▓[38;2;112;78;31m▒[39m        [38;2;81;26;15m⣿[38;2;85;27;15m⣿[38;2;73;23;14m⡇[39m                                                     [38;2;52;18;12m⠘⠟[39m                                                         [38;2;71;23;14m⣴[38;2;69;23;14m⣶[38;2;61;20;13m⣶[38;2;54;18;12m⡄[39m                 [38;2;112;78;31m▒[38;2;147;103;41m▓[38;2;183;128;51m▓[38;2;219;153;61m█[38;2;255;179;71m█[39m[48;2;42;16;32m                  
                  [38;2;255;179;71m[48;2;16;24;32m█[38;2;219;153;61m█[38;2;183;128;51m▓[38;2;147;103;41m▓[38;2;112;78;31m▒[39m       [38;2;62;21;13m⢸[38;2;74;24;14m⣿[38;2;75;24;14m⣿[38;2;63;21;13m⡇[39m                                                                                                             [38;2;65;22;13m⢠[38;2;79;25;15m⣾[38;2;88;27;15m⣿[38;2;86;27;15m⣿[38;2;77;24;14m⣿[38;2;63;21;13m⣿[38;2;54;18;12m⠃[39m   [38;2;52;18;12m⠈[38;2;56;19;12m⢿[38;2;58;19;12m⣷[38;2;55;19;12m⡄[39m          [38;2;112;78;31m▒[38;2;147;103;41m▓[38;2;183;128;51m▓[38;2;219;153;61m█[38;2;255;179;71m█[39m[48;2;42;16;32m                  
                  [38;2;255;179;71m[48;2;16;24;32m█[38;2;219;153;61m█[38;2;183;128;51m▓[38;2;147;103;41m▓[38;2;112;78;31m▒[39m        [38;2;67;22;13m⣿[38;2;66;22;13m⣿[39m             [38;2;53;18;12m⢹[38;2;55;19;12m⣿⣧[39m   [38;2;75;24;14m⢠[38;2;95;29;14m⣴[38;2;110;35;15m⣶[38;2;116;39;17m⣶[38;2;113;37;16m⣶[38;2;103;31;14m⣶[38;2;87;27;15m⣦[38;2;73;23;14m⣄[39m  [38;2;75;24;14m⢀[38;2;87;27;15m⣤[38;2;93;28;15m⣴[38;2;92;28;15m⣶[38;2;88;27;15m⣶⣶[38;2;89;28;15m⣶[38;2;90;28;15m⣦[38;2;89;28;15m⣤[38;2;84;27;15m⣤[38;2;77;24;14m⣀[39m                                               [38;2;69;23;14m⣠[38;2;77;24;14m⣤[38;2;82;26;15m⣤[38;2;85;27;15m⣶⣶[38;2;79;25;15m⣄[39m                [38;2;63;21;13m⢰[38;2;76;24;14m⣿[38;2;86;27;15m⣿[38;2;90;28;15m⣿[38;2;84;27;15m⣿[38;2;72;23;14m⡿[39m       [38;2;59;19;12m⢿[38;2;57;19;12m⣿[39m          [38;2;112;78;31m▒[38;2;147;103;41m▓[38;2;183;128;51m▓[38;2;219;153;61m█[38;2;255;179;71m█[39m[48;2;42;16;32m                  
                  [38;2;255;179;71m[48;2;16;24;32m█[38;2;219;153;61m█[38;2;183;128;51m▓[38;2;147;103;41m▓[38;2;112;78;31m▒[39m        [38;2;61;20;13m⣿[38;2;59;19;12m⠇[39m              [38;2;54;18;12m⠸[38;2;57;19;12m⢿[38;2;62;21;13m⣿[38;2;76;24;14m⣷[38;2;110;35;15m⣿[38;2;138;70;33m⣿[38;2;110;117;74m⣿[38;2;96;131;93m⣿[38;2;101;127;88m⣿[38;2;113;114;67m⣿[38;2;134;89;37m⣿[38;2;137;66;31m⣿[38;2;129;47;21m⣿[38;2;109;34;14m⣿[38;2;111;35;15m⣿[38;2;130;48;22m⣿[38;2;137;64;29m⣿[38;2;136;61;28m⣿[38;2;129;47;21m⣿[38;2;116;39;17m⣿[38;2;112;36;16m⣿[38;2;113;37;16m⣿[38;2;118;40;18m⣿[38;2;123;44;19m⣿[38;2;127;46;20m⣿[38;2;129;47;21m⣿[38;2;125;45;20m⣿[38;2;112;36;16m⣿[38;2;90;28;15m⣦[39m            [38;2;56;19;12m⢀[38;2;57;19;12m⡀[39m        [38;2;73;23;14m⢀[38;2;82;26;15m⣠[38;2;88;27;15m⣴[38;2;94;29;14m⣶[38;2;99;30;14m⣶[38;2;103;31;14m⣶⣶⣶[38;2;107;33;14m⣶[38;2;112;36;16m⣶[38;2;113;37;16m⣦[38;2;107;33;14m⣤[38;2;96;29;14m⣤[38;2;87;27;15m⣤[38;2;77;24;14m⣤[38;2;66;22;13m⡀[39m    [38;2;58;19;12m⣰[38;2;67;22;13m⣿[38;2;81;25;15m⣿[38;2;92;28;15m⣿[38;2;103;31;14m⣿[38;2;115;38;16m⣿[38;2;129;47;21m⣿[38;2;131;49;22m⣿[38;2;119;41;18m⣿[38;2;95;29;14m⣦[39m    [38;2;80;25;15m⣠[38;2;88;27;15m⣤⣤[38;2;82;26;15m⣤[38;2;72;23;14m⡀[39m    [38;2;57;19;12m⣸[38;2;64;22;13m⣿[38;2;73;23;14m⣿[38;2;78;24;14m⡿[38;2;75;24;14m⠟[39m          [38;2;58;19;12m⢻[39m          [38;2;112;78;31m▒[38;2;147;103;41m▓[38;2;183;128;51m▓[38;2;219;153;61m█[38;2;255;179;71m█[39m[48;2;42;16;32m                  
                  [38;2;255;179;71m[48;2;16;24;32m█[38;2;219;153;61m█[38;2;183;128;51m▓[38;2;147;103;41m▓[38;2;112;78;31m▒[39m       [38;2;55;19;12m⠸[38;2;56;19;12m⣿[39m                 [38;2;73;23;14m⢹[38;2;118;41;18m⣿[38;2;112;114;69m⣿[38;2;75;147;120m⣿[38;2;63;159;132m⣿[38;2;74;148;121m⣿[38;2;95;132;95m⣿[38;2;110;117;74m⣿[38;2;126;100;44m⣿[38;2;131;93;39m⣿[38;2;132;92;38m⣿[38;2;138;80;36m⣿[38;2;139;72;35m⣿[38;2;138;71;34m⣿[38;2;139;73;35m⣿[38;2;137;64;29m⣿[38;2;129;47;21m⣿[38;2;115;38;16m⣿[38;2;110;35;15m⣿[38;2;111;35;15m⣿[38;2;116;39;17m⣿[38;2;122;43;19m⣿[38;2;128;46;20m⣿[38;2;132;52;23m⣿[38;2;136;61;28m⣿[38;2;138;69;33m⣿[38;2;137;65;30m⣿[38;2;131;49;22m⣿[38;2;118;41;18m⣶[38;2;123;44;19m⣶[38;2;126;45;20m⣾[38;2;115;38;16m⣿[38;2;92;28;15m⣿[38;2;71;23;14m⣿[38;2;60;20;13m⣷[38;2;54;18;12m⣆[39m  [38;2;53;18;12m⢸[38;2;55;19;12m⣿[38;2;57;19;12m⣿[38;2;59;19;12m⣿[38;2;62;21;13m⣿[38;2;69;23;14m⣶[38;2;73;23;14m⣶[38;2;80;25;15m⣄[38;2;107;33;14m⢠[38;2;133;54;24m⣴[38;2;137;66;30m⣾[38;2;134;58;26m⣿[38;2;118;41;18m⣿[38;2;109;34;14m⣿[38;2;107;33;14m⣿[38;2;111;35;15m⣿[38;2;121;42;19m⣿[38;2;132;51;23m⣿[38;2;139;73;35m⣿[38;2;107;120;79m⣿[38;2;79;142;114m⣿[38;2;75;147;120m⣿[38;2;95;132;95m⣿[38;2;125;101;46m⣿[38;2;138;71;34m⣿[38;2;135;61;27m⣿[38;2;131;49;22m⣿[38;2;117;40;17m⣷[38;2;96;29;14m⣶[38;2;73;23;14m⣶[38;2;61;20;13m⣾[38;2;59;19;12m⡿[38;2;66;22;13m⠿[38;2;78;24;14m⣿[38;2;89;28;15m⣿[38;2;100;30;14m⣿[38;2;114;37;16m⣿[38;2;130;48;21m⣿[38;2;133;53;24m⣿[38;2;130;48;21m⣿[38;2;116;39;17m⣿[38;2;110;35;15m⣿[38;2;117;39;17m⣿[38;2;134;58;26m⣿[38;2;135;87;36m⣿[38;2;117;109;59m⣿⣿[38;2;130;95;40m⣿[38;2;139;76;37m⣿[38;2;137;64;29m⣿[38;2;129;47;21m⣿[38;2;107;33;14m⣷[38;2;80;25;15m⣶[38;2;64;22;13m⣿[38;2;59;19;12m⡟⠁[39m             [38;2;56;19;12m⢸[38;2;55;19;12m⣧[39m         [38;2;112;78;31m▒[38;2;147;103;41m▓[38;2;183;128;51m▓[38;2;219;153;61m█[38;2;255;179;71m█[39m[48;2;42;16;32m                  
                  [38;2;255;179;71m[48;2;16;24;32m█[38;2;219;153;61m█[38;2;183;128;51m▓[38;2;147;103;41m▓[38;2;112;78;31m▒[39m        [38;2;77;24;14m⣤[39m                 [38;2;83;26;15m⢸[38;2;139;73;35m⣿[38;2;68;154;126m⣿[38;2;49;174;150m⣿[38;2;49;171;146m⣿[38;2;85;139;106m⣿[38;2;117;109;60m⣿[38;2;139;80;37m⣿[38;2;138;69;33m⣿[38;2;139;77;37m⣿[38;2;122;104;50m⣿[38;2;107;120;80m⣿[38;2;106;122;82m⣿[38;2;118;108;57m⣿[38;2;139;74;36m⣿[38;2;130;48;22m⡿[38;2;106;33;14m⠋[39m     [38;2;108;34;14m⠙[38;2;120;42;19m⢿[38;2;134;55;25m⣿[38;2;138;83;36m⣿[38;2;120;106;54m⣿[38;2;127;99;43m⣿[38;2;139;76;37m⣿[38;2;137;66;30m⣿[38;2;135;61;27m⣿[38;2;126;45;20m⣿[38;2;98;29;14m⣿[38;2;73;23;14m⣿[38;2;60;20;13m⠏[39m       [38;2;62;21;13m⠻[38;2;74;24;14m⣿[38;2;87;27;15m⣿[38;2;122;43;19m⣿[38;2;119;107;56m⣿[38;2;83;140;109m⣿[38;2;87;137;103m⣿[38;2;127;99;43m⣿[38;2;124;44;19m⣿[38;2;107;33;14m⣿[38;2;104;32;14m⣿[38;2;108;34;14m⣿[38;2;119;41;18m⣿[38;2;133;54;24m⣿[38;2;134;89;37m⣿[38;2;82;141;110m⣿[38;2;50;168;143m⣿[38;2;49;173;149m⣿[38;2;65;157;130m⣿[38;2;101;127;87m⣿[38;2;130;94;40m⣿[38;2;139;73;35m⣿[38;2;138;68;32m⣿[38;2;137;67;31m⣿[38;2;133;53;24m⣿[38;2;110;35;15m⣿[38;2;76;24;14m⣷[39m     [38;2;91;28;15m⠈[38;2;111;35;15m⠻[38;2;121;43;19m⢿[38;2;124;44;19m⣿[38;2;129;47;21m⣿[38;2;139;79;37m⣿[38;2;103;125;85m⣿[38;2;77;145;118m⣿[38;2;73;149;122m⣿[38;2;80;142;113m⣿[38;2;101;127;88m⣿[38;2;119;107;56m⣿[38;2;134;88;37m⣿[38;2;137;85;36m⣿⣿[38;2;138;70;33m⣿[38;2;125;45;20m⣿[38;2;87;27;15m⣿[39m               [38;2;55;19;12m⢸⡟[39m         [38;2;112;78;31m▒[38;2;147;103;41m▓[38;2;183;128;51m▓[38;2;219;153;61m█[38;2;255;179;71m█[39m[48;2;42;16;32m                  
                  [38;2;255;179;71m[48;2;16;24;32m█[38;2;219;153;61m█[38;2;183;128;51m▓[38;2;147;103;41m▓[38;2;112;78;31m▒[39m       [38;2;121;42;19m⣼[38;2;132;51;23m⣿[38;2;124;44;19m⣷[38;2;78;24;14m⡆[39m               [38;2;88;27;15m⢸[38;2;134;89;37m⣿[38;2;62;160;133m⣿[38;2;50;168;143m⣿[38;2;78;143;116m⣿[38;2;131;49;22m⡿[39m   [38;2;107;33;14m⠹[38;2;137;65;30m⣿[38;2;111;116;72m⣿[38;2;99;129;90m⣿[38;2;110;117;73m⣿[38;2;137;66;30m⣿[38;2;100;30;14m⣇[39m        [38;2;94;29;14m⠸[38;2;137;65;30m⣿[38;2;107;120;80m⣿[38;2;101;127;87m⣿[38;2;113;113;66m⣿[38;2;139;74;36m⣿[38;2;135;59;27m⣿[38;2;119;41;18m⣿[38;2;88;27;15m⡿[38;2;63;21;13m⠃[39m         [38;2;71;23;14m⠸[38;2;97;29;14m⣿[38;2;137;67;31m⣿[38;2;90;136;100m⣿[38;2;64;158;131m⣿[38;2;76;145;118m⣿[38;2;132;92;38m⣿[38;2;106;33;14m⡟[39m   [38;2;81;25;15m⠈[38;2;107;33;14m⢻[38;2;137;64;29m⣿[38;2;96;131;94m⣿[38;2;54;165;139m⣿[38;2;49;174;150m⣿[38;2;61;160;133m⣿[38;2;100;128;89m⣿[38;2;137;84;36m⣿[38;2;137;64;29m⣿⣿[38;2;139;77;37m⣿[38;2;139;75;37m⣿[38;2;134;55;25m⣿[38;2;97;29;14m⣿[39m        [38;2;92;28;15m⢸[38;2;137;66;31m⣿[38;2;83;140;109m⣿[38;2;50;168;143m⣿[38;2;49;173;149m⣿[38;2;62;160;133m⣿[38;2;84;139;107m⣿[38;2;109;118;75m⣿[38;2;136;85;36m⣿[38;2;138;70;34m⣿[38;2;139;76;37m⣿[38;2;120;106;53m⣿[38;2;113;113;66m⣿[38;2;137;84;36m⣿[38;2;120;42;19m⣿[38;2;71;23;14m⡇[39m              [38;2;54;18;12m⠘[39m          [38;2;112;78;31m▒[38;2;147;103;41m▓[38;2;183;128;51m▓[38;2;219;153;61m█[38;2;255;179;71m█[39m[48;2;42;16;32m                  
                  [38;2;255;179;71m[48;2;16;24;32m█[38;2;219;153;61m█[38;2;183;128;51m▓[38;2;147;103;41m▓[38;2;112;78;31m▒[39m      [38;2;83;26;15m⢸[38;2;134;58;26m⣿[38;2;139;78;37m⣿[38;2;137;67;31m⣿[38;2;101;31;14m⣷[39m               [38;2;87;27;15m⣼[38;2;137;66;30m⣿[38;2;99;129;90m⣿[38;2;96;131;93m⣿[38;2;133;90;37m⣿[38;2;91;28;15m⡇[39m    [38;2;99;30;14m⢹[38;2;137;65;29m⣿[38;2;116;110;61m⣿[38;2;107;120;80m⣿[38;2;125;101;46m⣿[38;2;134;57;26m⣿[38;2;105;32;14m⣧[39m        [38;2;130;48;22m⣾[38;2;110;117;73m⣿[38;2;101;127;88m⣿[38;2;120;106;54m⣿[38;2;126;45;20m⣿[38;2;94;29;14m⡿[39m             [38;2;89;28;15m⣿[38;2;138;68;32m⣿[38;2;98;130;92m⣿[38;2;81;141;112m⣿[38;2;111;116;72m⣿[38;2;122;43;19m⡟[39m      [38;2;87;27;15m⠸[38;2;132;50;23m⢿[38;2;128;98;42m⣿[38;2;103;125;85m⣿[38;2;105;123;83m⣿[38;2;134;88;37m⣿[38;2;127;46;20m⣿[39m [38;2;99;30;14m⠸[38;2;134;55;25m⣿[38;2;139;74;36m⣿[38;2;137;66;30m⣿[38;2;108;34;14m⣿[39m       [38;2;76;24;14m⢠[38;2;116;39;17m⣾[38;2;128;97;42m⣿[38;2;72;150;123m⣿[38;2;50;168;143m⣿[38;2;61;161;134m⣿[38;2;102;126;86m⣿[38;2;136;62;28m⡿[38;2;104;32;14m⠏[39m  [38;2;106;33;14m⢸[38;2;137;84;36m⣿[38;2;102;126;86m⣿[38;2;106;121;81m⣿[38;2;137;66;30m⣿[38;2;89;28;15m⣿[39m            [38;2;68;22;13m⣀[39m            [38;2;112;78;31m▒[38;2;147;103;41m▓[38;2;183;128;51m▓[38;2;219;153;61m█[38;2;255;179;71m█[39m[48;2;42;16;32m                  
                  [38;2;255;179;71m[48;2;16;24;32m█[38;2;219;153;61m█[38;2;183;128;51m▓[38;2;147;103;41m▓[38;2;112;78;31m▒[39m      [38;2;80;25;15m⢸[38;2;133;52;24m⣿[38;2;139;74;36m⣿[38;2;138;68;32m⣿[38;2;112;36;16m⣿[38;2;80;25;15m⣇[39m            [38;2;56;19;12m⢠[38;2;62;21;13m⣾[38;2;76;24;14m⣿[38;2;107;33;14m⣿[38;2;134;55;25m⣿[38;2;135;59;27m⣿[38;2;128;46;20m⣿[38;2;94;29;14m⣷[38;2;75;24;14m⡄[39m    [38;2;101;30;14m⢸[38;2;134;57;26m⣿[38;2;131;93;39m⣿[38;2;114;113;65m⣿[38;2;121;105;52m⣿[38;2;139;76;37m⣿[38;2;129;47;21m⣷[38;2;100;30;14m⣦[39m    [38;2;93;28;15m⢠[38;2;133;52;24m⣴[38;2;114;113;65m⣿[38;2;85;139;107m⣿[38;2;98;130;92m⣿[38;2;139;80;37m⣿[38;2;100;30;14m⣿[39m              [38;2;82;26;15m⢹[38;2;132;50;23m⣿[38;2;139;76;37m⣿[38;2;138;71;34m⣿[38;2;116;39;17m⡿[39m        [38;2;81;26;15m⢸[38;2;113;37;16m⣿[38;2;137;64;29m⣿[38;2;136;86;36m⣿[38;2;137;84;36m⣿[38;2;135;61;27m⣿[38;2;113;37;16m⣷[38;2;93;28;15m⡄[38;2;116;39;17m⣿[38;2;133;52;24m⣿[38;2;132;50;23m⣿[38;2;102;31;14m⣿[39m      [38;2;93;28;15m⢰[38;2;122;43;19m⣾[38;2;137;67;31m⣿[38;2;116;110;60m⣿[38;2;88;137;102m⣿[38;2;87;138;104m⣿[38;2;116;110;61m⣿[38;2;124;44;19m⡿[39m    [38;2;92;28;15m⢸[38;2;134;88;37m⣿[38;2;92;134;98m⣿[38;2;95;132;95m⣿[38;2;139;79;37m⣿[38;2;103;31;14m⣿[38;2;79;25;15m⣿[38;2;70;23;14m⣶[38;2;73;23;14m⣶[38;2;81;25;15m⣶[38;2;89;28;15m⣶[38;2;100;30;14m⣶[38;2;111;35;15m⣶[38;2;120;42;19m⣶[38;2;126;45;20m⣾[38;2;128;46;20m⣿[38;2;129;47;21m⣿⣿[38;2;127;46;20m⣿[38;2;114;37;16m⣿[38;2;92;28;15m⣷[38;2;65;22;13m⡄[39m         [38;2;112;78;31m▒[38;2;147;103;41m▓[38;2;183;128;51m▓[38;2;219;153;61m█[38;2;255;179;71m█[39m[48;2;42;16;32m                  
                  [38;2;255;179;71m[48;2;16;24;32m█[38;2;219;153;61m█[38;2;183;128;51m▓[38;2;147;103;41m▓[38;2;112;78;31m▒[39m       [38;2;94;29;14m⢻[38;2;114;37;16m⣿[38;2;117;40;17m⣿[38;2;110;35;15m⣿[38;2;112;36;16m⣿[38;2;128;46;20m⣿[38;2;136;62;28m⣿[38;2;135;61;27m⣿[38;2;123;43;19m⣶[38;2;86;27;15m⡆[39m       [38;2;57;19;12m⣿[38;2;61;20;13m⣿[38;2;63;21;13m⠟[38;2;68;22;13m⠛[38;2;83;26;15m⢻[38;2;96;29;14m⣿[38;2;104;32;14m⣿[38;2;106;33;14m⣿[38;2;108;34;14m⣿[38;2;115;38;16m⣿[38;2;119;41;18m⣷[38;2;118;41;18m⣶[38;2;114;37;16m⣶[38;2;111;35;15m⣶[38;2;123;44;19m⣿[38;2;137;64;29m⣿[38;2;126;100;44m⣿[38;2;107;120;80m⣿[38;2;102;126;86m⣿[38;2;106;121;81m⣿[38;2;116;110;61m⣿[38;2;128;97;42m⣿[38;2;127;99;44m⣿[38;2;113;113;67m⣿[38;2;104;124;84m⣿[38;2;87;138;104m⣿[38;2;68;154;126m⣿[38;2;57;163;136m⣿[38;2;66;156;129m⣿[38;2;105;122;82m⣿[38;2;134;55;25m⣿[38;2;84;27;15m⡇[39m              [38;2;69;23;14m⢸[38;2;108;34;14m⣿[38;2;128;46;20m⣿[38;2;129;47;21m⣿[38;2;107;33;14m⣿[38;2;83;26;15m⡄[38;2;86;27;15m⣀[38;2;110;35;15m⣤[38;2;126;45;20m⣤[38;2;127;46;20m⣤[38;2;111;35;15m⣄[38;2;85;27;15m⡀[38;2;67;22;13m⣠[38;2;65;22;13m⣾[38;2;77;24;14m⣿[38;2;106;33;14m⣿[38;2;133;52;24m⣿[38;2;139;76;37m⣿[38;2;130;94;40m⣿⣿[38;2;139;79;37m⣿[38;2;138;70;33m⣿[38;2;134;58;26m⣿[38;2;124;44;19m⣿[38;2;99;30;14m⣿[39m   [38;2;86;27;15m⢀[38;2;106;33;14m⣴[38;2;127;46;20m⣾[38;2;136;62;28m⣿[38;2;138;71;34m⣿[38;2;139;75;37m⣿[38;2;139;74;36m⣿[38;2;138;70;33m⣿[38;2;135;59;27m⣿[38;2;123;44;19m⣿[38;2;98;29;14m⣷[39m   [38;2;84;27;15m⢠[38;2;122;43;19m⣾[38;2;123;103;49m⣿[38;2;98;129;91m⣿[38;2;108;119;78m⣿[38;2;136;61;28m⣿[38;2;96;29;14m⣿[38;2;80;25;15m⣿[38;2;76;24;14m⣿[38;2;83;26;15m⣿[38;2;96;29;14m⣿[38;2;109;34;14m⣿[38;2;124;44;19m⣿[38;2;134;58;26m⣿[38;2;139;73;35m⣿[38;2;138;81;36m⣿[38;2;139;79;37m⣿[38;2;139;72;35m⣿[38;2;138;68;32m⣿[38;2;137;66;30m⣿[38;2;134;56;25m⣿[38;2;119;41;18m⣿[38;2;89;28;15m⣿[38;2;63;21;13m⡆[39m        [38;2;112;78;31m▒[38;2;147;103;41m▓[38;2;183;128;51m▓[38;2;219;153;61m█[38;2;255;179;71m█[39m[48;2;42;16;32m                  
                  [38;2;255;179;71m[48;2;16;24;32m█[38;2;219;153;61m█[38;2;183;128;51m▓[38;2;147;103;41m▓[38;2;112;78;31m▒[39m        [38;2;68;22;13m⠘[38;2;78;24;14m⢿[38;2;93;28;15m⣿[38;2;114;37;16m⣿[38;2;133;54;24m⣿[38;2;139;74;36m⣿[38;2;139;73;35m⣿[38;2;131;49;22m⣿[38;2;92;28;15m⣿[39m  [38;2;50;18;12m⠙⠋[39m        [38;2;68;22;13m⠸[38;2;83;26;15m⢿[38;2;99;30;14m⣿[38;2;110;35;15m⣿[38;2;121;43;19m⣿[38;2;130;48;21m⣿[38;2;131;49;22m⣿[38;2;127;46;20m⣿[38;2;119;41;18m⣿[38;2;116;39;17m⣿[38;2;121;43;19m⣿[38;2;134;58;26m⣿[38;2;134;88;37m⣿[38;2;108;119;77m⣿[38;2;102;126;87m⣿[38;2;100;128;89m⣿[38;2;96;131;93m⣿[38;2;80;142;112m⣿[38;2;68;154;126m⣿[38;2;62;160;133m⣿[38;2;58;163;136m⣿[38;2;51;166;141m⣿[38;2;57;163;136m⣿[38;2;80;142;113m⣿[38;2;135;86;36m⣿[38;2;114;37;16m⣿[38;2;85;27;15m⣷[38;2;70;23;14m⣆[39m              [38;2;85;27;15m⢻[38;2;111;35;15m⣿[38;2;122;43;19m⣿[38;2;126;45;20m⣿[38;2;134;58;26m⣿[38;2;115;111;63m⣿[38;2;76;145;118m⣿[38;2;56;164;137m⣿[38;2;72;150;122m⣿[38;2;112;115;69m⣿[38;2;117;39;17m⣿[38;2;75;24;14m⣿[38;2;61;20;13m⡿⠟[38;2;69;23;14m⠻[38;2;97;29;14m⢿[38;2;131;49;22m⣿[38;2;139;78;37m⣿[38;2;123;103;49m⣿[38;2;120;106;54m⣿[38;2;128;98;42m⣿[38;2;139;77;37m⣿[38;2;137;66;30m⣿[38;2;134;57;26m⣿[38;2;133;52;24m⣿[38;2;131;49;22m⣿[38;2;132;50;23m⣿[38;2;134;55;25m⣿[38;2;135;59;27m⣿[38;2;137;65;30m⣿[38;2;138;69;33m⣿[38;2;137;67;31m⣿[38;2;132;51;23m⣿[38;2;113;37;16m⣿[38;2;103;31;14m⣿[38;2;104;32;14m⣿[38;2;106;33;14m⣿[38;2;100;30;14m⣿[38;2;98;29;14m⣿[38;2;106;33;14m⣿[38;2;113;36;16m⣿[38;2;116;39;17m⣿[38;2;132;51;23m⣿[38;2;138;83;36m⣿[38;2;130;95;40m⣿[38;2;138;68;32m⣿[38;2;109;34;14m⣿[38;2;76;24;14m⠿[38;2;70;23;14m⠟⠻[38;2;79;25;15m⢿[38;2;92;28;15m⣿[38;2;107;33;14m⣿[38;2;121;43;19m⣿[38;2;134;57;26m⣿[38;2;139;74;36m⣿[38;2;134;88;37m⣿⣿[38;2;139;75;37m⣿[38;2;137;67;31m⣿[38;2;137;65;30m⣿[38;2;135;61;27m⣿[38;2;130;48;21m⣿[38;2;105;32;14m⣿[38;2;75;24;14m⣿[39m        [38;2;112;78;31m▒[38;2;147;103;41m▓[38;2;183;128;51m▓[38;2;219;153;61m█[38;2;255;179;71m█[39m[48;2;42;16;32m                  
                  [38;2;255;179;71m[48;2;16;24;32m█[38;2;219;153;61m█[38;2;183;128;51m▓[38;2;147;103;41m▓[38;2;112;78;31m▒[39m          [38;2;73;23;14m⠸[38;2;101;31;14m⢿[38;2;127;46;20m⣿[38;2;137;66;30m⣿⣿[38;2;127;46;20m⡿[38;2;88;27;15m⠇[39m              [38;2;76;24;14m⠈[38;2;94;29;14m⠻[38;2;112;36;16m⣿[38;2;125;45;20m⣿[38;2;128;46;20m⣿[38;2;124;44;19m⣿[38;2;116;39;17m⣿[38;2;108;34;14m⣿[38;2;103;31;14m⣿[38;2;105;32;14m⣿[38;2;121;42;19m⣿[38;2;137;64;29m⣿[38;2;132;91;38m⣿[38;2;112;115;69m⣿[38;2;102;126;86m⣿[38;2;83;140;109m⣿[38;2;69;153;125m⣿[38;2;65;157;130m⣿[38;2;66;156;129m⣿[38;2;74;148;121m⣿[38;2;98;129;91m⣿[38;2;138;82;36m⣿[38;2;116;39;17m⣿[38;2;90;28;15m⣿[38;2;82;26;15m⣿[38;2;76;24;14m⣿[38;2;69;23;14m⣿[38;2;62;21;13m⣶[39m             [38;2;89;28;15m⣿[38;2;109;34;14m⣿[38;2;126;45;20m⣿[38;2;138;71;34m⣿[38;2;100;128;89m⣿[38;2;62;160;133m⣿[38;2;49;174;150m⣿[38;2;63;159;132m⣿[38;2;107;120;80m⣿[38;2;118;40;18m⣿[38;2;72;23;14m⠇[39m    [38;2;90;28;15m⠘[38;2;124;44;19m⢿[38;2;138;69;33m⣿[38;2;134;88;37m⣿[38;2;136;86;36m⣿[38;2;138;71;34m⣿[38;2;137;64;29m⣿[38;2;135;61;27m⣿[38;2;135;59;27m⣿[38;2;134;56;25m⣿[38;2;134;57;26m⣿[38;2;134;58;26m⣿[38;2;135;60;27m⣿[38;2;135;59;27m⣿[38;2;132;51;23m⣿[38;2;116;39;17m⡿[38;2;89;28;15m⠏[39m  [38;2;77;24;14m⠘[38;2;88;27;15m⠿[38;2;92;28;15m⣿[38;2;98;29;14m⣿[38;2;108;34;14m⣿[38;2;115;38;16m⣿[38;2;116;39;17m⣿[38;2;121;42;19m⣿[38;2;124;44;19m⣿[38;2;115;38;16m⡿[38;2;91;28;15m⠏[39m       [38;2;88;27;15m⠈[38;2;104;32;14m⠻[38;2;118;40;18m⢿[38;2;129;47;21m⣿[38;2;130;48;22m⣿[38;2;126;45;20m⣿[38;2;122;43;19m⣿[38;2;127;46;20m⣿[38;2;131;49;22m⣿[38;2;126;45;20m⣿[38;2;105;32;14m⣿[38;2;76;24;14m⣿[39m        [38;2;112;78;31m▒[38;2;147;103;41m▓[38;2;183;128;51m▓[38;2;219;153;61m█[38;2;255;179;71m█[39m[48;2;42;16;32m                  
                  [38;2;255;179;71m[48;2;16;24;32m█[38;2;219;153;61m█[38;2;183;128;51m▓[38;2;147;103;41m▓[38;2;112;78;31m▒[39m             [38;2;76;24;14m⠉[39m                      [38;2;74;24;14m⠉[39m     [38;2;73;23;14m⠈[38;2;87;27;15m⠙[38;2;107;33;14m⠿[38;2;127;46;20m⢿[38;2;137;66;30m⣿[38;2;139;79;37m⣿[38;2;139;76;37m⣿[38;2;135;60;27m⣿[38;2;118;40;18m⠿[38;2;95;29;14m⠟[39m  [38;2;67;22;13m⠈[38;2;72;23;14m⠻⢿[38;2;69;23;14m⣿[38;2;63;21;13m⣿[38;2;57;19;12m⣷[38;2;55;19;12m⣀[38;2;58;19;12m⣠[38;2;64;22;13m⣶[38;2;67;22;13m⣶[38;2;63;21;13m⣦[38;2;57;19;12m⡄[39m      [38;2;61;20;13m⠘[38;2;78;24;14m⢿[38;2;107;33;14m⣿[38;2;135;60;27m⣿[38;2;107;120;79m⣿[38;2;75;147;120m⣿[38;2;63;159;132m⣿[38;2;85;139;106m⣿[38;2;136;86;36m⣿[38;2;95;29;14m⠇[39m        [38;2;99;30;14m⠻[38;2;114;37;16m⠿[38;2;123;43;19m⢿[38;2;129;47;21m⣿[38;2;131;49;22m⣿⣿[38;2;130;48;21m⣿[38;2;127;46;20m⣿[38;2;122;43;19m⣿[38;2;111;35;15m⠿[38;2;93;28;15m⠟[39m        [38;2;78;24;14m⠈[38;2;92;28;15m⠻[38;2;100;30;14m⠿[38;2;96;29;14m⠿[38;2;82;26;15m⠟[39m             [38;2;76;24;14m⠹[38;2;86;27;15m⢿[38;2;92;28;15m⣿[38;2;97;29;14m⣿[38;2;105;32;14m⣿[38;2;110;35;15m⣿[38;2;105;32;14m⣿[38;2;87;27;15m⣿[38;2;65;22;13m⠇[39m        [38;2;112;78;31m▒[38;2;147;103;41m▓[38;2;183;128;51m▓[38;2;219;153;61m█[38;2;255;179;71m█[39m[48;2;42;16;32m                  
                  [38;2;255;179;71m[48;2;16;24;32m█[38;2;219;153;61m█[38;2;183;128;51m▓[38;2;147;103;41m▓[38;2;112;78;31m▒[39m                                                            [38;2;54;18;12m⠘[38;2;59;19;12m⢻[38;2;65;22;13m⣿[38;2;68;22;13m⣿[38;2;65;22;13m⣿[38;2;59;19;12m⣿[39m        [38;2;67;22;13m⠈[38;2;85;27;15m⠻[38;2;104;32;14m⠿[38;2;115;38;16m⠿[38;2;112;36;16m⠿[38;2;95;29;14m⠏[39m                                                 [38;2;67;22;13m⠘[38;2;80;25;15m⠻[38;2;92;28;15m⢿⡿[38;2;82;26;15m⠿[38;2;65;22;13m⠃[39m         [38;2;112;78;31m▒[38;2;147;103;41m▓[38;2;183;128;51m▓[38;2;219;153;61m█[38;2;255;179;71m█[39m[48;2;42;16;32m                  
                  [38;2;255;179;71m[48;2;16;24;32m█[38;2;219;153;61m█[38;2;183;128;51m▓[38;2;147;103;41m▓[38;2;112;78;31m▒[39m                                                                [38;2;60;20;13m⠉[39m                                                                               [38;2;112;78;31m▒[38;2;147;103;41m▓[38;2;183;128;51m▓[38;2;219;153;61m█[38;2;255;179;71m█[39m[48;2;42;16;32m                  
                  [38;2;255;179;71m[48;2;16;24;32m█[38;2;219;153;61m█[38;2;183;128;51m▓[38;2;147;103;41m▓[38;2;112;78;31m▒[39m                                                                                                                                                [38;2;112;78;31m▒[38;2;147;103;41m▓[38;2;183;128;51m▓[38;2;219;153;61m█[38;2;255;179;71m█[39m[48;2;42;16;32m                  
                  [38;2;255;179;71m[48;2;16;24;32m█[38;2;219;153;61m█[38;2;183;128;51m▓[38;2;147;103;41m▓[38;2;112;78;31m▒[39m                                                                                                                                                [38;2;112;78;31m▒[38;2;147;103;41m▓[38;2;183;128;51m▓[38;2;219;153;61m█[38;2;255;179;71m█[39m[48;2;42;16;32m                  
                  [38;2;255;179;71m[48;2;16;24;32m█[38;2;219;153;61m█[38;2;183;128;51m▓[38;2;147;103;41m▓[38;2;112;78;31m▒[39m                                                                                                                                                [38;2;112;78;31m▒[38;2;147;103;41m▓[38;2;183;128;51m▓[38;2;219;153;61m█[38;2;255;179;71m█[39m[48;2;42;16;32m                  
                  [38;2;255;179;71m[48;2;16;24;32m█[38;2;219;153;61m█[38;2;183;128;51m▓[38;2;147;103;41m▓[38;2;112;78;31m▒[39m                                                                                                                                                [38;2;112;78;31m▒[38;2;147;103;41m▓[38;2;183;128;51m▓[38;2;219;153;61m█[38;2;255;179;71m█[39m[48;2;42;16;32m                  
                  [38;2;255;179;71m[48;2;16;24;32m█[38;2;219;153;61m█[38;2;183;128;51m▓[38;2;147;103;41m▓[38;2;112;78;31m▒[39m                                                                                                                 [38;2;51;18;12m⣄[39m                              [38;2;112;78;31m▒[38;2;147;103;41m▓[38;2;183;128;51m▓[38;2;219;153;61m█[38;2;255;179;71m█[39m[48;2;42;16;32m                  
                  [38;2;255;179;71m[48;2;16;24;32m█[38;2;219;153;61m█[38;2;183;128;51m▓[38;2;147;103;41m▓[38;2;112;78;31m▒[39m                                                                                                                 [38;2;54;18;12m⣿[39m                              [38;2;112;78;31m▒[38;2;147;103;41m▓[38;2;183;128;51m▓[38;2;219;153;61m█[38;2;255;179;71m█[39m[48;2;42;16;32m                  
                  [38;2;255;179;71m[48;2;16;24;32m█[38;2;219;153;61m█[38;2;183;128;51m▓[38;2;147;103;41m▓[38;2;112;78;31m▒[39m                                                                                                                 [38;2;54;18;12m⢹[39m                              [38;2;112;78;31m▒[38;2;147;103;41m▓[38;2;183;128;51m▓[38;2;219;153;61m█[38;2;255;179;71m█[39m[48;2;42;16;32m                  
                  [38;2;255;179;71m[48;2;16;24;32m█[38;2;219;153;61m█[38;2;183;128;51m▓[38;2;147;103;41m▓[38;2;112;78;31m▒[39m                                                                                                                                                [38;2;112;78;31m▒[38;2;147;103;41m▓[38;2;183;128;51m▓[38;2;219;153;61m█[38;2;255;179;71m█[39m[48;2;42;16;32m                  
                  [38;2;255;179;71m[48;2;16;24;32m█[38;2;219;153;61m█[38;2;183;128;51m▓[38;2;147;103;41m▓[38;2;112;78;31m▒[39m                                                                                                                                                [38;2;112;78;31m▒[38;2;147;103;41m▓[38;2;183;128;51m▓[38;2;219;153;61m█[38;2;255;179;71m█[39m[48;2;42;16;32m                  
                  [38;2;255;179;71m[48;2;16;24;32m█[38;2;219;153;61m█[38;2;183;128;51m▓[38;2;147;103;41m▓[38;2;112;78;31m▒[39m                                                                                                                                   [38;2;53;18;12m⢸[38;2;55;19;12m⣷[39m           [38;2;112;78;31m▒[38;2;147;103;41m▓[38;2;183;128;51m▓[38;2;219;153;61m█[38;2;255;179;71m█[39m[48;2;42;16;32m                  
                  [38;2;255;179;71m[48;2;16;24;32m█[38;2;219;153;61m█[38;2;183;128;51m▓[38;2;147;103;41m▓[38;2;112;78;31m▒[39m                                                                                                                                    [38;2;56;19;12m⠻[38;2;54;18;12m⣷[39m          [38;2;112;78;31m▒[38;2;147;103;41m▓[38;2;183;128;51m▓[38;2;219;153;61m█[38;2;255;179;71m█[39m[48;2;42;16;32m                  
                  [38;2;255;179;71m[48;2;16;24;32m█[38;2;219;153;61m█[38;2;183;128;51m▓[38;2;147;103;41m▓[38;2;112;78;31m▒[39m                                                                                                                                                [38;2;112;78;31m▒[38;2;147;103;41m▓[38;2;183;128;51m▓[38;2;219;153;61m█[38;2;255;179;71m█[39m[48;2;42;16;32m                  
                  [38;2;255;179;71m[48;2;16;24;32m█[38;2;219;153;61m█[38;2;183;128;51m▓[38;2;147;103;41m▓[38;2;112;78;31m▒[39m                                                                                                                                                [38;2;112;78;31m▒[38;2;147;103;41m▓[38;2;183;128;51m▓[38;2;219;153;61m█[38;2;255;179;71m█[39m[48;2;42;16;32m                  
                  [38;2;255;179;71m[48;2;16;24;32m█[38;2;219;153;61m█[38;2;183;128;51m▓[38;2;147;103;41m▓[38;2;112;78;31m▒[39m      [38;2;50;18;12m⠘⠋[38;2;49;17;11m⠈[39m                            [38;2;52;18;12m⣤⣴[39m                                                                                                         [38;2;112;78;31m▒[38;2;147;103;41m▓[38;2;183;128;51m▓[38;2;219;153;61m█[38;2;255;179;71m█[39m[48;2;42;16;32m                  
                  [38;2;255;179;71m[48;2;16;24;32m█[38;2;219;153;61m█[38;2;183;128;51m▓[38;2;147;103;41m▓[38;2;112;78;31m▒[39m                                                                                                                                                [38;2;112;78;31m▒[38;2;147;103;41m▓[38;2;183;128;51m▓[38;2;219;153;61m█[38;2;255;179;71m█[39m[48;2;42;16;32m                  
                  [38;2;255;179;71m[48;2;16;24;32m█[38;2;219;153;61m█[38;2;183;128;51m▓[38;2;147;103;41m▓[38;2;112;78;31m▒[39m                                                                                                                                                [38;2;112;78;31m▒[38;2;147;103;41m▓[38;2;183;128;51m▓[38;2;219;153;61m█[38;2;255;179;71m█[39m[48;2;42;16;32m                  
                  [38;2;255;179;71m[48;2;16;24;32m█[38;2;219;153;61m█[38;2;183;128;51m▓[38;2;147;103;41m▓[38;2;112;78;31m▒[39m                                                                                                                                                [38;2;112;78;31m▒[38;2;147;103;41m▓[38;2;183;128;51m▓[38;2;219;153;61m█[38;2;255;179;71m█[39m[48;2;42;16;32m                  
                  [38;2;255;179;71m[48;2;16;24;32m█[38;2;219;153;61m█[38;2;183;128;51m▓[38;2;147;103;41m▓[38;2;112;78;31m▒[39m                                                                                                                                                [38;2;112;78;31m▒[38;2;147;103;41m▓[38;2;183;128;51m▓[38;2;219;153;61m█[38;2;255;179;71m█[39m[48;2;42;16;32m                  
                  [38;2;255;179;71m[48;2;16;24;32m█[38;2;219;153;61m█[38;2;183;128;51m▓[38;2;147;103;41m▓[38;2;112;78;31m▒[39m                                                                                                                                                [38;2;112;78;31m▒[38;2;147;103;41m▓[38;2;183;128;51m▓[38;2;219;153;61m█[38;2;255;179;71m█[39m[48;2;42;16;32m                  
                  [38;2;255;179;71m[48;2;16;24;32m█[38;2;219;153;61m█[38;2;183;128;51m▓[38;2;147;103;41m▓[38;2;112;78;31m▒[39m                                                                                                                                                [38;2;112;78;31m▒[38;2;147;103;41m▓[38;2;183;128;51m▓[38;2;219;153;61m█[38;2;255;179;71m█[39m[48;2;42;16;32m                  
                  [38;2;255;179;71m[48;2;16;24;32m█[38;2;219;153;61m█[38;2;183;128;51m▓[38;2;165;116;46m▓▓▓▓▓▓▓▓▓▓▓▓▓▓▓▓▓▓▓▓▓▓▓▓▓▓▓▓▓▓▓▓▓▓▓▓▓▓▓▓▓▓▓▓▓▓▓▓▓▓▓▓▓▓▓▓▓▓▓▓▓▓▓▓▓▓▓▓▓▓▓▓▓▓▓▓▓▓▓▓▓▓▓▓▓▓▓▓▓▓▓▓▓▓▓▓▓▓▓▓▓▓▓▓▓▓▓▓▓▓▓▓▓▓▓▓▓▓▓▓▓▓▓▓▓▓▓▓▓▓▓▓▓▓▓▓▓▓▓▓▓▓▓▓▓▓▓▓[38;2;183;128;51m▓[38;2;219;153;61m█[38;2;255;179;71m█[39m[48;2;42;16;32m                  
                  [38;2;255;179;71m[48;2;16;24;32m██████████████████████████████████████████████████████████████████████████████████████████████████████████████████████████████████████████████████████████[39m[48;2;42;16;32m                  
                                                                                                                                                                                              
                                                                                                                                                                                              
