[48;2;0;0;0m                                                                                                                                                                                              
                                                                                                                                                                                              
                  [38;2;122;122;122m██████████████████████████████████████████████████████████████████████████████████████████████████████████████████████████████████████████████████████████[39m                  
                  [38;2;122;122;122m█[38;2;104;104;104m█[38;2;87;87;87m▓[38;2;79;79;79m▓▓▓▓▓▓▓▓▓▓▓▓▓▓▓▓▓▓▓▓▓▓▓▓▓▓▓▓▓▓▓▓▓▓▓▓▓▓▓▓▓▓▓▓▓▓▓▓▓▓▓▓▓▓▓▓▓▓▓▓▓▓▓▓▓▓▓▓▓▓▓▓▓▓▓▓▓▓▓▓▓▓▓▓▓▓▓▓▓▓▓▓▓▓▓▓▓▓▓▓▓▓▓▓▓▓▓▓▓▓▓▓▓▓▓▓▓▓▓▓▓▓▓▓▓▓▓▓▓▓▓▓▓▓▓▓▓▓▓▓▓▓▓▓▓▓▓▓[38;2;87;87;87m▓[38;2;104;104;104m█[38;2;122;122;122m█[39m                  
                  [38;2;122;122;122m█[38;2;104;104;104m█[38;2;87;87;87m▓[38;2;70;70;70m▓[38;2;53;53;53m▒[38;2;25;25;25m⡟[38;2;26;26;26m⢸⣇[39m                                                                                                                                             [38;2;53;53;53m▒[38;2;70;70;70m▓[38;2;87;87;87m▓[38;2;104;104;104m█[38;2;122;122;122m█[39m                  
                  [38;2;122;122;122m█[38;2;104;104;104m█[38;2;87;87;87m▓[38;2;70;70;70m▓[38;2;53;53;53m▒[38;2;24;24;24m⣄[38;2;26;26;26m⣿[38;2;29;29;29m⣿⣿[39m                                                                                                                                            [38;2;53;53;53m▒[38;2;70;70;70m▓[38;2;87;87;87m▓[38;2;104;104;104m█[38;2;122;122;122m█[39m                  
                  [38;2;122;122;122m█[38;2;104;104;104m█[38;2;87;87;87m▓[38;2;70;70;70m▓[38;2;53;53;53m▒[38;2;22;22;22m⠉[38;2;25;25;25m⠘[38;2;30;30;30m⢿[38;2;34;34;34m⣿[38;2;33;33;33m⣿[39m                                                                                                                                           [38;2;53;53;53m▒[38;2;70;70;70m▓[38;2;87;87;87m▓[38;2;104;104;104m█[38;2;122;122;122m█[39m                  
                  [38;2;122;122;122m█[38;2;104;104;104m█[38;2;87;87;87m▓[38;2;70;70;70m▓[38;2;53;53;53m▒[39m  [38;2;29;29;29m⢸[38;2;37;37;37m⣿[38;2;39;39;39m⣿[38;2;34;34;34m⣷[39m                                                                                                                                          [38;2;53;53;53m▒[38;2;70;70;70m▓[38;2;87;87;87m▓[38;2;104;104;104m█[38;2;122;122;122m█[39m                  
                  [38;2;122;122;122m█[38;2;104;104;104m█[38;2;87;87;87m▓[38;2;70;70;70m▓[38;2;53;53;53m▒[39m   [38;2;32;32;32m⢹[38;2;39;39;39m⣿[38;2;38;38;38m⣿[38;2;30;30;30m⡇[39m                                                                                                                                         [38;2;53;53;53m▒[38;2;70;70;70m▓[38;2;87;87;87m▓[38;2;104;104;104m█[38;2;122;122;122m█[39m                  
                  [38;2;122;122;122m█[38;2;104;104;104m█[38;2;87;87;87m▓[38;2;70;70;70m▓[38;2;53;53;53m▒[39m    [38;2;31;31;31m⢻[38;2;34;34;34m⣿[38;2;30;30;30m⣿[39m                                                                                                                                         [38;2;53;53;53m▒[38;2;70;70;70m▓[38;2;87;87;87m▓[38;2;104;104;104m█[38;2;122;122;122m█[39m                  
                  [38;2;122;122;122m█[38;2;104;104;104m█[38;2;87;87;87m▓[38;2;70;70;70m▓[38;2;53;53;53m▒[39m     [38;2;27;27;27m⠸[38;2;29;29;29m⣿[38;2;26;26;26m⣷[39m                                                                                                                                        [38;2;53;53;53m▒[38;2;70;70;70m▓[38;2;87;87;87m▓[38;2;104;104;104m█[38;2;122;122;122m█[39m                  
                  [38;2;122;122;122m█[38;2;104;104;104m█[38;2;87;87;87m▓[38;2;70;70;70m▓[38;2;53;53;53m▒[39m      [38;2;24;24;24m⢸[38;2;25;25;25m⣿[38;2;23;23;23m⡇[39m                                                                                                                                       [38;2;53;53;53m▒[38;2;70;70;70m▓[38;2;87;87;87m▓[38;2;104;104;104m█[38;2;122;122;122m█[39m                  
                  [38;2;122;122;122m█[38;2;104;104;104m█[38;2;87;87;87m▓[38;2;70;70;70m▓[38;2;53;53;53m▒[39m       [38;2;23;23;23m⠸[39m                                                                                                                                        [38;2;53;53;53m▒[38;2;70;70;70m▓[38;2;87;87;87m▓[38;2;104;104;104m█[38;2;122;122;122m█[39m                  
                  [38;2;122;122;122m█[38;2;104;104;104m█[38;2;87;87;87m▓[38;2;70;70;70m▓[38;2;53;53;53m▒[39m        [38;2;28;28;28m⢰[38;2;27;27;27m⡄[39m                                                                                                                                      [38;2;53;53;53m▒[38;2;70;70;70m▓[38;2;87;87;87m▓[38;2;104;104;104m█[38;2;122;122;122m█[39m                  
                  [38;2;122;122;122m█[38;2;104;104;104m█[38;2;87;87;87m▓[38;2;70;70;70m▓[38;2;53;53;53m▒[39m        [38;2;38;38;38m⣿[38;2;40;40;40m⣿[38;2;33;33;33m⡆[39m                                                                                                                                     [38;2;53;53;53m▒[38;2;70;70;70m▓[38;2;87;87;87m▓[38;2;104;104;104m█[38;2;122;122;122m█[39m                  
                  [38;2;122;122;122m█[38;2;104;104;104m█[38;2;87;87;87m▓[38;2;70;70;70m▓[38;2;53;53;53m▒[39m       [38;2;29;29;29m⢸[38;2;45;45;45m⣿[38;2;49;49;49m⣿[38;2;40;40;40m⣿[39m                                                                                                                                     [38;2;53;53;53m▒[38;2;70;70;70m▓[38;2;87;87;87m▓[38;2;104;104;104m█[38;2;122;122;122m█[39m                  
                  [38;2;122;122;122m█[38;2;104;104;104m█[38;2;87;87;87m▓[38;2;70;70;70m▓[38;2;53;53;53m▒[39m        [38;2;46;46;46m⣿[38;2;49;49;49m⣿[38;2;40;40;40m⣿[39m                                                     [38;2;21;21;21m⢰⣷[39m                                                                              [38;2;53;53;53m▒[38;2;70;70;70m▓[38;2;87;87;87m▓[38;2;104;104;104m█[38;2;122;122;122m█[39m                  
                  [38;2;122;122;122m█[38;2;104;104;104m█[38;2;87;87;87m▓[38;2;70;70;70m▓[38;2;53;53;53m▒[39m        [38;2;38;38;38m⣿[38;2;40;40;40m⣿[38;2;33;33;33m⡇[39m                                                     [38;2;21;21;21m⠘⠟[39m                                                         [38;2;32;32;32m⣴[38;2;31;31;31m⣶[38;2;27;27;27m⣶[38;2;22;22;22m⡄[39m                 [38;2;53;53;53m▒[38;2;70;70;70m▓[38;2;87;87;87m▓[38;2;104;104;104m█[38;2;122;122;122m█[39m                  
                  [38;2;122;122;122m█[38;2;104;104;104m█[38;2;87;87;87m▓[38;2;70;70;70m▓[38;2;53;53;53m▒[39m       [38;2;27;27;27m⢸[38;2;34;34;34m⣿⣿[38;2;28;28;28m⡇[39m                                                                                                             [38;2;29;29;29m⢠[38;2;37;37;37m⣾[38;2;42;42;42m⣿[38;2;41;41;41m⣿[38;2;35;35;35m⣿[38;2;28;28;28m⣿[38;2;22;22;22m⠃[39m   [38;2;21;21;21m⠈[38;2;24;24;24m⢿⣷[38;2;23;23;23m⡄[39m          [38;2;53;53;53m▒[38;2;70;70;70m▓[38;2;87;87;87m▓[38;2;104;104;104m█[38;2;122;122;122m█[39m                  
                  [38;2;122;122;122m█[38;2;104;104;104m█[38;2;87;87;87m▓[38;2;70;70;70m▓[38;2;53;53;53m▒[39m        [38;2;30;30;30m⣿[38;2;29;29;29m⣿[39m             [38;2;22;22;22m⢹[38;2;23;23;23m⣿⣧[39m   [38;2;34;34;34m⢠[38;2;47;47;47m⣴[38;2;58;58;58m⣶[38;2;63;63;63m⣶[38;2;60;60;60m⣶[38;2;52;52;52m⣶[38;2;42;42;42m⣦[38;2;33;33;33m⣄[39m  [38;2;34;34;34m⢀[38;2;42;42;42m⣤[38;2;46;46;46m⣴[38;2;45;45;45m⣶[38;2;42;42;42m⣶⣶[38;2;43;43;43m⣶[38;2;44;44;44m⣦[38;2;43;43;43m⣤[38;2;40;40;40m⣤[38;2;36;36;36m⣀[39m                                               [38;2;31;31;31m⣠[38;2;36;36;36m⣤[38;2;38;38;38m⣤[38;2;40;40;40m⣶⣶[38;2;37;37;37m⣄[39m                [38;2;28;28;28m⢰[38;2;35;35;35m⣿[38;2;41;41;41m⣿[38;2;44;44;44m⣿[38;2;40;40;40m⣿[38;2;33;33;33m⡿[39m       [38;2;25;25;25m⢿[38;2;24;24;24m⣿[39m          [38;2;53;53;53m▒[38;2;70;70;70m▓[38;2;87;87;87m▓[38;2;104;104;104m█[38;2;122;122;122m█[39m                  
                  [38;2;122;122;122m█[38;2;104;104;104m█[38;2;87;87;87m▓[38;2;70;70;70m▓[38;2;53;53;53m▒[39m        [38;2;26;26;26m⣿[38;2;25;25;25m⠇[39m              [38;2;22;22;22m⠸[38;2;24;24;24m⢿[38;2;28;28;28m⣿[38;2;35;35;35m⣷[38;2;57;57;57m⣿[38;2;89;89;89m⣿[38;2;113;114;114m⣿[38;2;124;124;124m⣿[38;2;122;122;122m⣿[38;2;111;112;112m⣿[38;2;100;100;100m⣿[38;2;87;87;87m⣿[38;2;72;72;72m⣿[38;2;57;57;57m⣿[38;2;58;58;58m⣿[38;2;73;73;73m⣿[38;2;85;85;85m⣿[38;2;83;83;83m⣿[38;2;72;72;72m⣿[38;2;63;63;63m⣿[38;2;59;59;59m⣿[38;2;60;60;60m⣿[38;2;64;64;64m⣿[38;2;68;68;68m⣿[38;2;71;71;71m⣿[38;2;72;72;72m⣿[38;2;69;69;69m⣿[38;2;59;59;59m⣿[38;2;44;44;44m⣦[39m            [38;2;23;23;23m⢀[38;2;24;24;24m⡀[39m        [38;2;33;33;33m⢀[38;2;39;39;39m⣠[38;2;42;42;42m⣴[38;2;47;47;47m⣶[38;2;50;50;50m⣶[38;2;52;52;52m⣶⣶⣶[38;2;55;55;55m⣶[38;2;59;59;59m⣶[38;2;60;60;60m⣦[38;2;55;55;55m⣤[38;2;48;48;48m⣤[38;2;41;41;41m⣤[38;2;36;36;36m⣤[38;2;30;30;30m⡀[39m    [38;2;24;24;24m⣰[38;2;30;30;30m⣿[38;2;38;38;38m⣿[38;2;46;46;46m⣿[38;2;52;52;52m⣿[38;2;62;62;62m⣿[38;2;72;72;72m⣿[38;2;74;74;74m⣿[38;2;65;65;65m⣿[38;2;48;48;48m⣦[39m    [38;2;38;38;38m⣠[38;2;42;42;42m⣤⣤[38;2;39;39;39m⣤[38;2;33;33;33m⡀[39m    [38;2;24;24;24m⣸[38;2;29;29;29m⣿[38;2;33;33;33m⣿[38;2;36;36;36m⡿[38;2;35;35;35m⠟[39m          [38;2;24;24;24m⢻[39m          [38;2;53;53;53m▒[38;2;70;70;70m▓[38;2;87;87;87m▓[38;2;104;104;104m█[38;2;122;122;122m█[39m                  
                  [38;2;122;122;122m█[38;2;104;104;104m█[38;2;87;87;87m▓[38;2;70;70;70m▓[38;2;53;53;53m▒[39m       [38;2;23;23;23m⠸[38;2;24;24;24m⣿[39m                 [38;2;33;33;33m⢹[38;2;65;65;65m⣿[38;2;111;112;112m⣿[38;2;138;138;138m⣿[38;2;147;147;147m⣿[38;2;139;139;139m⣿[38;2;125;125;125m⣿[38;2;113;114;114m⣿[38;2;104;104;104m⣿[38;2;102;102;102m⣿[38;2;101;101;101m⣿[38;2;95;95;95m⣿[38;2;91;91;91m⣿[38;2;90;90;90m⣿[38;2;91;91;91m⣿[38;2;85;85;85m⣿[38;2;72;72;72m⣿[38;2;62;62;62m⣿[38;2;57;57;57m⣿[38;2;58;58;58m⣿[38;2;63;63;63m⣿[38;2;67;67;67m⣿[38;2;71;71;71m⣿[38;2;76;76;76m⣿[38;2;83;83;83m⣿[38;2;89;89;89m⣿[38;2;86;86;86m⣿[38;2;74;74;74m⣿[38;2;65;65;65m⣶[38;2;68;68;68m⣶[38;2;70;70;70m⣾[38;2;62;62;62m⣿[38;2;45;45;45m⣿[38;2;32;32;32m⣿[38;2;26;26;26m⣷[38;2;22;22;22m⣆[39m  [38;2;22;22;22m⢸[38;2;23;23;23m⣿[38;2;24;24;24m⣿[38;2;25;25;25m⣿[38;2;27;27;27m⣿[38;2;31;31;31m⣶[38;2;33;33;33m⣶[38;2;38;38;38m⣄[38;2;55;55;55m⢠[38;2;77;77;77m⣴[38;2;86;86;86m⣾[38;2;81;81;81m⣿[38;2;65;65;65m⣿[38;2;56;56;56m⣿[38;2;55;55;55m⣿[38;2;58;58;58m⣿[38;2;66;66;66m⣿[38;2;76;76;76m⣿[38;2;91;91;91m⣿[38;2;116;116;116m⣿[38;2;133;134;134m⣿[38;2;138;138;138m⣿[38;2;125;125;125m⣿[38;2;105;105;105m⣿[38;2;90;90;90m⣿[38;2;83;83;83m⣿[38;2;74;74;74m⣿[38;2;64;64;64m⣷[38;2;48;48;48m⣶[38;2;33;33;33m⣶[38;2;26;26;26m⣾[38;2;25;25;25m⡿[38;2;30;30;30m⠿[38;2;36;36;36m⣿[38;2;43;43;43m⣿[38;2;50;50;50m⣿[38;2;61;61;61m⣿[38;2;73;73;73m⣿[38;2;77;77;77m⣿[38;2;73;73;73m⣿[38;2;63;63;63m⣿[38;2;57;57;57m⣿[38;2;63;63;63m⣿[38;2;81;81;81m⣿[38;2;98;98;98m⣿[38;2;109;109;109m⣿⣿[38;2;102;102;102m⣿[38;2;93;93;93m⣿[38;2;85;85;85m⣿[38;2;72;72;72m⣿[38;2;55;55;55m⣷[38;2;38;38;38m⣶[38;2;29;29;29m⣿[38;2;25;25;25m⡟⠁[39m             [38;2;23;23;23m⢸⣧[39m         [38;2;53;53;53m▒[38;2;70;70;70m▓[38;2;87;87;87m▓[38;2;104;104;104m█[38;2;122;122;122m█[39m                  
                  [38;2;122;122;122m█[38;2;104;104;104m█[38;2;87;87;87m▓[38;2;70;70;70m▓[38;2;53;53;53m▒[39m        [38;2;35;35;35m⣤[39m                 [38;2;39;39;39m⢸[38;2;91;91;91m⣿[38;2;143;143;143m⣿[38;2;161;161;161m⣿[38;2;158;158;158m⣿[38;2;130;130;130m⣿[38;2;109;109;109m⣿[38;2;95;95;95m⣿[38;2;89;89;89m⣿[38;2;94;94;94m⣿[38;2;106;106;106m⣿[38;2;116;116;116m⣿[38;2;117;117;117m⣿[38;2;108;108;108m⣿[38;2;92;92;92m⣿[38;2;73;73;73m⡿[38;2;55;55;55m⠋[39m     [38;2;56;56;56m⠙[38;2;66;66;66m⢿[38;2;78;78;78m⣿[38;2;96;96;96m⣿[38;2;107;107;107m⣿[38;2;104;104;104m⣿[38;2;93;93;93m⣿[38;2;86;86;86m⣿[38;2;83;83;83m⣿[38;2;70;70;70m⣿[38;2;49;49;49m⣿[38;2;33;33;33m⣿[38;2;26;26;26m⠏[39m       [38;2;28;28;28m⠻[38;2;34;34;34m⣿[38;2;42;42;42m⣿[38;2;67;67;67m⣿[38;2;108;108;108m⣿[38;2;131;131;131m⣿[38;2;129;129;129m⣿[38;2;104;104;104m⣿[38;2;68;68;68m⣿[38;2;55;55;55m⣿[38;2;53;53;53m⣿[38;2;56;56;56m⣿[38;2;65;65;65m⣿[38;2;77;77;77m⣿[38;2;100;100;100m⣿[38;2;132;132;132m⣿[38;2;155;155;155m⣿[38;2;160;160;160m⣿[38;2;145;145;145m⣿[38;2;121;121;121m⣿[38;2;102;102;102m⣿[38;2;91;91;91m⣿[38;2;88;88;88m⣿[38;2;87;87;87m⣿[38;2;76;76;76m⣿[38;2;58;58;58m⣿[38;2;35;35;35m⣷[39m     [38;2;44;44;44m⠈[38;2;58;58;58m⠻[38;2;67;67;67m⢿[38;2;68;68;68m⣿[38;2;72;72;72m⣿[38;2;95;95;95m⣿[38;2;120;120;120m⣿[38;2;136;136;136m⣿[38;2;140;140;140m⣿[38;2;133;133;133m⣿[38;2;121;121;121m⣿[38;2;108;108;108m⣿[38;2;99;99;99m⣿[38;2;97;97;97m⣿⣿[38;2;89;89;89m⣿[38;2;69;69;69m⣿[38;2;42;42;42m⣿[39m               [38;2;23;23;23m⢸⡟[39m         [38;2;53;53;53m▒[38;2;70;70;70m▓[38;2;87;87;87m▓[38;2;104;104;104m█[38;2;122;122;122m█[39m                  
                  [38;2;122;122;122m█[38;2;104;104;104m█[38;2;87;87;87m▓[38;2;70;70;70m▓[38;2;53;53;53m▒[39m       [38;2;66;66;66m⣼[38;2;75;75;75m⣿[38;2;68;68;68m⣷[38;2;36;36;36m⡆[39m               [38;2;42;42;42m⢸[38;2;99;99;99m⣿[38;2;148;148;148m⣿[38;2;156;156;156m⣿[38;2;134;135;135m⣿[38;2;74;74;74m⡿[39m   [38;2;55;55;55m⠹[38;2;86;86;86m⣿[38;2;112;113;113m⣿[38;2;123;123;123m⣿[38;2;113;114;114m⣿[38;2;86;86;86m⣿[38;2;51;51;51m⣇[39m        [38;2;47;47;47m⠸[38;2;86;86;86m⣿[38;2;116;116;116m⣿[38;2;121;121;121m⣿[38;2;111;111;111m⣿[38;2;92;92;92m⣿[38;2;82;82;82m⣿[38;2;65;65;65m⣿[38;2;42;42;42m⡿[38;2;28;28;28m⠃[39m         [38;2;32;32;32m⠸[38;2;48;48;48m⣿[38;2;87;87;87m⣿[38;2;128;128;128m⣿[38;2;147;147;147m⣿[38;2;136;137;137m⣿[38;2;101;101;101m⣿[38;2;54;54;54m⡟[39m   [38;2;38;38;38m⠈[38;2;55;55;55m⢻[38;2;85;85;85m⣿[38;2;125;125;125m⣿[38;2;152;152;152m⣿[38;2;161;161;161m⣿[38;2;148;148;148m⣿[38;2;122;122;122m⣿[38;2;97;97;97m⣿[38;2;85;85;85m⣿⣿[38;2;94;94;94m⣿[38;2;93;93;93m⣿[38;2;78;78;78m⣿[38;2;49;49;49m⣿[39m        [38;2;46;46;46m⢸[38;2;87;87;87m⣿[38;2;131;131;131m⣿[38;2;155;155;155m⣿[38;2;160;160;160m⣿[38;2;148;148;148m⣿[38;2;131;131;131m⣿[38;2;114;114;114m⣿[38;2;98;98;98m⣿[38;2;90;90;90m⣿[38;2;93;93;93m⣿[38;2;107;107;107m⣿[38;2;111;111;111m⣿[38;2;97;97;97m⣿[38;2;66;66;66m⣿[38;2;32;32;32m⡇[39m              [38;2;22;22;22m⠘[39m          [38;2;53;53;53m▒[38;2;70;70;70m▓[38;2;87;87;87m▓[38;2;104;104;104m█[38;2;122;122;122m█[39m                  
                  [38;2;122;122;122m█[38;2;104;104;104m█[38;2;87;87;87m▓[38;2;70;70;70m▓[38;2;53;53;53m▒[39m      [38;2;39;39;39m⢸[38;2;81;81;81m⣿[38;2;94;94;94m⣿[38;2;87;87;87m⣿[38;2;51;51;51m⣷[39m               [38;2;41;41;41m⣼[38;2;86;86;86m⣿[38;2;123;123;123m⣿[38;2;124;124;124m⣿[38;2;100;100;100m⣿[38;2;44;44;44m⡇[39m    [38;2;50;50;50m⢹[38;2;85;85;85m⣿[38;2;109;109;109m⣿[38;2;116;116;116m⣿[38;2;105;105;105m⣿[38;2;80;80;80m⣿[38;2;53;53;53m⣧[39m        [38;2;73;73;73m⣾[38;2;113;114;114m⣿[38;2;121;121;121m⣿[38;2;107;107;107m⣿[38;2;69;69;69m⣿[38;2;47;47;47m⡿[39m             [38;2;43;43;43m⣿[38;2;88;88;88m⣿[38;2;124;124;124m⣿[38;2;132;133;133m⣿[38;2;112;113;113m⣿[38;2;67;67;67m⡟[39m      [38;2;41;41;41m⠸[38;2;75;75;75m⢿[38;2;103;103;103m⣿[38;2;120;120;120m⣿[38;2;118;118;118m⣿[38;2;99;99;99m⣿[38;2;70;70;70m⣿[39m [38;2;50;50;50m⠸[38;2;78;78;78m⣿[38;2;92;92;92m⣿[38;2;86;86;86m⣿[38;2;56;56;56m⣿[39m       [38;2;35;35;35m⢠[38;2;63;63;63m⣾[38;2;103;103;103m⣿[38;2;141;141;141m⣿[38;2;156;156;156m⣿[38;2;148;148;148m⣿[38;2;120;120;120m⣿[38;2;84;84;84m⡿[38;2;53;53;53m⠏[39m  [38;2;54;54;54m⢸[38;2;97;97;97m⣿[38;2;121;121;121m⣿[38;2;117;117;117m⣿[38;2;86;86;86m⣿[38;2;43;43;43m⣿[39m            [38;2;30;30;30m⣀[39m            [38;2;53;53;53m▒[38;2;70;70;70m▓[38;2;87;87;87m▓[38;2;104;104;104m█[38;2;122;122;122m█[39m                  
                  [38;2;122;122;122m█[38;2;104;104;104m█[38;2;87;87;87m▓[38;2;70;70;70m▓[38;2;53;53;53m▒[39m      [38;2;38;38;38m⢸[38;2;76;76;76m⣿[38;2;92;92;92m⣿[38;2;88;88;88m⣿[38;2;59;59;59m⣿[38;2;37;37;37m⣇[39m            [38;2;24;24;24m⢠[38;2;28;28;28m⣾[38;2;35;35;35m⣿[38;2;55;55;55m⣿[38;2;78;78;78m⣿[38;2;82;82;82m⣿[38;2;71;71;71m⣿[38;2;47;47;47m⣷[38;2;34;34;34m⡄[39m    [38;2;51;51;51m⢸[38;2;80;80;80m⣿[38;2;101;101;101m⣿[38;2;111;111;111m⣿[38;2;107;107;107m⣿[38;2;93;93;93m⣿[38;2;72;72;72m⣷[38;2;50;50;50m⣦[39m    [38;2;46;46;46m⢠[38;2;76;76;76m⣴[38;2;111;111;111m⣿[38;2;130;130;130m⣿[38;2;124;124;124m⣿[38;2;95;95;95m⣿[38;2;50;50;50m⣿[39m              [38;2;38;38;38m⢹[38;2;75;75;75m⣿[38;2;93;93;93m⣿[38;2;90;90;90m⣿[38;2;63;63;63m⡿[39m        [38;2;38;38;38m⢸[38;2;60;60;60m⣿[38;2;85;85;85m⣿[38;2;98;98;98m⣿[38;2;97;97;97m⣿[38;2;83;83;83m⣿[38;2;60;60;60m⣷[38;2;46;46;46m⡄[38;2;63;63;63m⣿[38;2;76;76;76m⣿[38;2;75;75;75m⣿[38;2;51;51;51m⣿[39m      [38;2;46;46;46m⢰[38;2;67;67;67m⣾[38;2;87;87;87m⣿[38;2;109;109;109m⣿[38;2;129;129;129m⣿⣿[38;2;109;109;109m⣿[38;2;68;68;68m⡿[39m    [38;2;45;45;45m⢸[38;2;99;99;99m⣿[38;2;127;127;127m⣿[38;2;125;125;125m⣿[38;2;95;95;95m⣿[38;2;52;52;52m⣿[38;2;37;37;37m⣿[38;2;32;32;32m⣶[38;2;33;33;33m⣶[38;2;38;38;38m⣶[38;2;43;43;43m⣶[38;2;50;50;50m⣶[38;2;58;58;58m⣶[38;2;66;66;66m⣶[38;2;70;70;70m⣾[38;2;71;71;71m⣿[38;2;72;72;72m⣿⣿[38;2;70;70;70m⣿[38;2;61;61;61m⣿[38;2;45;45;45m⣷[38;2;29;29;29m⡄[39m         [38;2;53;53;53m▒[38;2;70;70;70m▓[38;2;87;87;87m▓[38;2;104;104;104m█[38;2;122;122;122m█[39m                  
                  [38;2;122;122;122m█[38;2;104;104;104m█[38;2;87;87;87m▓[38;2;70;70;70m▓[38;2;53;53;53m▒[39m       [38;2;47;47;47m⢻[38;2;61;61;61m⣿[38;2;64;64;64m⣿[38;2;57;57;57m⣿[38;2;59;59;59m⣿[38;2;71;71;71m⣿[38;2;83;83;83m⣿⣿[38;2;67;67;67m⣶[38;2;41;41;41m⡆[39m       [38;2;24;24;24m⣿[38;2;26;26;26m⣿[38;2;28;28;28m⠟[38;2;30;30;30m⠛[38;2;39;39;39m⢻[38;2;48;48;48m⣿[38;2;53;53;53m⣿[38;2;54;54;54m⣿[38;2;56;56;56m⣿[38;2;62;62;62m⣿[38;2;65;65;65m⣷⣶[38;2;61;61;61m⣶[38;2;58;58;58m⣶[38;2;68;68;68m⣿[38;2;85;85;85m⣿[38;2;104;104;104m⣿[38;2;116;116;116m⣿[38;2;121;121;121m⣿[38;2;117;117;117m⣿[38;2;109;109;109m⣿[38;2;103;103;103m⣿[38;2;104;104;104m⣿[38;2;111;111;111m⣿[38;2;119;119;119m⣿[38;2;129;129;129m⣿[38;2;143;143;143m⣿[38;2;150;150;150m⣿[38;2;145;145;145m⣿[38;2;118;118;118m⣿[38;2;78;78;78m⣿[38;2;40;40;40m⡇[39m              [38;2;31;31;31m⢸[38;2;56;56;56m⣿[38;2;71;71;71m⣿[38;2;72;72;72m⣿[38;2;55;55;55m⣿[38;2;39;39;39m⡄[38;2;41;41;41m⣀[38;2;57;57;57m⣤[38;2;70;70;70m⣤[38;2;71;71;71m⣤[38;2;58;58;58m⣄[38;2;40;40;40m⡀[38;2;30;30;30m⣠[38;2;29;29;29m⣾[38;2;36;36;36m⣿[38;2;54;54;54m⣿[38;2;76;76;76m⣿[38;2;93;93;93m⣿[38;2;102;102;102m⣿⣿[38;2;95;95;95m⣿[38;2;89;89;89m⣿[38;2;81;81;81m⣿[38;2;68;68;68m⣿[38;2;50;50;50m⣿[39m   [38;2;41;41;41m⢀[38;2;54;54;54m⣴[38;2;70;70;70m⣾[38;2;83;83;83m⣿[38;2;90;90;90m⣿[38;2;93;93;93m⣿[38;2;92;92;92m⣿[38;2;89;89;89m⣿[38;2;82;82;82m⣿[38;2;68;68;68m⣿[38;2;49;49;49m⣷[39m   [38;2;40;40;40m⢠[38;2;67;67;67m⣾[38;2;106;106;106m⣿[38;2;123;123;123m⣿[38;2;115;115;115m⣿[38;2;83;83;83m⣿[38;2;48;48;48m⣿[38;2;37;37;37m⣿[38;2;35;35;35m⣿[38;2;39;39;39m⣿[38;2;48;48;48m⣿[38;2;57;57;57m⣿[38;2;68;68;68m⣿[38;2;81;81;81m⣿[38;2;91;91;91m⣿[38;2;96;96;96m⣿[38;2;95;95;95m⣿[38;2;91;91;91m⣿[38;2;88;88;88m⣿[38;2;86;86;86m⣿[38;2;79;79;79m⣿[38;2;65;65;65m⣿[38;2;43;43;43m⣿[38;2;28;28;28m⡆[39m        [38;2;53;53;53m▒[38;2;70;70;70m▓[38;2;87;87;87m▓[38;2;104;104;104m█[38;2;122;122;122m█[39m                  
                  [38;2;122;122;122m█[38;2;104;104;104m█[38;2;87;87;87m▓[38;2;70;70;70m▓[38;2;53;53;53m▒[39m        [38;2;30;30;30m⠘[38;2;36;36;36m⢿[38;2;46;46;46m⣿[38;2;61;61;61m⣿[38;2;77;77;77m⣿[38;2;92;92;92m⣿[38;2;91;91;91m⣿[38;2;74;74;74m⣿[38;2;45;45;45m⣿[39m  [38;2;21;21;21m⠙⠋[39m        [38;2;30;30;30m⠸[38;2;39;39;39m⢿[38;2;50;50;50m⣿[38;2;57;57;57m⣿[38;2;67;67;67m⣿[38;2;73;73;73m⣿[38;2;74;74;74m⣿[38;2;71;71;71m⣿[38;2;65;65;65m⣿[38;2;63;63;63m⣿[38;2;67;67;67m⣿[38;2;81;81;81m⣿[38;2;99;99;99m⣿[38;2;115;115;115m⣿[38;2;121;121;121m⣿[38;2;122;122;122m⣿[38;2;124;124;124m⣿[38;2;133;133;133m⣿[38;2;143;143;143m⣿[38;2;148;148;148m⣿[38;2;150;150;150m⣿[38;2;154;154;154m⣿[38;2;150;150;150m⣿[38;2;133;134;134m⣿[38;2;98;98;98m⣿[38;2;61;61;61m⣿[38;2;41;41;41m⣷[38;2;32;32;32m⣆[39m              [38;2;40;40;40m⢻[38;2;58;58;58m⣿[38;2;67;67;67m⣿[38;2;69;69;69m⣿[38;2;81;81;81m⣿[38;2;110;110;110m⣿[38;2;136;137;137m⣿[38;2;151;151;151m⣿[38;2;140;140;140m⣿[38;2;112;112;112m⣿[38;2;63;63;63m⣿[38;2;34;34;34m⣿[38;2;26;26;26m⡿[38;2;27;27;27m⠟[38;2;31;31;31m⠻[38;2;49;49;49m⢿[38;2;74;74;74m⣿[38;2;94;94;94m⣿[38;2;106;106;106m⣿[38;2;107;107;107m⣿[38;2;103;103;103m⣿[38;2;94;94;94m⣿[38;2;86;86;86m⣿[38;2;80;80;80m⣿[38;2;76;76;76m⣿[38;2;74;74;74m⣿[38;2;75;75;75m⣿[38;2;78;78;78m⣿[38;2;82;82;82m⣿[38;2;86;86;86m⣿[38;2;89;89;89m⣿[38;2;87;87;87m⣿[38;2;75;75;75m⣿[38;2;60;60;60m⣿[38;2;52;52;52m⣿[38;2;53;53;53m⣿[38;2;55;55;55m⣿[38;2;50;50;50m⣿[38;2;49;49;49m⣿[38;2;55;55;55m⣿[38;2;60;60;60m⣿[38;2;63;63;63m⣿[38;2;75;75;75m⣿[38;2;96;96;96m⣿[38;2;102;102;102m⣿[38;2;88;88;88m⣿[38;2;57;57;57m⣿[38;2;35;35;35m⠿[38;2;31;31;31m⠟[38;2;32;32;32m⠻[38;2;37;37;37m⢿[38;2;46;46;46m⣿[38;2;55;55;55m⣿[38;2;67;67;67m⣿[38;2;80;80;80m⣿[38;2;92;92;92m⣿[38;2;99;99;99m⣿⣿[38;2;93;93;93m⣿[38;2;87;87;87m⣿[38;2;86;86;86m⣿[38;2;83;83;83m⣿[38;2;73;73;73m⣿[38;2;54;54;54m⣿[38;2;34;34;34m⣿[39m        [38;2;53;53;53m▒[38;2;70;70;70m▓[38;2;87;87;87m▓[38;2;104;104;104m█[38;2;122;122;122m█[39m                  
                  [38;2;122;122;122m█[38;2;104;104;104m█[38;2;87;87;87m▓[38;2;70;70;70m▓[38;2;53;53;53m▒[39m          [38;2;33;33;33m⠸[38;2;51;51;51m⢿[38;2;70;70;70m⣿[38;2;86;86;86m⣿⣿[38;2;70;70;70m⡿[38;2;42;42;42m⠇[39m              [38;2;35;35;35m⠈[38;2;47;47;47m⠻[38;2;59;59;59m⣿[38;2;69;69;69m⣿[38;2;71;71;71m⣿[38;2;68;68;68m⣿[38;2;63;63;63m⣿[38;2;56;56;56m⣿[38;2;52;52;52m⣿[38;2;54;54;54m⣿[38;2;66;66;66m⣿[38;2;85;85;85m⣿[38;2;101;101;101m⣿[38;2;112;112;112m⣿[38;2;121;121;121m⣿[38;2;131;131;131m⣿[38;2;142;142;142m⣿[38;2;146;146;146m⣿[38;2;145;145;145m⣿[38;2;139;139;139m⣿[38;2;123;123;123m⣿[38;2;96;96;96m⣿[38;2;63;63;63m⣿[38;2;44;44;44m⣿[38;2;39;39;39m⣿[38;2;35;35;35m⣿[38;2;31;31;31m⣿[38;2;27;27;27m⣶[39m             [38;2;43;43;43m⣿[38;2;57;57;57m⣿[38;2;70;70;70m⣿[38;2;90;90;90m⣿[38;2;122;122;122m⣿[38;2;148;148;148m⣿[38;2;161;161;161m⣿[38;2;147;147;147m⣿[38;2;116;116;116m⣿[38;2;64;64;64m⣿[38;2;33;33;33m⠇[39m    [38;2;43;43;43m⠘[38;2;68;68;68m⢿[38;2;89;89;89m⣿[38;2;99;99;99m⣿[38;2;98;98;98m⣿[38;2;90;90;90m⣿[38;2;85;85;85m⣿[38;2;83;83;83m⣿[38;2;82;82;82m⣿[38;2;79;79;79m⣿[38;2;80;80;80m⣿[38;2;81;81;81m⣿[38;2;82;82;82m⣿⣿[38;2;75;75;75m⣿[38;2;63;63;63m⡿[38;2;43;43;43m⠏[39m  [38;2;36;36;36m⠘[38;2;42;42;42m⠿[38;2;45;45;45m⣿[38;2;49;49;49m⣿[38;2;56;56;56m⣿[38;2;62;62;62m⣿[38;2;63;63;63m⣿[38;2;66;66;66m⣿[38;2;68;68;68m⣿[38;2;62;62;62m⡿[38;2;44;44;44m⠏[39m       [38;2;42;42;42m⠈[38;2;53;53;53m⠻[38;2;64;64;64m⢿[38;2;72;72;72m⣿[38;2;73;73;73m⣿[38;2;70;70;70m⣿[38;2;67;67;67m⣿[38;2;70;70;70m⣿[38;2;74;74;74m⣿[38;2;70;70;70m⣿[38;2;54;54;54m⣿[38;2;35;35;35m⣿[39m        [38;2;53;53;53m▒[38;2;70;70;70m▓[38;2;87;87;87m▓[38;2;104;104;104m█[38;2;122;122;122m█[39m                  
                  [38;2;122;122;122m█[38;2;104;104;104m█[38;2;87;87;87m▓[38;2;70;70;70m▓[38;2;53;53;53m▒[39m             [38;2;35;35;35m⠉[39m                      [38;2;34;34;34m⠉[39m     [38;2;33;33;33m⠈[38;2;42;42;42m⠙[38;2;55;55;55m⠿[38;2;71;71;71m⢿[38;2;86;86;86m⣿[38;2;95;95;95m⣿[38;2;93;93;93m⣿[38;2;83;83;83m⣿[38;2;64;64;64m⠿[38;2;47;47;47m⠟[39m  [38;2;30;30;30m⠈[38;2;32;32;32m⠻[38;2;33;33;33m⢿[38;2;31;31;31m⣿[38;2;28;28;28m⣿[38;2;24;24;24m⣷[38;2;23;23;23m⣀[38;2;25;25;25m⣠[38;2;29;29;29m⣶[38;2;30;30;30m⣶[38;2;28;28;28m⣦[38;2;24;24;24m⡄[39m      [38;2;27;27;27m⠘[38;2;36;36;36m⢿[38;2;55;55;55m⣿[38;2;82;82;82m⣿[38;2;116;116;116m⣿[38;2;138;138;138m⣿[38;2;147;147;147m⣿[38;2;130;130;130m⣿[38;2;98;98;98m⣿[38;2;47;47;47m⠇[39m        [38;2;50;50;50m⠻[38;2;61;61;61m⠿[38;2;67;67;67m⢿[38;2;72;72;72m⣿[38;2;74;74;74m⣿⣿[38;2;73;73;73m⣿[38;2;71;71;71m⣿[38;2;67;67;67m⣿[38;2;58;58;58m⠿[38;2;46;46;46m⠟[39m        [38;2;36;36;36m⠈[38;2;46;46;46m⠻[38;2;50;50;50m⠿[38;2;48;48;48m⠿[38;2;39;39;39m⠟[39m             [38;2;35;35;35m⠹[38;2;41;41;41m⢿[38;2;45;45;45m⣿[38;2;49;49;49m⣿[38;2;54;54;54m⣿[38;2;57;57;57m⣿[38;2;54;54;54m⣿[38;2;41;41;41m⣿[38;2;29;29;29m⠇[39m        [38;2;53;53;53m▒[38;2;70;70;70m▓[38;2;87;87;87m▓[38;2;104;104;104m█[38;2;122;122;122m█[39m                  
                  [38;2;122;122;122m█[38;2;104;104;104m█[38;2;87;87;87m▓[38;2;70;70;70m▓[38;2;53;53;53m▒[39m                                                            [38;2;22;22;22m⠘[38;2;25;25;25m⢻[38;2;29;29;29m⣿[38;2;30;30;30m⣿[38;2;29;29;29m⣿[38;2;25;25;25m⣿[39m        [38;2;30;30;30m⠈[38;2;40;40;40m⠻[38;2;53;53;53m⠿[38;2;62;62;62m⠿[38;2;59;59;59m⠿[38;2;47;47;47m⠏[39m                                                 [38;2;30;30;30m⠘[38;2;38;38;38m⠻[38;2;45;45;45m⢿[38;2;46;46;46m⡿[38;2;39;39;39m⠿[38;2;29;29;29m⠃[39m         [38;2;53;53;53m▒[38;2;70;70;70m▓[38;2;87;87;87m▓[38;2;104;104;104m█[38;2;122;122;122m█[39m                  
                  [38;2;122;122;122m█[38;2;104;104;104m█[38;2;87;87;87m▓[38;2;70;70;70m▓[38;2;53;53;53m▒[39m                                                                [38;2;26;26;26m⠉[39m                                                                               [38;2;53;53;53m▒[38;2;70;70;70m▓[38;2;87;87;87m▓[38;2;104;104;104m█[38;2;122;122;122m█[39m                  
                  [38;2;122;122;122m█[38;2;104;104;104m█[38;2;87;87;87m▓[38;2;70;70;70m▓[38;2;53;53;53m▒[39m                                                                                                                                                [38;2;53;53;53m▒[38;2;70;70;70m▓[38;2;87;87;87m▓[38;2;104;104;104m█[38;2;122;122;122m█[39m                  
                  [38;2;122;122;122m█[38;2;104;104;104m█[38;2;87;87;87m▓[38;2;70;70;70m▓[38;2;53;53;53m▒[39m                                                                                                                                                [38;2;53;53;53m▒[38;2;70;70;70m▓[38;2;87;87;87m▓[38;2;104;104;104m█[38;2;122;122;122m█[39m                  
                  [38;2;122;122;122m█[38;2;104;104;104m█[38;2;87;87;87m▓[38;2;70;70;70m▓[38;2;53;53;53m▒[39m                                                                                                                                                [38;2;53;53;53m▒[38;2;70;70;70m▓[38;2;87;87;87m▓[38;2;104;104;104m█[38;2;122;122;122m█[39m                  
                  [38;2;122;122;122m█[38;2;104;104;104m█[38;2;87;87;87m▓[38;2;70;70;70m▓[38;2;53;53;53m▒[39m                                                                                                                                                [38;2;53;53;53m▒[38;2;70;70;70m▓[38;2;87;87;87m▓[38;2;104;104;104m█[38;2;122;122;122m█[39m                  
                  [38;2;122;122;122m█[38;2;104;104;104m█[38;2;87;87;87m▓[38;2;70;70;70m▓[38;2;53;53;53m▒[39m                                                                                                                 [38;2;21;21;21m⣄[39m                              [38;2;53;53;53m▒[38;2;70;70;70m▓[38;2;87;87;87m▓[38;2;104;104;104m█[38;2;122;122;122m█[39m                  
                  [38;2;122;122;122m█[38;2;104;104;104m█[38;2;87;87;87m▓[38;2;70;70;70m▓[38;2;53;53;53m▒[39m                                                                                                                 [38;2;22;22;22m⣿[39m                              [38;2;53;53;53m▒[38;2;70;70;70m▓[38;2;87;87;87m▓[38;2;104;104;104m█[38;2;122;122;122m█[39m                  
                  [38;2;122;122;122m█[38;2;104;104;104m█[38;2;87;87;87m▓[38;2;70;70;70m▓[38;2;53;53;53m▒[39m                                                                                                                 [38;2;22;22;22m⢹[39m                              [38;2;53;53;53m▒[38;2;70;70;70m▓[38;2;87;87;87m▓[38;2;104;104;104m█[38;2;122;122;122m█[39m                  
                  [38;2;122;122;122m█[38;2;104;104;104m█[38;2;87;87;87m▓[38;2;70;70;70m▓[38;2;53;53;53m▒[39m                                                                                                                                                [38;2;53;53;53m▒[38;2;70;70;70m▓[38;2;87;87;87m▓[38;2;104;104;104m█[38;2;122;122;122m█[39m                  
                  [38;2;122;122;122m█[38;2;104;104;104m█[38;2;87;87;87m▓[38;2;70;70;70m▓[38;2;53;53;53m▒[39m                                                                                                                                                [38;2;53;53;53m▒[38;2;70;70;70m▓[38;2;87;87;87m▓[38;2;104;104;104m█[38;2;122;122;122m█[39m                  
                  [38;2;122;122;122m█[38;2;104;104;104m█[38;2;87;87;87m▓[38;2;70;70;70m▓[38;2;53;53;53m▒[39m                                                                                                                                   [38;2;22;22;22m⢸[38;2;23;23;23m⣷[39m           [38;2;53;53;53m▒[38;2;70;70;70m▓[38;2;87;87;87m▓[38;2;104;104;104m█[38;2;122;122;122m█[39m                  
                  [38;2;122;122;122m█[38;2;104;104;104m█[38;2;87;87;87m▓[38;2;70;70;70m▓[38;2;53;53;53m▒[39m                                                                                                                                    [38;2;23;23;23m⠻[38;2;22;22;22m⣷[39m          [38;2;53;53;53m▒[38;2;70;70;70m▓[38;2;87;87;87m▓[38;2;104;104;104m█[38;2;122;122;122m█[39m                  
                  [38;2;122;122;122m█[38;2;104;104;104m█[38;2;87;87;87m▓[38;2;70;70;70m▓[38;2;53;53;53m▒[39m                                                                                                                                                [38;2;53;53;53m▒[38;2;70;70;70m▓[38;2;87;87;87m▓[38;2;104;104;104m█[38;2;122;122;122m█[39m                  
                  [38;2;122;122;122m█[38;2;104;104;104m█[38;2;87;87;87m▓[38;2;70;70;70m▓[38;2;53;53;53m▒[39m                                                                                                                                                [38;2;53;53;53m▒[38;2;70;70;70m▓[38;2;87;87;87m▓[38;2;104;104;104m█[38;2;122;122;122m█[39m                  
                  [38;2;122;122;122m█[38;2;104;104;104m█[38;2;87;87;87m▓[38;2;70;70;70m▓[38;2;53;53;53m▒[39m      [38;2;21;21;21m⠘⠋[38;2;20;20;20m⠈[39m                            [38;2;22;22;22m⣤⣴[39m                                                                                                         [38;2;53;53;53m▒[38;2;70;70;70m▓[38;2;87;87;87m▓[38;2;104;104;104m█[38;2;122;122;122m█[39m                  
                  [38;2;122;122;122m█[38;2;104;104;104m█[38;2;87;87;87m▓[38;2;70;70;70m▓[38;2;53;53;53m▒[39m                                                                                                                                                [38;2;53;53;53m▒[38;2;70;70;70m▓[38;2;87;87;87m▓[38;2;104;104;104m█[38;2;122;122;122m█[39m                  
                  [38;2;122;122;122m█[38;2;104;104;104m█[38;2;87;87;87m▓[38;2;70;70;70m▓[38;2;53;53;53m▒[39m                                                                                                                                                [38;2;53;53;53m▒[38;2;70;70;70m▓[38;2;87;87;87m▓[38;2;104;104;104m█[38;2;122;122;122m█[39m                  
                  [38;2;122;122;122m█[38;2;104;104;104m█[38;2;87;87;87m▓[38;2;70;70;70m▓[38;2;53;53;53m▒[39m                                                                                                                                                [38;2;53;53;53m▒[38;2;70;70;70m▓[38;2;87;87;87m▓[38;2;104;104;104m█[38;2;122;122;122m█[39m                  
                  [38;2;122;122;122m█[38;2;104;104;104m█[38;2;87;87;87m▓[38;2;70;70;70m▓[38;2;53;53;53m▒[39m                                                                                                                                                [38;2;53;53;53m▒[38;2;70;70;70m▓[38;2;87;87;87m▓[38;2;104;104;104m█[38;2;122;122;122m█[39m                  
                  [38;2;122;122;122m█[38;2;104;104;104m█[38;2;87;87;87m▓[38;2;70;70;70m▓[38;2;53;53;53m▒[39m                                                                                                                                                [38;2;53;53;53m▒[38;2;70;70;70m▓[38;2;87;87;87m▓[38;2;104;104;104m█[38;2;122;122;122m█[39m                  
                  [38;2;122;122;122m█[38;2;104;104;104m█[38;2;87;87;87m▓[38;2;70;70;70m▓[38;2;53;53;53m▒[39m                                                                                                                                                [38;2;53;53;53m▒[38;2;70;70;70m▓[38;2;87;87;87m▓[38;2;104;104;104m█[38;2;122;122;122m█[39m                  
                  [38;2;122;122;122m█[38;2;104;104;104m█[38;2;87;87;87m▓[38;2;79;79;79m▓▓▓▓▓▓▓▓▓▓▓▓▓▓▓▓▓▓▓▓▓▓▓▓▓▓▓▓▓▓▓▓▓▓▓▓▓▓▓▓▓▓▓▓▓▓▓▓▓▓▓▓▓▓▓▓▓▓▓▓▓▓▓▓▓▓▓▓▓▓▓▓▓▓▓▓▓▓▓▓▓▓▓▓▓▓▓▓▓▓▓▓▓▓▓▓▓▓▓▓▓▓▓▓▓▓▓▓▓▓▓▓▓▓▓▓▓▓▓▓▓▓▓▓▓▓▓▓▓▓▓▓▓▓▓▓▓▓▓▓▓▓▓▓▓▓▓▓[38;2;87;87;87m▓[38;2;104;104;104m█[38;2;122;122;122m█[39m                  
                  [38;2;122;122;122m██████████████████████████████████████████████████████████████████████████████████████████████████████████████████████████████████████████████████████████[39m                  
                                                                                                                                                                                              
                                                                                                                                                                                              
