[48;2;10;10;22m                                                                                                                                                                                              
                                                                                                                                                                                              
                  [38;2;255;43;214m[48;2;0;0;0m██████████████████████████████████████████████████████████████████████████████████████████████████████████████████████████████████████████████████████████[39m[48;2;10;10;22m                  
                  [38;2;255;43;214m[48;2;0;0;0m█[38;2;219;36;184m█[38;2;183;30;154m▓[38;2;165;27;139m▓▓▓▓▓▓▓▓▓▓▓▓▓▓▓▓▓▓▓▓▓▓▓▓▓▓▓▓▓▓▓▓▓▓▓▓▓▓▓▓▓▓▓▓▓▓▓▓▓▓▓▓▓▓▓▓▓▓▓▓▓▓▓▓▓▓▓▓▓▓▓▓▓▓▓▓▓▓▓▓▓▓▓▓▓▓▓▓▓▓▓▓▓▓▓▓▓▓▓▓▓▓▓▓▓▓▓▓▓▓▓▓▓▓▓▓▓▓▓▓▓▓▓▓▓▓▓▓▓▓▓▓▓▓▓▓▓▓▓▓▓▓▓▓▓▓▓▓[38;2;183;30;154m▓[38;2;219;36;184m█[38;2;255;43;214m█[39m[48;2;10;10;22m                  
                  [38;2;255;43;214m[48;2;0;0;0m█[38;2;219;36;184m█[38;2;183;30;154m▓[38;2;147;24;124m▓[38;2;112;18;94m▒[38;2;34;3;54m⡟[38;2;35;4;55m⢸⣇[39m                                                                                                                                             [38;2;112;18;94m▒[38;2;147;24;124m▓[38;2;183;30;154m▓[38;2;219;36;184m█[38;2;255;43;214m█[39m[48;2;10;10;22m                  
                  [38;2;255;43;214m[48;2;0;0;0m█[38;2;219;36;184m█[38;2;183;30;154m▓[38;2;147;24;124m▓[38;2;112;18;94m▒[38;2;33;3;53m⣄[38;2;35;4;55m⣿[38;2;36;6;57m⣿⣿[39m                                                                                                                                            [38;2;112;18;94m▒[38;2;147;24;124m▓[38;2;183;30;154m▓[38;2;219;36;184m█[38;2;255;43;214m█[39m[48;2;10;10;22m                  
                  [38;2;255;43;214m[48;2;0;0;0m█[38;2;219;36;184m█[38;2;183;30;154m▓[38;2;147;24;124m▓[38;2;112;18;94m▒[38;2;32;2;52m⠉[38;2;34;3;54m⠘[38;2;37;6;57m⢿[38;2;40;9;60m⣿[38;2;39;8;59m⣿[39m                                                                                                                                           [38;2;112;18;94m▒[38;2;147;24;124m▓[38;2;183;30;154m▓[38;2;219;36;184m█[38;2;255;43;214m█[39m[48;2;10;10;22m                  
                  [38;2;255;43;214m[48;2;0;0;0m█[38;2;219;36;184m█[38;2;183;30;154m▓[38;2;147;24;124m▓[38;2;112;18;94m▒[39m  [38;2;36;6;57m⢸[38;2;41;11;62m⣿[38;2;42;12;64m⣿[38;2;40;9;60m⣷[39m                                                                                                                                          [38;2;112;18;94m▒[38;2;147;24;124m▓[38;2;183;30;154m▓[38;2;219;36;184m█[38;2;255;43;214m█[39m[48;2;10;10;22m                  
                  [38;2;255;43;214m[48;2;0;0;0m█[38;2;219;36;184m█[38;2;183;30;154m▓[38;2;147;24;124m▓[38;2;112;18;94m▒[39m   [38;2;39;8;59m⢹[38;2;42;12;64m⣿[38;2;41;11;63m⣿[38;2;37;6;57m⡇[39m                                                                                                                                         [38;2;112;18;94m▒[38;2;147;24;124m▓[38;2;183;30;154m▓[38;2;219;36;184m█[38;2;255;43;214m█[39m[48;2;10;10;22m                  
                  [38;2;255;43;214m[48;2;0;0;0m█[38;2;219;36;184m█[38;2;183;30;154m▓[38;2;147;24;124m▓[38;2;112;18;94m▒[39m    [38;2;38;7;58m⢻[38;2;40;9;60m⣿[38;2;37;6;57m⣿[39m                                                                                                                                         [38;2;112;18;94m▒[38;2;147;24;124m▓[38;2;183;30;154m▓[38;2;219;36;184m█[38;2;255;43;214m█[39m[48;2;10;10;22m                  
                  [38;2;255;43;214m[48;2;0;0;0m█[38;2;219;36;184m█[38;2;183;30;154m▓[38;2;147;24;124m▓[38;2;112;18;94m▒[39m     [38;2;35;5;56m⠸[38;2;36;6;57m⣿[38;2;35;4;55m⣷[39m                                                                                                                                        [38;2;112;18;94m▒[38;2;147;24;124m▓[38;2;183;30;154m▓[38;2;219;36;184m█[38;2;255;43;214m█[39m[48;2;10;10;22m                  
                  [38;2;255;43;214m[48;2;0;0;0m█[38;2;219;36;184m█[38;2;183;30;154m▓[38;2;147;24;124m▓[38;2;112;18;94m▒[39m      [38;2;34;3;54m⢸⣿[38;2;33;3;53m⡇[39m                                                                                                                                       [38;2;112;18;94m▒[38;2;147;24;124m▓[38;2;183;30;154m▓[38;2;219;36;184m█[38;2;255;43;214m█[39m[48;2;10;10;22m                  
                  [38;2;255;43;214m[48;2;0;0;0m█[38;2;219;36;184m█[38;2;183;30;154m▓[38;2;147;24;124m▓[38;2;112;18;94m▒[39m       [38;2;33;3;53m⠸[39m                                                                                                                                        [38;2;112;18;94m▒[38;2;147;24;124m▓[38;2;183;30;154m▓[38;2;219;36;184m█[38;2;255;43;214m█[39m[48;2;10;10;22m                  
                  [38;2;255;43;214m[48;2;0;0;0m█[38;2;219;36;184m█[38;2;183;30;154m▓[38;2;147;24;124m▓[38;2;112;18;94m▒[39m        [38;2;35;5;56m⢰⡄[39m                                                                                                                                      [38;2;112;18;94m▒[38;2;147;24;124m▓[38;2;183;30;154m▓[38;2;219;36;184m█[38;2;255;43;214m█[39m[48;2;10;10;22m                  
                  [38;2;255;43;214m[48;2;0;0;0m█[38;2;219;36;184m█[38;2;183;30;154m▓[38;2;147;24;124m▓[38;2;112;18;94m▒[39m        [38;2;42;12;63m⣿[38;2;43;13;65m⣿[38;2;39;8;59m⡆[39m                                                                                                                                     [38;2;112;18;94m▒[38;2;147;24;124m▓[38;2;183;30;154m▓[38;2;219;36;184m█[38;2;255;43;214m█[39m[48;2;10;10;22m                  
                  [38;2;255;43;214m[48;2;0;0;0m█[38;2;219;36;184m█[38;2;183;30;154m▓[38;2;147;24;124m▓[38;2;112;18;94m▒[39m       [38;2;36;6;57m⢸[38;2;45;15;70m⣿[38;2;47;16;74m⣿[38;2;43;13;65m⣿[39m                                                                                                                                     [38;2;112;18;94m▒[38;2;147;24;124m▓[38;2;183;30;154m▓[38;2;219;36;184m█[38;2;255;43;214m█[39m[48;2;10;10;22m                  
                  [38;2;255;43;214m[48;2;0;0;0m█[38;2;219;36;184m█[38;2;183;30;154m▓[38;2;147;24;124m▓[38;2;112;18;94m▒[39m        [38;2;45;15;71m⣿[38;2;47;16;74m⣿[38;2;43;13;65m⣿[39m                                                     [38;2;32;1;52m⢰⣷[39m                                                                              [38;2;112;18;94m▒[38;2;147;24;124m▓[38;2;183;30;154m▓[38;2;219;36;184m█[38;2;255;43;214m█[39m[48;2;10;10;22m                  
                  [38;2;255;43;214m[48;2;0;0;0m█[38;2;219;36;184m█[38;2;183;30;154m▓[38;2;147;24;124m▓[38;2;112;18;94m▒[39m        [38;2;42;12;63m⣿[38;2;43;13;65m⣿[38;2;39;8;59m⡇[39m                                                     [38;2;32;1;52m⠘⠟[39m                                                         [38;2;38;7;58m⣴⣶[38;2;35;4;55m⣶[38;2;32;2;52m⡄[39m                 [38;2;112;18;94m▒[38;2;147;24;124m▓[38;2;183;30;154m▓[38;2;219;36;184m█[38;2;255;43;214m█[39m[48;2;10;10;22m                  
                  [38;2;255;43;214m[48;2;0;0;0m█[38;2;219;36;184m█[38;2;183;30;154m▓[38;2;147;24;124m▓[38;2;112;18;94m▒[39m       [38;2;35;5;56m⢸[38;2;40;9;60m⣿⣿[38;2;35;5;56m⡇[39m                                                                                                             [38;2;36;6;57m⢠[38;2;41;11;62m⣾[38;2;43;13;67m⣿[38;2;43;13;66m⣿[38;2;40;10;61m⣿[38;2;35;5;56m⣿[38;2;32;2;52m⠃[39m   [38;2;32;1;52m⠈[38;2;33;3;53m⢿[38;2;34;3;54m⣷[38;2;33;3;53m⡄[39m          [38;2;112;18;94m▒[38;2;147;24;124m▓[38;2;183;30;154m▓[38;2;219;36;184m█[38;2;255;43;214m█[39m[48;2;10;10;22m                  
                  [38;2;255;43;214m[48;2;0;0;0m█[38;2;219;36;184m█[38;2;183;30;154m▓[38;2;147;24;124m▓[38;2;112;18;94m▒[39m        [38;2;37;6;57m⣿[38;2;36;6;57m⣿[39m             [38;2;32;2;52m⢹[38;2;33;3;53m⣿⣧[39m   [38;2;40;9;60m⢠[38;2;46;16;72m⣴[38;2;51;23;83m⣶[38;2;54;28;88m⣶[38;2;52;25;85m⣶[38;2;48;18;77m⣶[38;2;43;13;67m⣦[38;2;39;8;59m⣄[39m  [38;2;40;9;60m⢀[38;2;43;13;67m⣤[38;2;45;15;71m⣴[38;2;45;15;70m⣶[38;2;43;13;67m⣶⣶[38;2;44;14;68m⣶[38;2;44;14;69m⣦[38;2;44;14;68m⣤[38;2;43;13;65m⣤[38;2;40;10;61m⣀[39m                                               [38;2;38;7;58m⣠[38;2;40;10;61m⣤[38;2;42;12;63m⣤[38;2;43;13;65m⣶⣶[38;2;41;11;62m⣄[39m                [38;2;35;5;56m⢰[38;2;40;9;60m⣿[38;2;43;13;66m⣿[38;2;44;14;69m⣿[38;2;43;13;65m⣿[38;2;39;8;59m⡿[39m       [38;2;34;3;54m⢿⣿[39m          [38;2;112;18;94m▒[38;2;147;24;124m▓[38;2;183;30;154m▓[38;2;219;36;184m█[38;2;255;43;214m█[39m[48;2;10;10;22m                  
                  [38;2;255;43;214m[48;2;0;0;0m█[38;2;219;36;184m█[38;2;183;30;154m▓[38;2;147;24;124m▓[38;2;112;18;94m▒[39m        [38;2;35;4;55m⣿[38;2;34;3;54m⠇[39m              [38;2;32;2;52m⠸[38;2;34;3;54m⢿[38;2;35;5;56m⣿[38;2;40;9;60m⣷[38;2;51;22;82m⣿[38;2;74;61;122m⣿[38;2;98;97;157m⣿[38;2;109;115;174m⣿[38;2;107;110;170m⣿[38;2;96;95;155m⣿[38;2;84;77;137m⣿[38;2;72;57;118m⣿[38;2;59;37;97m⣿[38;2;51;22;82m⣿[38;2;51;23;83m⣿[38;2;59;38;98m⣿[38;2;70;55;115m⣿[38;2;68;52;112m⣿[38;2;59;37;97m⣿[38;2;54;28;88m⣿[38;2;52;24;84m⣿[38;2;52;25;85m⣿[38;2;55;29;89m⣿[38;2;56;33;93m⣿[38;2;58;36;96m⣿[38;2;59;37;97m⣿[38;2;57;34;94m⣿[38;2;52;24;84m⣿[38;2;44;14;69m⣦[39m            [38;2;33;3;53m⢀⡀[39m        [38;2;39;8;59m⢀[38;2;42;12;64m⣠[38;2;43;13;67m⣴[38;2;46;16;72m⣶[38;2;48;17;75m⣶[38;2;48;18;77m⣶⣶⣶[38;2;50;20;80m⣶[38;2;52;24;84m⣶[38;2;52;25;85m⣦[38;2;50;20;80m⣤[38;2;46;16;73m⣤[38;2;43;13;66m⣤[38;2;40;10;61m⣤[38;2;37;6;57m⡀[39m    [38;2;34;3;54m⣰[38;2;37;6;57m⣿[38;2;41;11;63m⣿[38;2;45;15;71m⣿[38;2;48;18;77m⣿[38;2;53;27;87m⣿[38;2;59;37;97m⣿[38;2;59;39;99m⣿[38;2;55;30;90m⣿[38;2;46;16;73m⣦[39m    [38;2;41;11;63m⣠[38;2;43;13;67m⣤⣤[38;2;42;12;64m⣤[38;2;39;8;59m⡀[39m    [38;2;34;3;54m⣸[38;2;36;6;57m⣿[38;2;39;8;59m⣿[38;2;40;10;61m⡿[38;2;40;9;60m⠟[39m          [38;2;34;3;54m⢻[39m          [38;2;112;18;94m▒[38;2;147;24;124m▓[38;2;183;30;154m▓[38;2;219;36;184m█[38;2;255;43;214m█[39m[48;2;10;10;22m                  
                  [38;2;255;43;214m[48;2;0;0;0m█[38;2;219;36;184m█[38;2;183;30;154m▓[38;2;147;24;124m▓[38;2;112;18;94m▒[39m       [38;2;33;3;53m⠸⣿[39m                 [38;2;39;8;59m⢹[38;2;55;30;90m⣿[38;2;96;95;155m⣿[38;2;123;135;195m⣿[38;2;132;149;209m⣿[38;2;124;136;196m⣿[38;2;110;116;175m⣿[38;2;98;97;157m⣿[38;2;89;84;144m⣿[38;2;86;79;139m⣿[38;2;85;78;138m⣿[38;2;80;71;131m⣿[38;2;76;64;124m⣿[38;2;75;63;123m⣿[38;2;76;65;125m⣿[38;2;70;55;116m⣿[38;2;59;37;97m⣿[38;2;53;27;87m⣿[38;2;51;22;82m⣿[38;2;51;23;83m⣿[38;2;54;28;88m⣿[38;2;56;32;92m⣿[38;2;58;36;96m⣿[38;2;61;42;102m⣿[38;2;68;52;112m⣿[38;2;74;60;121m⣿[38;2;71;56;117m⣿[38;2;59;39;99m⣿[38;2;55;30;90m⣶[38;2;56;33;93m⣶[38;2;57;35;95m⣾[38;2;53;27;87m⣿[38;2;45;15;70m⣿[38;2;38;7;58m⣿[38;2;35;4;55m⣷[38;2;32;2;52m⣆[39m  [38;2;32;2;52m⢸[38;2;33;3;53m⣿[38;2;34;3;54m⣿⣿[38;2;35;5;56m⣿[38;2;38;7;58m⣶[38;2;39;8;59m⣶[38;2;41;11;63m⣄[38;2;50;20;80m⢠[38;2;63;44;104m⣴[38;2;71;57;117m⣾[38;2;66;48;108m⣿[38;2;55;30;90m⣿[38;2;51;21;81m⣿[38;2;50;20;80m⣿[38;2;51;23;83m⣿[38;2;56;31;91m⣿[38;2;61;41;101m⣿[38;2;76;65;125m⣿[38;2;101;100;160m⣿[38;2;119;129;189m⣿[38;2;123;135;195m⣿[38;2;110;116;175m⣿[38;2;90;85;145m⣿[38;2;75;62;123m⣿[38;2;68;52;112m⣿[38;2;59;39;99m⣿[38;2;54;29;89m⣷[38;2;47;16;73m⣶[38;2;39;8;59m⣶[38;2;35;4;55m⣾[38;2;34;3;54m⡿[38;2;37;6;57m⠿[38;2;40;10;61m⣿[38;2;44;14;68m⣿[38;2;48;17;75m⣿[38;2;53;26;86m⣿[38;2;59;38;98m⣿[38;2;62;43;103m⣿[38;2;59;38;98m⣿[38;2;54;28;88m⣿[38;2;51;22;82m⣿[38;2;54;28;88m⣿[38;2;66;49;109m⣿[38;2;83;75;135m⣿[38;2;94;91;151m⣿⣿[38;2;87;80;140m⣿[38;2;78;68;128m⣿[38;2;70;55;115m⣿[38;2;59;37;97m⣿[38;2;50;20;80m⣷[38;2;41;11;63m⣶[38;2;36;6;57m⣿[38;2;34;3;54m⡟⠁[39m             [38;2;33;3;53m⢸⣧[39m         [38;2;112;18;94m▒[38;2;147;24;124m▓[38;2;183;30;154m▓[38;2;219;36;184m█[38;2;255;43;214m█[39m[48;2;10;10;22m                  
                  [38;2;255;43;214m[48;2;0;0;0m█[38;2;219;36;184m█[38;2;183;30;154m▓[38;2;147;24;124m▓[38;2;112;18;94m▒[39m        [38;2;40;10;61m⣤[39m                 [38;2;42;12;64m⢸[38;2;76;65;125m⣿[38;2;128;142;202m⣿[38;2;150;170;226m⣿[38;2;144;164;223m⣿[38;2;115;123;183m⣿[38;2;94;92;152m⣿[38;2;80;71;131m⣿[38;2;74;60;121m⣿[38;2;79;69;129m⣿[38;2;91;87;147m⣿[38;2;101;101;161m⣿[38;2;102;103;163m⣿[38;2;93;90;150m⣿[38;2;77;66;126m⣿[38;2;59;38;98m⡿[38;2;50;20;80m⠋[39m     [38;2;51;21;81m⠙[38;2;56;31;91m⢿[38;2;64;46;106m⣿[38;2;81;73;133m⣿[38;2;92;89;149m⣿[38;2;89;83;143m⣿[38;2;78;68;128m⣿[38;2;71;57;117m⣿[38;2;68;52;112m⣿[38;2;57;35;95m⣿[38;2;47;16;74m⣿[38;2;39;8;59m⣿[38;2;35;4;55m⠏[39m       [38;2;35;5;56m⠻[38;2;40;9;60m⣿[38;2;43;13;67m⣿[38;2;56;32;92m⣿[38;2;93;90;150m⣿[38;2;116;125;185m⣿[38;2;114;121;181m⣿[38;2;89;83;143m⣿[38;2;56;33;93m⣿[38;2;50;20;80m⣿[38;2;49;19;78m⣿[38;2;51;21;81m⣿[38;2;55;30;90m⣿[38;2;63;44;104m⣿[38;2;84;77;137m⣿[38;2;117;126;186m⣿[38;2;141;160;220m⣿[38;2;148;168;225m⣿[38;2;130;146;206m⣿[38;2;106;109;169m⣿[38;2;86;80;140m⣿[38;2;76;65;125m⣿[38;2;73;60;120m⣿[38;2;72;58;118m⣿[38;2;62;43;103m⣿[38;2;51;23;83m⣿[38;2;40;10;61m⣷[39m     [38;2;44;14;69m⠈[38;2;51;23;83m⠻[38;2;56;32;92m⢿[38;2;56;33;93m⣿[38;2;59;37;97m⣿[38;2;80;70;130m⣿[38;2;105;107;167m⣿[38;2;121;132;192m⣿[38;2;125;137;197m⣿[38;2;118;128;188m⣿[38;2;106;110;170m⣿[38;2;93;90;150m⣿[38;2;83;76;136m⣿[38;2;82;74;134m⣿⣿[38;2;74;61;122m⣿[38;2;57;34;94m⣿[38;2;43;13;67m⣿[39m               [38;2;33;3;53m⢸⡟[39m         [38;2;112;18;94m▒[38;2;147;24;124m▓[38;2;183;30;154m▓[38;2;219;36;184m█[38;2;255;43;214m█[39m[48;2;10;10;22m                  
                  [38;2;255;43;214m[48;2;0;0;0m█[38;2;219;36;184m█[38;2;183;30;154m▓[38;2;147;24;124m▓[38;2;112;18;94m▒[39m       [38;2;56;31;91m⣼[38;2;61;41;101m⣿[38;2;56;33;93m⣷[38;2;40;10;61m⡆[39m               [38;2;43;13;67m⢸[38;2;84;76;136m⣿[38;2;133;150;210m⣿[38;2;141;161;221m⣿[38;2;120;130;190m⣿[38;2;59;39;99m⡿[39m   [38;2;50;20;80m⠹[38;2;71;56;117m⣿[38;2;97;96;156m⣿[38;2;108;112;172m⣿[38;2;98;97;157m⣿[38;2;71;57;117m⣿[38;2;48;17;76m⣇[39m        [38;2;46;16;72m⠸[38;2;71;56;116m⣿[38;2;101;101;161m⣿[38;2;106;109;169m⣿[38;2;96;94;154m⣿[38;2;77;66;126m⣿[38;2;67;50;110m⣿[38;2;55;30;90m⣿[38;2;43;13;67m⡿[38;2;35;5;56m⠃[39m         [38;2;39;8;59m⠸[38;2;47;16;73m⣿[38;2;72;58;119m⣿[38;2;113;120;179m⣿[38;2;132;148;208m⣿[38;2;122;133;193m⣿[38;2;85;78;138m⣿[38;2;50;20;79m⡟[39m   [38;2;41;11;63m⠈[38;2;50;20;80m⢻[38;2;70;55;115m⣿[38;2;110;115;174m⣿[38;2;138;156;217m⣿[38;2;149;169;226m⣿[38;2;133;150;210m⣿[38;2;107;111;171m⣿[38;2;82;74;134m⣿[38;2;70;55;115m⣿[38;2;70;55;116m⣿[38;2;79;69;129m⣿[38;2;78;67;127m⣿[38;2;64;45;105m⣿[38;2;47;16;74m⣿[39m        [38;2;45;15;71m⢸[38;2;72;57;118m⣿[38;2;116;125;185m⣿[38;2;141;160;220m⣿[38;2;148;168;225m⣿[38;2;133;150;210m⣿[38;2;116;124;184m⣿[38;2;99;98;158m⣿[38;2;82;75;135m⣿[38;2;75;62;122m⣿[38;2;78;68;128m⣿[38;2;92;88;148m⣿[38;2;96;94;154m⣿[38;2;82;74;134m⣿[38;2;56;31;91m⣿[38;2;38;7;58m⡇[39m              [38;2;32;2;52m⠘[39m          [38;2;112;18;94m▒[38;2;147;24;124m▓[38;2;183;30;154m▓[38;2;219;36;184m█[38;2;255;43;214m█[39m[48;2;10;10;22m                  
                  [38;2;255;43;214m[48;2;0;0;0m█[38;2;219;36;184m█[38;2;183;30;154m▓[38;2;147;24;124m▓[38;2;112;18;94m▒[39m      [38;2;42;12;64m⢸[38;2;66;49;109m⣿[38;2;79;69;129m⣿[38;2;72;58;119m⣿[38;2;48;18;76m⣷[39m               [38;2;43;13;66m⣼[38;2;71;57;117m⣿[38;2;108;112;172m⣿[38;2;109;115;174m⣿[38;2;84;77;137m⣿[38;2;44;14;69m⡇[39m    [38;2;48;17;75m⢹[38;2;70;56;116m⣿[38;2;94;92;152m⣿[38;2;101;101;161m⣿[38;2;90;84;144m⣿[38;2;66;48;108m⣿[38;2;49;19;78m⣧[39m        [38;2;59;38;98m⣾[38;2;98;97;157m⣿[38;2;106;110;170m⣿[38;2;92;89;149m⣿[38;2;57;34;94m⣿[38;2;46;16;72m⡿[39m             [38;2;44;14;68m⣿[38;2;73;59;120m⣿[38;2;109;113;173m⣿[38;2;118;127;187m⣿[38;2;97;96;156m⣿[38;2;56;32;92m⡟[39m      [38;2;43;13;66m⠸[38;2;60;40;100m⢿[38;2;88;82;142m⣿[38;2;105;107;167m⣿[38;2;103;104;164m⣿[38;2;83;76;136m⣿[38;2;58;35;95m⣿[39m [38;2;48;17;75m⠸[38;2;64;45;105m⣿[38;2;77;66;126m⣿[38;2;71;57;117m⣿[38;2;51;21;81m⣿[39m       [38;2;40;9;60m⢠[38;2;54;28;88m⣾[38;2;88;82;142m⣿[38;2;126;138;198m⣿[38;2;141;160;221m⣿[38;2;134;151;211m⣿[38;2;105;108;168m⣿[38;2;69;53;113m⡿[38;2;49;19;78m⠏[39m  [38;2;50;20;79m⢸[38;2;82;74;134m⣿[38;2;106;108;168m⣿[38;2;102;102;162m⣿[38;2;71;57;118m⣿[38;2;44;14;68m⣿[39m            [38;2;37;6;57m⣀[39m            [38;2;112;18;94m▒[38;2;147;24;124m▓[38;2;183;30;154m▓[38;2;219;36;184m█[38;2;255;43;214m█[39m[48;2;10;10;22m                  
                  [38;2;255;43;214m[48;2;0;0;0m█[38;2;219;36;184m█[38;2;183;30;154m▓[38;2;147;24;124m▓[38;2;112;18;94m▒[39m      [38;2;41;11;63m⢸[38;2;62;42;102m⣿[38;2;77;66;126m⣿[38;2;73;59;120m⣿[38;2;52;24;84m⣿[38;2;41;11;62m⣇[39m            [38;2;33;3;53m⢠[38;2;35;5;56m⣾[38;2;40;10;61m⣿[38;2;50;20;80m⣿[38;2;64;45;105m⣿[38;2;67;50;110m⣿[38;2;58;36;96m⣿[38;2;46;16;72m⣷[38;2;40;9;60m⡄[39m    [38;2;48;17;76m⢸[38;2;66;48;108m⣿[38;2;86;79;139m⣿[38;2;96;94;154m⣿[38;2;92;88;148m⣿[38;2;78;68;128m⣿[38;2;59;37;97m⣷[38;2;48;17;75m⣦[39m    [38;2;45;15;71m⢠[38;2;62;42;102m⣴[38;2;96;94;154m⣿[38;2;115;124;184m⣿[38;2;109;113;173m⣿[38;2;80;71;131m⣿[38;2;48;17;75m⣿[39m              [38;2;42;12;63m⢹[38;2;60;40;100m⣿[38;2;78;68;128m⣿[38;2;75;63;123m⣿[38;2;54;28;88m⡿[39m        [38;2;42;12;63m⢸[38;2;52;25;85m⣿[38;2;70;55;115m⣿[38;2;83;75;135m⣿[38;2;82;74;134m⣿[38;2;68;52;112m⣿[38;2;52;25;85m⣷[38;2;45;15;71m⡄[38;2;54;28;88m⣿[38;2;62;42;102m⣿[38;2;60;40;100m⣿[38;2;48;18;76m⣿[39m      [38;2;45;15;71m⢰[38;2;56;32;92m⣾[38;2;72;58;119m⣿[38;2;94;92;152m⣿[38;2;114;121;181m⣿[38;2;114;122;182m⣿[38;2;94;92;152m⣿[38;2;56;33;93m⡿[39m    [38;2;45;15;70m⢸[38;2;83;76;136m⣿[38;2;112;118;177m⣿[38;2;110;116;175m⣿[38;2;80;70;130m⣿[38;2;48;18;77m⣿[38;2;41;11;62m⣿[38;2;38;7;58m⣶[38;2;39;8;59m⣶[38;2;41;11;63m⣶[38;2;44;14;68m⣶[38;2;48;17;75m⣶[38;2;51;23;83m⣶[38;2;56;31;91m⣶[38;2;57;35;95m⣾[38;2;58;36;96m⣿[38;2;59;37;97m⣿⣿[38;2;58;35;95m⣿[38;2;53;26;86m⣿[38;2;45;15;70m⣷[38;2;36;6;57m⡄[39m         [38;2;112;18;94m▒[38;2;147;24;124m▓[38;2;183;30;154m▓[38;2;219;36;184m█[38;2;255;43;214m█[39m[48;2;10;10;22m                  
                  [38;2;255;43;214m[48;2;0;0;0m█[38;2;219;36;184m█[38;2;183;30;154m▓[38;2;147;24;124m▓[38;2;112;18;94m▒[39m       [38;2;46;16;72m⢻[38;2;53;26;86m⣿[38;2;54;29;89m⣿[38;2;51;22;82m⣿[38;2;52;24;84m⣿[38;2;58;36;96m⣿[38;2;68;53;113m⣿[38;2;68;52;112m⣿[38;2;56;32;92m⣶[38;2;43;13;66m⡆[39m       [38;2;34;3;54m⣿[38;2;35;4;55m⣿[38;2;35;5;56m⠟[38;2;37;6;57m⠛[38;2;42;12;64m⢻[38;2;46;16;73m⣿[38;2;49;19;78m⣿[38;2;50;20;79m⣿[38;2;51;21;81m⣿[38;2;53;27;87m⣿[38;2;55;30;90m⣷⣶[38;2;53;26;86m⣶[38;2;51;23;83m⣶[38;2;56;33;93m⣿[38;2;70;55;115m⣿[38;2;89;83;143m⣿[38;2;101;101;161m⣿[38;2;106;108;168m⣿[38;2;102;102;162m⣿[38;2;94;92;152m⣿[38;2;88;82;142m⣿[38;2;89;83;143m⣿[38;2;96;94;154m⣿[38;2;104;106;166m⣿[38;2;114;122;182m⣿[38;2;128;142;202m⣿[38;2;136;154;214m⣿[38;2;130;145;205m⣿[38;2;103;104;164m⣿[38;2;64;45;105m⣿[38;2;43;13;65m⡇[39m              [38;2;38;7;58m⢸[38;2;51;21;81m⣿[38;2;58;36;96m⣿[38;2;59;37;97m⣿[38;2;50;20;80m⣿[38;2;42;12;64m⡄[38;2;43;13;66m⣀[38;2;51;22;82m⣤[38;2;57;35;95m⣤[38;2;58;36;96m⣤[38;2;51;23;83m⣄[38;2;43;13;65m⡀[38;2;37;6;57m⣠[38;2;36;6;57m⣾[38;2;40;10;61m⣿[38;2;50;20;79m⣿[38;2;62;42;102m⣿[38;2;78;68;128m⣿[38;2;86;80;140m⣿⣿[38;2;80;70;130m⣿[38;2;74;62;122m⣿[38;2;66;49;109m⣿[38;2;56;33;93m⣿[38;2;48;17;75m⣿[39m   [38;2;43;13;66m⢀[38;2;50;20;79m⣴[38;2;58;35;95m⣾[38;2;68;53;113m⣿[38;2;75;63;123m⣿[38;2;78;67;127m⣿[38;2;77;66;126m⣿[38;2;74;61;122m⣿[38;2;67;50;110m⣿[38;2;56;33;93m⣿[38;2;47;16;74m⣷[39m   [38;2;43;13;65m⢠[38;2;56;32;92m⣾[38;2;91;86;146m⣿[38;2;108;113;172m⣿[38;2;100;100;160m⣿[38;2;68;52;112m⣿[38;2;46;16;73m⣿[38;2;41;11;62m⣿[38;2;40;9;60m⣿[38;2;42;12;64m⣿[38;2;46;16;73m⣿[38;2;51;22;82m⣿[38;2;56;33;93m⣿[38;2;66;49;109m⣿[38;2;76;65;125m⣿[38;2;81;72;132m⣿[38;2;80;71;131m⣿[38;2;76;64;124m⣿[38;2;73;59;120m⣿[38;2;71;57;117m⣿[38;2;64;46;106m⣿[38;2;55;30;90m⣿[38;2;44;14;68m⣿[38;2;35;5;56m⡆[39m        [38;2;112;18;94m▒[38;2;147;24;124m▓[38;2;183;30;154m▓[38;2;219;36;184m█[38;2;255;43;214m█[39m[48;2;10;10;22m                  
                  [38;2;255;43;214m[48;2;0;0;0m█[38;2;219;36;184m█[38;2;183;30;154m▓[38;2;147;24;124m▓[38;2;112;18;94m▒[39m        [38;2;37;6;57m⠘[38;2;40;10;61m⢿[38;2;45;15;71m⣿[38;2;53;26;86m⣿[38;2;63;44;104m⣿[38;2;77;66;126m⣿[38;2;76;65;125m⣿[38;2;59;39;99m⣿[38;2;45;15;70m⣿[39m  [38;2;32;1;52m⠙⠋[39m        [38;2;37;6;57m⠸[38;2;42;12;64m⢿[38;2;48;17;75m⣿[38;2;51;22;82m⣿[38;2;56;32;92m⣿[38;2;59;38;98m⣿[38;2;59;39;99m⣿[38;2;58;36;96m⣿[38;2;55;30;90m⣿[38;2;54;28;88m⣿[38;2;56;32;92m⣿[38;2;66;49;109m⣿[38;2;84;76;136m⣿[38;2;100;99;159m⣿[38;2;106;109;169m⣿[38;2;107;111;171m⣿[38;2;109;115;174m⣿[38;2;118;128;188m⣿[38;2;128;142;202m⣿[38;2;133;150;210m⣿[38;2;136;153;213m⣿[38;2;139;158;219m⣿[38;2;136;154;214m⣿[38;2;119;128;188m⣿[38;2;83;75;135m⣿[38;2;53;26;86m⣿[38;2;43;13;66m⣷[38;2;38;7;58m⣆[39m              [38;2;43;13;65m⢻[38;2;51;23;83m⣿[38;2;56;32;92m⣿[38;2;57;34;94m⣿[38;2;66;49;109m⣿[38;2;95;93;153m⣿[38;2;122;132;192m⣿[38;2;137;155;215m⣿[38;2;125;138;198m⣿[38;2;97;95;155m⣿[38;2;54;28;88m⣿[38;2;40;9;60m⣿[38;2;35;4;55m⡿⠟[38;2;38;7;58m⠻[38;2;47;16;74m⢿[38;2;59;39;99m⣿[38;2;79;69;129m⣿[38;2;91;86;146m⣿[38;2;92;89;149m⣿[38;2;88;82;142m⣿[38;2;79;69;129m⣿[38;2;71;57;117m⣿[38;2;66;48;108m⣿[38;2;62;42;102m⣿[38;2;59;39;99m⣿[38;2;60;40;100m⣿[38;2;64;45;105m⣿[38;2;67;50;110m⣿[38;2;71;56;117m⣿[38;2;74;61;121m⣿[38;2;72;58;118m⣿[38;2;61;41;101m⣿[38;2;52;25;85m⣿[38;2;48;18;77m⣿[38;2;49;19;78m⣿[38;2;50;20;80m⣿[38;2;48;17;75m⣿[38;2;47;16;74m⣿[38;2;50;20;80m⣿[38;2;52;25;85m⣿[38;2;54;28;88m⣿[38;2;60;41;101m⣿[38;2;81;73;133m⣿[38;2;87;80;140m⣿[38;2;73;59;120m⣿[38;2;51;22;82m⣿[38;2;40;10;61m⠿[38;2;38;7;58m⠟⠻[38;2;41;11;62m⢿[38;2;45;15;71m⣿[38;2;50;20;80m⣿[38;2;56;32;92m⣿[38;2;65;47;107m⣿[38;2;77;66;126m⣿[38;2;84;76;136m⣿[38;2;83;76;136m⣿[38;2;78;67;127m⣿[38;2;72;58;119m⣿[38;2;71;56;117m⣿[38;2;68;52;112m⣿[38;2;59;38;98m⣿[38;2;49;19;79m⣿[38;2;40;9;60m⣿[39m        [38;2;112;18;94m▒[38;2;147;24;124m▓[38;2;183;30;154m▓[38;2;219;36;184m█[38;2;255;43;214m█[39m[48;2;10;10;22m                  
                  [38;2;255;43;214m[48;2;0;0;0m█[38;2;219;36;184m█[38;2;183;30;154m▓[38;2;147;24;124m▓[38;2;112;18;94m▒[39m          [38;2;39;8;59m⠸[38;2;48;18;76m⢿[38;2;58;35;95m⣿[38;2;71;57;117m⣿[38;2;71;57;118m⣿[38;2;58;35;95m⡿[38;2;43;13;67m⠇[39m              [38;2;40;9;60m⠈[38;2;46;16;72m⠻[38;2;52;24;84m⣿[38;2;57;34;94m⣿[38;2;58;36;96m⣿[38;2;56;33;93m⣿[38;2;54;28;88m⣿[38;2;51;21;81m⣿[38;2;48;18;77m⣿[38;2;49;19;79m⣿[38;2;56;31;91m⣿[38;2;70;55;116m⣿[38;2;85;78;138m⣿[38;2;97;95;155m⣿[38;2;106;108;168m⣿[38;2;116;125;185m⣿[38;2;127;141;201m⣿[38;2;131;146;206m⣿[38;2;130;145;205m⣿[38;2;124;136;196m⣿[38;2;108;113;172m⣿[38;2;81;72;132m⣿[38;2;54;28;88m⣿[38;2;44;14;69m⣿[38;2;42;12;64m⣿[38;2;40;10;61m⣿[38;2;38;7;58m⣿[38;2;35;5;56m⣶[39m             [38;2;44;14;68m⣿[38;2;51;22;82m⣿[38;2;57;35;95m⣿[38;2;75;63;123m⣿[38;2;107;111;171m⣿[38;2;133;150;210m⣿[38;2;149;169;226m⣿[38;2;132;149;209m⣿[38;2;101;101;161m⣿[38;2;55;29;89m⣿[38;2;39;8;59m⠇[39m    [38;2;44;14;68m⠘[38;2;56;33;93m⢿[38;2;74;60;121m⣿[38;2;83;76;136m⣿[38;2;83;75;135m⣿[38;2;75;63;123m⣿[38;2;70;55;115m⣿[38;2;68;52;112m⣿[38;2;67;50;110m⣿[38;2;65;47;107m⣿⣿[38;2;66;49;109m⣿[38;2;67;51;111m⣿[38;2;67;50;110m⣿[38;2;61;41;101m⣿[38;2;54;28;88m⡿[38;2;44;14;68m⠏[39m  [38;2;40;10;61m⠘[38;2;43;13;67m⠿[38;2;45;15;70m⣿[38;2;47;16;74m⣿[38;2;51;21;81m⣿[38;2;53;27;87m⣿[38;2;54;28;88m⣿[38;2;56;31;91m⣿[38;2;56;33;93m⣿[38;2;53;27;87m⡿[38;2;44;14;69m⠏[39m       [38;2;43;13;67m⠈[38;2;49;19;78m⠻[38;2;55;29;89m⢿[38;2;59;37;97m⣿[38;2;59;38;98m⣿[38;2;57;35;95m⣿[38;2;56;32;92m⣿[38;2;58;35;95m⣿[38;2;59;39;99m⣿[38;2;57;35;95m⣿[38;2;49;19;79m⣿[38;2;40;9;60m⣿[39m        [38;2;112;18;94m▒[38;2;147;24;124m▓[38;2;183;30;154m▓[38;2;219;36;184m█[38;2;255;43;214m█[39m[48;2;10;10;22m                  
                  [38;2;255;43;214m[48;2;0;0;0m█[38;2;219;36;184m█[38;2;183;30;154m▓[38;2;147;24;124m▓[38;2;112;18;94m▒[39m             [38;2;40;10;61m⠉[39m                      [38;2;40;9;60m⠉[39m     [38;2;39;8;59m⠈[38;2;43;13;67m⠙[38;2;50;20;80m⠿[38;2;58;36;96m⢿[38;2;71;57;117m⣿[38;2;80;71;131m⣿[38;2;78;68;128m⣿[38;2;68;51;111m⣿[38;2;55;29;89m⠿[38;2;46;16;72m⠟[39m  [38;2;37;6;57m⠈[38;2;39;8;59m⠻⢿[38;2;38;7;58m⣿[38;2;35;5;56m⣿[38;2;34;3;54m⣷[38;2;33;3;53m⣀[38;2;34;3;54m⣠[38;2;36;6;57m⣶[38;2;37;6;57m⣶[38;2;35;5;56m⣦[38;2;33;3;53m⡄[39m      [38;2;35;4;55m⠘[38;2;40;10;61m⢿[38;2;50;20;80m⣿[38;2;67;51;111m⣿[38;2;101;100;160m⣿[38;2;123;135;195m⣿[38;2;132;149;209m⣿[38;2;115;124;184m⣿[38;2;82;75;135m⣿[38;2;46;16;72m⠇[39m        [38;2;48;17;75m⠻[38;2;53;26;86m⠿[38;2;56;32;92m⢿[38;2;59;37;97m⣿[38;2;59;39;99m⣿⣿[38;2;59;38;98m⣿[38;2;58;36;96m⣿[38;2;56;32;92m⣿[38;2;51;23;83m⠿[38;2;45;15;71m⠟[39m        [38;2;40;10;61m⠈[38;2;45;15;71m⠻[38;2;48;17;75m⠿[38;2;46;16;73m⠿[38;2;42;12;64m⠟[39m             [38;2;40;9;60m⠹[38;2;43;13;66m⢿[38;2;45;15;70m⣿[38;2;47;16;74m⣿[38;2;49;19;79m⣿[38;2;51;22;82m⣿[38;2;49;19;79m⣿[38;2;43;13;66m⣿[38;2;36;6;57m⠇[39m        [38;2;112;18;94m▒[38;2;147;24;124m▓[38;2;183;30;154m▓[38;2;219;36;184m█[38;2;255;43;214m█[39m[48;2;10;10;22m                  
                  [38;2;255;43;214m[48;2;0;0;0m█[38;2;219;36;184m█[38;2;183;30;154m▓[38;2;147;24;124m▓[38;2;112;18;94m▒[39m                                                            [38;2;32;2;52m⠘[38;2;34;3;54m⢻[38;2;36;6;57m⣿[38;2;37;6;57m⣿[38;2;36;6;57m⣿[38;2;34;3;54m⣿[39m        [38;2;37;6;57m⠈[38;2;43;13;65m⠻[38;2;49;19;78m⠿[38;2;53;27;87m⠿[38;2;52;24;84m⠿[38;2;46;16;72m⠏[39m                                                 [38;2;37;6;57m⠘[38;2;41;11;63m⠻[38;2;45;15;70m⢿[38;2;45;15;71m⡿[38;2;42;12;64m⠿[38;2;36;6;57m⠃[39m         [38;2;112;18;94m▒[38;2;147;24;124m▓[38;2;183;30;154m▓[38;2;219;36;184m█[38;2;255;43;214m█[39m[48;2;10;10;22m                  
                  [38;2;255;43;214m[48;2;0;0;0m█[38;2;219;36;184m█[38;2;183;30;154m▓[38;2;147;24;124m▓[38;2;112;18;94m▒[39m                                                                [38;2;35;4;55m⠉[39m                                                                               [38;2;112;18;94m▒[38;2;147;24;124m▓[38;2;183;30;154m▓[38;2;219;36;184m█[38;2;255;43;214m█[39m[48;2;10;10;22m                  
                  [38;2;255;43;214m[48;2;0;0;0m█[38;2;219;36;184m█[38;2;183;30;154m▓[38;2;147;24;124m▓[38;2;112;18;94m▒[39m                                                                                                                                                [38;2;112;18;94m▒[38;2;147;24;124m▓[38;2;183;30;154m▓[38;2;219;36;184m█[38;2;255;43;214m█[39m[48;2;10;10;22m                  
                  [38;2;255;43;214m[48;2;0;0;0m█[38;2;219;36;184m█[38;2;183;30;154m▓[38;2;147;24;124m▓[38;2;112;18;94m▒[39m                                                                                                                                                [38;2;112;18;94m▒[38;2;147;24;124m▓[38;2;183;30;154m▓[38;2;219;36;184m█[38;2;255;43;214m█[39m[48;2;10;10;22m                  
                  [38;2;255;43;214m[48;2;0;0;0m█[38;2;219;36;184m█[38;2;183;30;154m▓[38;2;147;24;124m▓[38;2;112;18;94m▒[39m                                                                                                                                                [38;2;112;18;94m▒[38;2;147;24;124m▓[38;2;183;30;154m▓[38;2;219;36;184m█[38;2;255;43;214m█[39m[48;2;10;10;22m                  
                  [38;2;255;43;214m[48;2;0;0;0m█[38;2;219;36;184m█[38;2;183;30;154m▓[38;2;147;24;124m▓[38;2;112;18;94m▒[39m                                                                                                                                                [38;2;112;18;94m▒[38;2;147;24;124m▓[38;2;183;30;154m▓[38;2;219;36;184m█[38;2;255;43;214m█[39m[48;2;10;10;22m                  
                  [38;2;255;43;214m[48;2;0;0;0m█[38;2;219;36;184m█[38;2;183;30;154m▓[38;2;147;24;124m▓[38;2;112;18;94m▒[39m                                                                                                                 [38;2;32;1;52m⣄[39m                              [38;2;112;18;94m▒[38;2;147;24;124m▓[38;2;183;30;154m▓[38;2;219;36;184m█[38;2;255;43;214m█[39m[48;2;10;10;22m                  
                  [38;2;255;43;214m[48;2;0;0;0m█[38;2;219;36;184m█[38;2;183;30;154m▓[38;2;147;24;124m▓[38;2;112;18;94m▒[39m                                                                                                                 [38;2;32;2;52m⣿[39m                              [38;2;112;18;94m▒[38;2;147;24;124m▓[38;2;183;30;154m▓[38;2;219;36;184m█[38;2;255;43;214m█[39m[48;2;10;10;22m                  
                  [38;2;255;43;214m[48;2;0;0;0m█[38;2;219;36;184m█[38;2;183;30;154m▓[38;2;147;24;124m▓[38;2;112;18;94m▒[39m                                                                                                                 [38;2;32;2;52m⢹[39m                              [38;2;112;18;94m▒[38;2;147;24;124m▓[38;2;183;30;154m▓[38;2;219;36;184m█[38;2;255;43;214m█[39m[48;2;10;10;22m                  
                  [38;2;255;43;214m[48;2;0;0;0m█[38;2;219;36;184m█[38;2;183;30;154m▓[38;2;147;24;124m▓[38;2;112;18;94m▒[39m                                                                                                                                                [38;2;112;18;94m▒[38;2;147;24;124m▓[38;2;183;30;154m▓[38;2;219;36;184m█[38;2;255;43;214m█[39m[48;2;10;10;22m                  
                  [38;2;255;43;214m[48;2;0;0;0m█[38;2;219;36;184m█[38;2;183;30;154m▓[38;2;147;24;124m▓[38;2;112;18;94m▒[39m                                                                                                                                                [38;2;112;18;94m▒[38;2;147;24;124m▓[38;2;183;30;154m▓[38;2;219;36;184m█[38;2;255;43;214m█[39m[48;2;10;10;22m                  
                  [38;2;255;43;214m[48;2;0;0;0m█[38;2;219;36;184m█[38;2;183;30;154m▓[38;2;147;24;124m▓[38;2;112;18;94m▒[39m                                                                                                                                   [38;2;32;2;52m⢸[38;2;33;3;53m⣷[39m           [38;2;112;18;94m▒[38;2;147;24;124m▓[38;2;183;30;154m▓[38;2;219;36;184m█[38;2;255;43;214m█[39m[48;2;10;10;22m                  
                  [38;2;255;43;214m[48;2;0;0;0m█[38;2;219;36;184m█[38;2;183;30;154m▓[38;2;147;24;124m▓[38;2;112;18;94m▒[39m                                                                                                                                    [38;2;33;3;53m⠻[38;2;32;2;52m⣷[39m          [38;2;112;18;94m▒[38;2;147;24;124m▓[38;2;183;30;154m▓[38;2;219;36;184m█[38;2;255;43;214m█[39m[48;2;10;10;22m                  
                  [38;2;255;43;214m[48;2;0;0;0m█[38;2;219;36;184m█[38;2;183;30;154m▓[38;2;147;24;124m▓[38;2;112;18;94m▒[39m                                                                                                                                                [38;2;112;18;94m▒[38;2;147;24;124m▓[38;2;183;30;154m▓[38;2;219;36;184m█[38;2;255;43;214m█[39m[48;2;10;10;22m                  
                  [38;2;255;43;214m[48;2;0;0;0m█[38;2;219;36;184m█[38;2;183;30;154m▓[38;2;147;24;124m▓[38;2;112;18;94m▒[39m                                                                                                                                                [38;2;112;18;94m▒[38;2;147;24;124m▓[38;2;183;30;154m▓[38;2;219;36;184m█[38;2;255;43;214m█[39m[48;2;10;10;22m                  
                  [38;2;255;43;214m[48;2;0;0;0m█[38;2;219;36;184m█[38;2;183;30;154m▓[38;2;147;24;124m▓[38;2;112;18;94m▒[39m      [38;2;32;1;52m⠘⠋[38;2;31;0;51m⠈[39m                            [38;2;32;2;52m⣤⣴[39m                                                                                                         [38;2;112;18;94m▒[38;2;147;24;124m▓[38;2;183;30;154m▓[38;2;219;36;184m█[38;2;255;43;214m█[39m[48;2;10;10;22m                  
                  [38;2;255;43;214m[48;2;0;0;0m█[38;2;219;36;184m█[38;2;183;30;154m▓[38;2;147;24;124m▓[38;2;112;18;94m▒[39m                                                                                                                                                [38;2;112;18;94m▒[38;2;147;24;124m▓[38;2;183;30;154m▓[38;2;219;36;184m█[38;2;255;43;214m█[39m[48;2;10;10;22m                  
                  [38;2;255;43;214m[48;2;0;0;0m█[38;2;219;36;184m█[38;2;183;30;154m▓[38;2;147;24;124m▓[38;2;112;18;94m▒[39m                                                                                                                                                [38;2;112;18;94m▒[38;2;147;24;124m▓[38;2;183;30;154m▓[38;2;219;36;184m█[38;2;255;43;214m█[39m[48;2;10;10;22m                  
                  [38;2;255;43;214m[48;2;0;0;0m█[38;2;219;36;184m█[38;2;183;30;154m▓[38;2;147;24;124m▓[38;2;112;18;94m▒[39m                                                                                                                                                [38;2;112;18;94m▒[38;2;147;24;124m▓[38;2;183;30;154m▓[38;2;219;36;184m█[38;2;255;43;214m█[39m[48;2;10;10;22m                  
                  [38;2;255;43;214m[48;2;0;0;0m█[38;2;219;36;184m█[38;2;183;30;154m▓[38;2;147;24;124m▓[38;2;112;18;94m▒[39m                                                                                                                                                [38;2;112;18;94m▒[38;2;147;24;124m▓[38;2;183;30;154m▓[38;2;219;36;184m█[38;2;255;43;214m█[39m[48;2;10;10;22m                  
                  [38;2;255;43;214m[48;2;0;0;0m█[38;2;219;36;184m█[38;2;183;30;154m▓[38;2;147;24;124m▓[38;2;112;18;94m▒[39m                                                                                                                                                [38;2;112;18;94m▒[38;2;147;24;124m▓[38;2;183;30;154m▓[38;2;219;36;184m█[38;2;255;43;214m█[39m[48;2;10;10;22m                  
                  [38;2;255;43;214m[48;2;0;0;0m█[38;2;219;36;184m█[38;2;183;30;154m▓[38;2;147;24;124m▓[38;2;112;18;94m▒[39m                                                                                                                                                [38;2;112;18;94m▒[38;2;147;24;124m▓[38;2;183;30;154m▓[38;2;219;36;184m█[38;2;255;43;214m█[39m[48;2;10;10;22m                  
                  [38;2;255;43;214m[48;2;0;0;0m█[38;2;219;36;184m█[38;2;183;30;154m▓[38;2;165;27;139m▓▓▓▓▓▓▓▓▓▓▓▓▓▓▓▓▓▓▓▓▓▓▓▓▓▓▓▓▓▓▓▓▓▓▓▓▓▓▓▓▓▓▓▓▓▓▓▓▓▓▓▓▓▓▓▓▓▓▓▓▓▓▓▓▓▓▓▓▓▓▓▓▓▓▓▓▓▓▓▓▓▓▓▓▓▓▓▓▓▓▓▓▓▓▓▓▓▓▓▓▓▓▓▓▓▓▓▓▓▓▓▓▓▓▓▓▓▓▓▓▓▓▓▓▓▓▓▓▓▓▓▓▓▓▓▓▓▓▓▓▓▓▓▓▓▓▓▓[38;2;183;30;154m▓[38;2;219;36;184m█[38;2;255;43;214m█[39m[48;2;10;10;22m                  
                  [38;2;255;43;214m[48;2;0;0;0m██████████████████████████████████████████████████████████████████████████████████████████████████████████████████████████████████████████████████████████[39m[48;2;10;10;22m                  
                                                                                                                                                                                              
                                                                                                                                                                                              
