[48;2;28;34;38m                                                                                                                                                                                              
                                                                                                                                                                                              
                  [38;2;168;198;144m[48;2;14;20;16m██████████████████████████████████████████████████████████████████████████████████████████████████████████████████████████████████████████████████████████[39m[48;2;28;34;38m                  
                  [38;2;168;198;144m[48;2;14;20;16m█[38;2;144;170;123m█[38;2;120;142;103m▓[38;2;109;128;93m▓▓▓▓▓▓▓▓▓▓▓▓▓▓▓▓▓▓▓▓▓▓▓▓▓▓▓▓▓▓▓▓▓▓▓▓▓▓▓▓▓▓▓▓▓▓▓▓▓▓▓▓▓▓▓▓▓▓▓▓▓▓▓▓▓▓▓▓▓▓▓▓▓▓▓▓▓▓▓▓▓▓▓▓▓▓▓▓▓▓▓▓▓▓▓▓▓▓▓▓▓▓▓▓▓▓▓▓▓▓▓▓▓▓▓▓▓▓▓▓▓▓▓▓▓▓▓▓▓▓▓▓▓▓▓▓▓▓▓▓▓▓▓▓▓▓▓▓[38;2;120;142;103m▓[38;2;144;170;123m█[38;2;168;198;144m█[39m[48;2;28;34;38m                  
                  [38;2;168;198;144m[48;2;14;20;16m█[38;2;144;170;123m█[38;2;120;142;103m▓[38;2;97;114;83m▓[38;2;73;87;63m▒[38;2;54;28;69m⡟[38;2;55;29;70m⢸⣇[39m                                                                                                                                             [38;2;73;87;63m▒[38;2;97;114;83m▓[38;2;120;142;103m▓[38;2;144;170;123m█[38;2;168;198;144m█[39m[48;2;28;34;38m                  
                  [38;2;168;198;144m[48;2;14;20;16m█[38;2;144;170;123m█[38;2;120;142;103m▓[38;2;97;114;83m▓[38;2;73;87;63m▒[38;2;53;27;68m⣄[38;2;55;29;70m⣿[38;2;57;33;73m⣿⣿[39m                                                                                                                                            [38;2;73;87;63m▒[38;2;97;114;83m▓[38;2;120;142;103m▓[38;2;144;170;123m█[38;2;168;198;144m█[39m[48;2;28;34;38m                  
                  [38;2;168;198;144m[48;2;14;20;16m█[38;2;144;170;123m█[38;2;120;142;103m▓[38;2;97;114;83m▓[38;2;73;87;63m▒[38;2;52;25;65m⠉[38;2;54;28;69m⠘[38;2;57;35;75m⢿[38;2;60;39;79m⣿[38;2;59;38;78m⣿[39m                                                                                                                                           [38;2;73;87;63m▒[38;2;97;114;83m▓[38;2;120;142;103m▓[38;2;144;170;123m█[38;2;168;198;144m█[39m[48;2;28;34;38m                  
                  [38;2;168;198;144m[48;2;14;20;16m█[38;2;144;170;123m█[38;2;120;142;103m▓[38;2;97;114;83m▓[38;2;73;87;63m▒[39m  [38;2;57;33;73m⢸[38;2;62;42;82m⣿[38;2;64;44;84m⣿[38;2;60;39;79m⣷[39m                                                                                                                                          [38;2;73;87;63m▒[38;2;97;114;83m▓[38;2;120;142;103m▓[38;2;144;170;123m█[38;2;168;198;144m█[39m[48;2;28;34;38m                  
                  [38;2;168;198;144m[48;2;14;20;16m█[38;2;144;170;123m█[38;2;120;142;103m▓[38;2;97;114;83m▓[38;2;73;87;63m▒[39m   [38;2;59;37;77m⢹[38;2;64;44;84m⣿[38;2;63;43;83m⣿[38;2;57;34;74m⡇[39m                                                                                                                                         [38;2;73;87;63m▒[38;2;97;114;83m▓[38;2;120;142;103m▓[38;2;144;170;123m█[38;2;168;198;144m█[39m[48;2;28;34;38m                  
                  [38;2;168;198;144m[48;2;14;20;16m█[38;2;144;170;123m█[38;2;120;142;103m▓[38;2;97;114;83m▓[38;2;73;87;63m▒[39m    [38;2;58;36;76m⢻[38;2;60;39;79m⣿[38;2;57;35;75m⣿[39m                                                                                                                                         [38;2;73;87;63m▒[38;2;97;114;83m▓[38;2;120;142;103m▓[38;2;144;170;123m█[38;2;168;198;144m█[39m[48;2;28;34;38m                  
                  [38;2;168;198;144m[48;2;14;20;16m█[38;2;144;170;123m█[38;2;120;142;103m▓[38;2;97;114;83m▓[38;2;73;87;63m▒[39m     [38;2;56;31;71m⠸[38;2;57;33;73m⣿[38;2;55;30;70m⣷[39m                                                                                                                                        [38;2;73;87;63m▒[38;2;97;114;83m▓[38;2;120;142;103m▓[38;2;144;170;123m█[38;2;168;198;144m█[39m[48;2;28;34;38m                  
                  [38;2;168;198;144m[48;2;14;20;16m█[38;2;144;170;123m█[38;2;120;142;103m▓[38;2;97;114;83m▓[38;2;73;87;63m▒[39m      [38;2;54;27;68m⢸[38;2;54;28;69m⣿[38;2;53;26;67m⡇[39m                                                                                                                                       [38;2;73;87;63m▒[38;2;97;114;83m▓[38;2;120;142;103m▓[38;2;144;170;123m█[38;2;168;198;144m█[39m[48;2;28;34;38m                  
                  [38;2;168;198;144m[48;2;14;20;16m█[38;2;144;170;123m█[38;2;120;142;103m▓[38;2;97;114;83m▓[38;2;73;87;63m▒[39m       [38;2;53;26;67m⠸[39m                                                                                                                                        [38;2;73;87;63m▒[38;2;97;114;83m▓[38;2;120;142;103m▓[38;2;144;170;123m█[38;2;168;198;144m█[39m[48;2;28;34;38m                  
                  [38;2;168;198;144m[48;2;14;20;16m█[38;2;144;170;123m█[38;2;120;142;103m▓[38;2;97;114;83m▓[38;2;73;87;63m▒[39m        [38;2;56;31;72m⢰[38;2;56;31;71m⡄[39m                                                                                                                                      [38;2;73;87;63m▒[38;2;97;114;83m▓[38;2;120;142;103m▓[38;2;144;170;123m█[38;2;168;198;144m█[39m[48;2;28;34;38m                  
                  [38;2;168;198;144m[48;2;14;20;16m█[38;2;144;170;123m█[38;2;120;142;103m▓[38;2;97;114;83m▓[38;2;73;87;63m▒[39m        [38;2;63;43;83m⣿[38;2;65;45;85m⣿[38;2;59;38;78m⡆[39m                                                                                                                                     [38;2;73;87;63m▒[38;2;97;114;83m▓[38;2;120;142;103m▓[38;2;144;170;123m█[38;2;168;198;144m█[39m[48;2;28;34;38m                  
                  [38;2;168;198;144m[48;2;14;20;16m█[38;2;144;170;123m█[38;2;120;142;103m▓[38;2;97;114;83m▓[38;2;73;87;63m▒[39m       [38;2;57;34;74m⢸[38;2;70;50;91m⣿[38;2;73;54;94m⣿[38;2;65;45;85m⣿[39m                                                                                                                                     [38;2;73;87;63m▒[38;2;97;114;83m▓[38;2;120;142;103m▓[38;2;144;170;123m█[38;2;168;198;144m█[39m[48;2;28;34;38m                  
                  [38;2;168;198;144m[48;2;14;20;16m█[38;2;144;170;123m█[38;2;120;142;103m▓[38;2;97;114;83m▓[38;2;73;87;63m▒[39m        [38;2;70;51;91m⣿[38;2;74;54;94m⣿[38;2;65;45;85m⣿[39m                                                     [38;2;52;24;64m⢰⣷[39m                                                                              [38;2;73;87;63m▒[38;2;97;114;83m▓[38;2;120;142;103m▓[38;2;144;170;123m█[38;2;168;198;144m█[39m[48;2;28;34;38m                  
                  [38;2;168;198;144m[48;2;14;20;16m█[38;2;144;170;123m█[38;2;120;142;103m▓[38;2;97;114;83m▓[38;2;73;87;63m▒[39m        [38;2;63;43;83m⣿[38;2;65;45;85m⣿[38;2;59;38;78m⡇[39m                                                     [38;2;52;24;64m⠘⠟[39m                                                         [38;2;58;37;77m⣴[38;2;58;36;76m⣶[38;2;55;30;71m⣶[38;2;52;25;66m⡄[39m                 [38;2;73;87;63m▒[38;2;97;114;83m▓[38;2;120;142;103m▓[38;2;144;170;123m█[38;2;168;198;144m█[39m[48;2;28;34;38m                  
                  [38;2;168;198;144m[48;2;14;20;16m█[38;2;144;170;123m█[38;2;120;142;103m▓[38;2;97;114;83m▓[38;2;73;87;63m▒[39m       [38;2;56;31;71m⢸[38;2;60;39;79m⣿⣿[38;2;56;32;72m⡇[39m                                                                                                             [38;2;57;34;74m⢠[38;2;62;42;82m⣾[38;2;67;47;88m⣿[38;2;66;46;87m⣿[38;2;61;40;80m⣿[38;2;56;32;72m⣿[38;2;52;25;66m⠃[39m   [38;2;52;24;64m⠈[38;2;53;27;68m⢿[38;2;54;27;68m⣷[38;2;53;26;67m⡄[39m          [38;2;73;87;63m▒[38;2;97;114;83m▓[38;2;120;142;103m▓[38;2;144;170;123m█[38;2;168;198;144m█[39m[48;2;28;34;38m                  
                  [38;2;168;198;144m[48;2;14;20;16m█[38;2;144;170;123m█[38;2;120;142;103m▓[38;2;97;114;83m▓[38;2;73;87;63m▒[39m        [38;2;57;34;74m⣿⣿[39m             [38;2;52;24;65m⢹[38;2;53;26;67m⣿⣧[39m   [38;2;60;39;79m⢠[38;2;71;52;92m⣴[38;2;87;62;94m⣶[38;2;94;65;88m⣶[38;2;90;63;91m⣶[38;2;77;57;97m⣶[38;2;67;47;88m⣦[38;2;59;38;78m⣄[39m  [38;2;60;39;79m⢀[38;2;67;47;87m⣤[38;2;70;51;91m⣴[38;2;70;50;91m⣶[38;2;67;47;88m⣶⣶[38;2;68;48;89m⣶[38;2;68;49;89m⣦[38;2;68;48;89m⣤[38;2;65;45;85m⣤[38;2;61;41;81m⣀[39m                                               [38;2;58;36;76m⣠[38;2;61;41;81m⣤[38;2;63;43;83m⣤[38;2;65;45;86m⣶⣶[38;2;62;42;82m⣄[39m                [38;2;56;32;72m⢰[38;2;60;40;80m⣿[38;2;66;46;87m⣿[38;2;69;49;90m⣿[38;2;65;45;85m⣿[38;2;59;38;78m⡿[39m       [38;2;54;28;69m⢿[38;2;54;27;68m⣿[39m          [38;2;73;87;63m▒[38;2;97;114;83m▓[38;2;120;142;103m▓[38;2;144;170;123m█[38;2;168;198;144m█[39m[48;2;28;34;38m                  
                  [38;2;168;198;144m[48;2;14;20;16m█[38;2;144;170;123m█[38;2;120;142;103m▓[38;2;97;114;83m▓[38;2;73;87;63m▒[39m        [38;2;55;30;70m⣿[38;2;54;28;69m⠇[39m              [38;2;52;25;66m⠸[38;2;54;27;68m⢿[38;2;56;31;72m⣿[38;2;60;40;80m⣷[38;2;86;62;95m⣿[38;2;119;93;65m⣿[38;2;139;118;41m⣿[38;2;149;129;35m⣿[38;2;147;127;37m⣿[38;2;137;116;43m⣿[38;2;125;104;55m⣿[38;2;117;89;69m⣿[38;2;100;76;80m⣿[38;2;85;61;95m⣿[38;2;88;62;93m⣿[38;2;100;78;80m⣿[38;2;115;87;71m⣿[38;2;113;85;73m⣿[38;2;100;76;80m⣿[38;2;94;65;88m⣿[38;2;89;63;92m⣿[38;2;91;63;91m⣿[38;2;96;66;86m⣿[38;2;99;71;82m⣿[38;2;100;74;80m⣿[38;2;100;77;80m⣿[38;2;100;72;81m⣿[38;2;89;63;92m⣿[38;2;68;49;89m⣦[39m            [38;2;53;26;67m⢀[38;2;53;27;68m⡀[39m        [38;2;59;38;78m⢀[38;2;64;44;84m⣠[38;2;67;47;88m⣴[38;2;71;52;92m⣶[38;2;75;55;95m⣶[38;2;77;57;97m⣶⣶⣶[38;2;82;60;98m⣶[38;2;89;63;92m⣶[38;2;90;63;91m⣦[38;2;81;60;98m⣤[38;2;72;53;93m⣤[38;2;66;46;87m⣤[38;2;61;41;81m⣤[38;2;57;34;74m⡀[39m    [38;2;54;27;68m⣰[38;2;57;35;75m⣿[38;2;63;43;83m⣿[38;2;70;51;91m⣿[38;2;77;57;97m⣿[38;2;93;64;89m⣿[38;2;100;76;80m⣿[38;2;100;79;80m⣿[38;2;97;67;85m⣿[38;2;72;53;93m⣦[39m    [38;2;63;43;83m⣠[38;2;67;47;88m⣤⣤[38;2;64;44;84m⣤[38;2;59;38;78m⡀[39m    [38;2;54;27;68m⣸[38;2;57;33;73m⣿[38;2;59;38;78m⣿[38;2;61;41;81m⡿[38;2;60;40;80m⠟[39m          [38;2;54;27;68m⢻[39m          [38;2;73;87;63m▒[38;2;97;114;83m▓[38;2;120;142;103m▓[38;2;144;170;123m█[38;2;168;198;144m█[39m[48;2;28;34;38m                  
                  [38;2;168;198;144m[48;2;14;20;16m█[38;2;144;170;123m█[38;2;120;142;103m▓[38;2;97;114;83m▓[38;2;73;87;63m▒[39m       [38;2;53;26;67m⠸[38;2;53;27;68m⣿[39m                 [38;2;59;38;78m⢹[38;2;96;67;86m⣿[38;2;137;116;43m⣿[38;2;163;143;31m⣿[38;2;172;152;31m⣿[38;2;164;144;31m⣿[38;2;150;130;35m⣿[38;2;139;118;41m⣿[38;2;130;108;52m⣿[38;2;127;106;54m⣿[38;2;126;105;54m⣿[38;2;121;100;59m⣿[38;2;120;95;63m⣿[38;2;119;94;64m⣿[38;2;120;95;63m⣿[38;2;115;87;71m⣿[38;2;100;76;80m⣿[38;2;93;64;89m⣿[38;2;86;62;94m⣿[38;2;88;62;93m⣿[38;2;94;65;88m⣿[38;2;99;70;83m⣿[38;2;100;75;80m⣿[38;2;103;80;79m⣿[38;2;113;85;73m⣿[38;2;118;92;66m⣿[38;2;116;88;70m⣿[38;2;100;79;80m⣿[38;2;96;67;86m⣶[38;2;99;71;82m⣶[38;2;100;73;81m⣾[38;2;93;64;89m⣿[38;2;70;50;91m⣿[38;2;58;37;77m⣿[38;2;55;29;70m⣷[38;2;52;25;66m⣆[39m  [38;2;52;24;65m⢸[38;2;53;26;67m⣿[38;2;54;27;68m⣿[38;2;54;28;69m⣿[38;2;56;31;71m⣿[38;2;58;36;76m⣶[38;2;59;38;78m⣶[38;2;63;43;83m⣄[38;2;82;60;98m⢠[38;2;105;81;78m⣴[38;2;116;89;69m⣾[38;2;109;83;75m⣿[38;2;96;67;86m⣿[38;2;84;61;96m⣿[38;2;82;60;98m⣿[38;2;88;62;93m⣿[38;2;98;69;84m⣿[38;2;102;80;79m⣿[38;2;120;95;63m⣿[38;2;141;121;39m⣿[38;2;159;139;31m⣿[38;2;163;143;31m⣿[38;2;150;130;35m⣿[38;2;131;109;51m⣿[38;2;119;94;64m⣿[38;2;112;85;73m⣿[38;2;100;79;80m⣿[38;2;95;66;87m⣷[38;2;73;53;93m⣶[38;2;59;38;78m⣶[38;2;55;30;70m⣾[38;2;54;28;69m⡿[38;2;57;34;74m⠿[38;2;61;41;81m⣿[38;2;68;48;89m⣿[38;2;75;55;95m⣿[38;2;92;64;90m⣿[38;2;100;77;80m⣿[38;2;104;81;78m⣿[38;2;100;77;80m⣿[38;2;94;65;88m⣿[38;2;86;62;95m⣿[38;2;95;65;87m⣿[38;2;110;83;75m⣿[38;2;124;103;56m⣿[38;2;135;114;46m⣿⣿[38;2;128;106;53m⣿[38;2;120;98;61m⣿[38;2;115;87;71m⣿[38;2;100;76;80m⣿[38;2;82;60;98m⣷[38;2;63;43;83m⣶[38;2;57;33;73m⣿[38;2;54;28;69m⡟⠁[39m             [38;2;53;26;67m⢸⣧[39m         [38;2;73;87;63m▒[38;2;97;114;83m▓[38;2;120;142;103m▓[38;2;144;170;123m█[38;2;168;198;144m█[39m[48;2;28;34;38m                  
                  [38;2;168;198;144m[48;2;14;20;16m█[38;2;144;170;123m█[38;2;120;142;103m▓[38;2;97;114;83m▓[38;2;73;87;63m▒[39m        [38;2;61;40;80m⣤[39m                 [38;2;64;44;84m⢸[38;2;120;96;63m⣿[38;2;168;148;31m⣿[38;2;186;156;30m⣿[38;2;183;158;30m⣿[38;2;156;135;32m⣿[38;2;135;114;46m⣿[38;2;121;100;59m⣿[38;2;118;92;66m⣿[38;2;120;99;60m⣿[38;2;132;111;49m⣿[38;2;141;121;39m⣿[38;2;142;122;38m⣿[38;2;134;113;47m⣿[38;2;120;97;62m⣿[38;2;100;78;80m⡿[38;2;81;60;98m⠋[39m     [38;2;84;61;97m⠙[38;2;98;68;84m⢿[38;2;107;82;77m⣿[38;2;122;101;58m⣿[38;2;133;112;48m⣿[38;2;130;108;52m⣿[38;2;120;98;61m⣿[38;2;116;89;69m⣿[38;2;112;85;73m⣿[38;2;100;73;81m⣿[38;2;74;54;94m⣿[38;2;59;38;78m⣿[38;2;55;29;70m⠏[39m       [38;2;56;31;72m⠻[38;2;60;39;79m⣿[38;2;67;47;87m⣿[38;2;98;69;83m⣿[38;2;134;113;47m⣿[38;2;157;136;32m⣿[38;2;154;134;33m⣿[38;2;130;108;52m⣿[38;2;99;71;82m⣿[38;2;82;60;98m⣿[38;2;78;58;98m⣿[38;2;83;61;97m⣿[38;2;97;67;85m⣿[38;2;105;81;78m⣿[38;2;125;104;55m⣿[38;2;158;137;31m⣿[38;2;180;159;30m⣿[38;2;185;157;30m⣿[38;2;170;150;31m⣿[38;2;146;126;37m⣿[38;2;127;106;54m⣿[38;2;120;96;63m⣿[38;2;118;91;67m⣿[38;2;117;90;68m⣿[38;2;104;81;78m⣿[38;2;87;62;94m⣿[38;2;61;40;80m⣷[39m     [38;2;69;49;90m⠈[38;2;88;62;93m⠻[38;2;98;69;83m⢿[38;2;99;71;82m⣿[38;2;100;77;80m⣿[38;2;121;100;59m⣿[38;2;145;125;37m⣿[38;2;161;141;31m⣿[38;2;165;145;31m⣿[38;2;159;138;31m⣿[38;2;146;126;37m⣿[38;2;134;113;47m⣿[38;2;124;103;56m⣿[38;2;123;102;57m⣿⣿[38;2;119;93;65m⣿[38;2;100;72;81m⣿[38;2;67;47;88m⣿[39m               [38;2;53;26;67m⢸⡟[39m         [38;2;73;87;63m▒[38;2;97;114;83m▓[38;2;120;142;103m▓[38;2;144;170;123m█[38;2;168;198;144m█[39m[48;2;28;34;38m                  
                  [38;2;168;198;144m[48;2;14;20;16m█[38;2;144;170;123m█[38;2;120;142;103m▓[38;2;97;114;83m▓[38;2;73;87;63m▒[39m       [38;2;98;69;84m⣼[38;2;102;80;79m⣿[38;2;99;71;82m⣷[38;2;61;41;81m⡆[39m               [38;2;67;47;88m⢸[38;2;125;104;55m⣿[38;2;173;153;31m⣿[38;2;180;159;30m⣿[38;2;160;140;31m⣿[38;2;100;79;80m⡿[39m   [38;2;82;60;98m⠹[38;2;116;88;70m⣿[38;2;138;117;42m⣿[38;2;148;128;36m⣿[38;2;139;118;41m⣿[38;2;116;89;69m⣿[38;2;76;56;96m⣇[39m        [38;2;71;52;92m⠸[38;2;116;88;70m⣿[38;2;141;121;39m⣿[38;2;146;126;37m⣿[38;2;137;116;44m⣿[38;2;120;97;62m⣿[38;2;111;84;74m⣿[38;2;97;67;85m⣿[38;2;67;47;88m⡿[38;2;56;32;72m⠃[39m         [38;2;59;37;77m⠸[38;2;73;53;93m⣿[38;2;117;90;68m⣿[38;2;153;133;34m⣿[38;2;172;152;31m⣿[38;2;162;142;31m⣿[38;2;126;105;54m⣿[38;2;81;59;98m⡟[39m   [38;2;63;43;83m⠈[38;2;82;60;98m⢻[38;2;115;87;71m⣿[38;2;150;130;35m⣿[38;2;177;158;31m⣿[38;2;186;156;30m⣿[38;2;173;153;31m⣿[38;2;147;127;37m⣿[38;2;123;102;57m⣿[38;2;115;87;71m⣿⣿[38;2;120;99;60m⣿[38;2;120;97;61m⣿[38;2;106;82;77m⣿[38;2;73;54;94m⣿[39m        [38;2;70;51;91m⢸[38;2;117;89;69m⣿[38;2;157;136;32m⣿[38;2;180;159;30m⣿[38;2;185;157;30m⣿[38;2;173;153;31m⣿[38;2;156;136;32m⣿[38;2;139;119;41m⣿[38;2;123;102;57m⣿[38;2;119;93;65m⣿[38;2;120;98;61m⣿[38;2;133;112;48m⣿[38;2;137;116;44m⣿[38;2;123;102;57m⣿[38;2;98;68;84m⣿[38;2;58;37;77m⡇[39m              [38;2;52;25;66m⠘[39m          [38;2;73;87;63m▒[38;2;97;114;83m▓[38;2;120;142;103m▓[38;2;144;170;123m█[38;2;168;198;144m█[39m[48;2;28;34;38m                  
                  [38;2;168;198;144m[48;2;14;20;16m█[38;2;144;170;123m█[38;2;120;142;103m▓[38;2;97;114;83m▓[38;2;73;87;63m▒[39m      [38;2;64;44;84m⢸[38;2;110;83;75m⣿[38;2;120;99;60m⣿[38;2;117;90;68m⣿[38;2;76;56;96m⣷[39m               [38;2;66;46;87m⣼[38;2;116;89;69m⣿[38;2;148;128;36m⣿[38;2;149;129;35m⣿[38;2;125;104;55m⣿[38;2;69;49;90m⡇[39m    [38;2;75;55;95m⢹[38;2;115;88;70m⣿[38;2;135;114;46m⣿[38;2;141;121;39m⣿[38;2;131;109;51m⣿[38;2;109;83;75m⣿[38;2;79;58;98m⣧[39m        [38;2;100;78;80m⣾[38;2;139;118;41m⣿[38;2;146;126;37m⣿[38;2;133;112;48m⣿[38;2;100;73;81m⣿[38;2;71;52;92m⡿[39m             [38;2;68;48;89m⣿[38;2;118;91;67m⣿[38;2;149;129;36m⣿[38;2;158;138;31m⣿[38;2;138;117;42m⣿[38;2;99;70;83m⡟[39m      [38;2;66;46;87m⠸[38;2;101;80;79m⢿[38;2;129;107;53m⣿[38;2;145;125;37m⣿[38;2;143;123;38m⣿[38;2;124;103;56m⣿[38;2;100;74;80m⣿[39m [38;2;75;55;95m⠸[38;2;106;82;77m⣿[38;2;120;96;62m⣿[38;2;116;89;69m⣿[38;2;83;61;97m⣿[39m       [38;2;60;40;80m⢠[38;2;94;65;88m⣾[38;2;129;107;53m⣿[38;2;166;146;31m⣿[38;2;180;159;30m⣿[38;2;173;154;31m⣿[38;2;145;125;37m⣿[38;2;113;86;72m⡿[38;2;79;58;98m⠏[39m  [38;2;80;59;98m⢸[38;2;123;102;57m⣿[38;2;146;126;37m⣿[38;2;142;122;38m⣿[38;2;116;89;69m⣿[38;2;68;48;89m⣿[39m            [38;2;57;35;75m⣀[39m            [38;2;73;87;63m▒[38;2;97;114;83m▓[38;2;120;142;103m▓[38;2;144;170;123m█[38;2;168;198;144m█[39m[48;2;28;34;38m                  
                  [38;2;168;198;144m[48;2;14;20;16m█[38;2;144;170;123m█[38;2;120;142;103m▓[38;2;97;114;83m▓[38;2;73;87;63m▒[39m      [38;2;63;43;83m⢸[38;2;103;81;78m⣿[38;2;120;96;62m⣿[38;2;118;91;67m⣿[38;2;89;63;92m⣿[38;2;62;42;82m⣇[39m            [38;2;53;27;68m⢠[38;2;56;31;72m⣾[38;2;61;40;80m⣿[38;2;82;60;98m⣿[38;2;106;82;77m⣿[38;2;111;84;74m⣿[38;2;100;75;80m⣿[38;2;71;52;92m⣷[38;2;60;39;79m⡄[39m    [38;2;76;56;96m⢸[38;2;109;83;75m⣿[38;2;127;105;54m⣿[38;2;137;116;44m⣿[38;2;133;112;48m⣿[38;2;120;98;61m⣿[38;2;100;77;80m⣷[38;2;75;55;95m⣦[39m    [38;2;70;51;91m⢠[38;2;103;81;78m⣴[38;2;137;116;44m⣿[38;2;156;135;32m⣿[38;2;149;129;36m⣿[38;2;121;100;59m⣿[38;2;75;55;95m⣿[39m              [38;2;63;43;83m⢹[38;2;101;80;79m⣿[38;2;120;98;61m⣿[38;2;119;94;64m⣿[38;2;94;65;88m⡿[39m        [38;2;63;43;83m⢸[38;2;91;63;91m⣿[38;2;115;87;71m⣿[38;2;124;103;56m⣿[38;2;123;102;57m⣿[38;2;112;85;73m⣿[38;2;90;63;91m⣷[38;2;70;51;91m⡄[38;2;94;65;88m⣿[38;2;103;81;78m⣿[38;2;101;80;79m⣿[38;2;76;56;96m⣿[39m      [38;2;70;51;91m⢰[38;2;99;70;83m⣾[38;2;117;90;68m⣿[38;2;135;114;46m⣿[38;2;154;134;33m⣿[38;2;155;134;33m⣿[38;2;135;114;46m⣿[38;2;99;71;82m⡿[39m    [38;2;70;50;91m⢸[38;2;124;103;56m⣿[38;2;152;132;34m⣿[38;2;150;130;35m⣿[38;2;121;100;59m⣿[38;2;77;57;97m⣿[38;2;62;42;82m⣿[38;2;58;37;77m⣶[38;2;59;38;78m⣶[38;2;63;43;83m⣶[38;2;68;48;89m⣶[38;2;75;55;95m⣶[38;2;87;62;93m⣶[38;2;98;68;84m⣶[38;2;100;73;81m⣾[38;2;100;75;80m⣿[38;2;100;76;80m⣿[38;2;100;77;80m⣿[38;2;100;74;80m⣿[38;2;91;64;90m⣿[38;2;69;50;90m⣷[38;2;57;33;73m⡄[39m         [38;2;73;87;63m▒[38;2;97;114;83m▓[38;2;120;142;103m▓[38;2;144;170;123m█[38;2;168;198;144m█[39m[48;2;28;34;38m                  
                  [38;2;168;198;144m[48;2;14;20;16m█[38;2;144;170;123m█[38;2;120;142;103m▓[38;2;97;114;83m▓[38;2;73;87;63m▒[39m       [38;2;71;52;92m⢻[38;2;92;64;90m⣿[38;2;95;66;87m⣿[38;2;86;62;94m⣿[38;2;89;63;92m⣿[38;2;100;75;80m⣿[38;2;113;85;73m⣿[38;2;112;85;73m⣿[38;2;99;70;83m⣶[38;2;66;46;86m⡆[39m       [38;2;54;27;68m⣿[38;2;55;30;70m⣿[38;2;56;32;72m⠟[38;2;57;35;75m⠛[38;2;64;44;84m⢻[38;2;72;53;93m⣿[38;2;79;58;98m⣿[38;2;81;59;98m⣿[38;2;84;61;96m⣿[38;2;93;64;89m⣿[38;2;97;67;85m⣷[38;2;96;67;86m⣶[38;2;91;64;90m⣶[38;2;88;62;93m⣶[38;2;99;70;82m⣿[38;2;115;87;71m⣿[38;2;130;108;52m⣿[38;2;141;121;39m⣿[38;2;146;126;37m⣿[38;2;142;122;38m⣿[38;2;135;114;46m⣿[38;2;129;107;53m⣿[38;2;130;108;52m⣿[38;2;137;116;44m⣿[38;2;144;124;38m⣿[38;2;155;134;33m⣿[38;2;168;148;31m⣿[38;2;175;156;31m⣿[38;2;170;150;31m⣿[38;2;143;123;38m⣿[38;2;106;82;77m⣿[38;2;65;45;85m⡇[39m              [38;2;58;36;76m⢸[38;2;83;61;97m⣿[38;2;100;75;80m⣿[38;2;100;76;80m⣿[38;2;81;60;98m⣿[38;2;64;44;84m⡄[38;2;66;46;87m⣀[38;2;86;62;95m⣤[38;2;100;73;81m⣤[38;2;100;74;80m⣤[38;2;88;62;93m⣄[38;2;65;45;86m⡀[38;2;57;35;75m⣠[38;2;57;33;73m⣾[38;2;61;41;81m⣿[38;2;80;59;98m⣿[38;2;103;81;78m⣿[38;2;120;98;61m⣿[38;2;127;106;54m⣿⣿[38;2;121;100;59m⣿[38;2;119;93;65m⣿[38;2;110;83;75m⣿[38;2;99;71;82m⣿[38;2;75;55;95m⣿[39m   [38;2;66;46;86m⢀[38;2;81;59;98m⣴[38;2;100;74;80m⣾[38;2;113;85;73m⣿[38;2;119;94;64m⣿[38;2;120;97;61m⣿[38;2;120;96;62m⣿[38;2;119;93;65m⣿[38;2;111;84;74m⣿[38;2;99;70;82m⣿[38;2;74;54;94m⣷[39m   [38;2;65;45;85m⢠[38;2;98;69;83m⣾[38;2;132;111;49m⣿[38;2;148;128;36m⣿[38;2;140;120;40m⣿[38;2;113;85;73m⣿[38;2;72;53;93m⣿[38;2;62;42;82m⣿[38;2;60;40;80m⣿[38;2;64;44;84m⣿[38;2;72;53;93m⣿[38;2;85;61;95m⣿[38;2;99;71;82m⣿[38;2;110;83;75m⣿[38;2;120;95;63m⣿[38;2;122;101;58m⣿[38;2;121;100;59m⣿[38;2;120;95;63m⣿[38;2;118;91;67m⣿[38;2;116;89;69m⣿[38;2;107;82;77m⣿[38;2;97;67;85m⣿[38;2;68;48;89m⣿[38;2;56;32;72m⡆[39m        [38;2;73;87;63m▒[38;2;97;114;83m▓[38;2;120;142;103m▓[38;2;144;170;123m█[38;2;168;198;144m█[39m[48;2;28;34;38m                  
                  [38;2;168;198;144m[48;2;14;20;16m█[38;2;144;170;123m█[38;2;120;142;103m▓[38;2;97;114;83m▓[38;2;73;87;63m▒[39m        [38;2;57;35;75m⠘[38;2;61;41;81m⢿[38;2;70;51;91m⣿[38;2;91;64;90m⣿[38;2;105;81;78m⣿[38;2;120;96;62m⣿[38;2;120;95;63m⣿[38;2;100;79;80m⣿[38;2;70;50;91m⣿[39m  [38;2;52;23;63m⠙⠋[39m        [38;2;57;35;75m⠸[38;2;64;44;84m⢿[38;2;75;55;95m⣿[38;2;86;62;95m⣿[38;2;98;69;83m⣿[38;2;100;77;80m⣿[38;2;100;79;80m⣿[38;2;100;74;80m⣿[38;2;97;67;85m⣿[38;2;94;65;88m⣿[38;2;98;69;83m⣿[38;2;110;83;75m⣿[38;2;125;104;55m⣿[38;2;140;120;40m⣿[38;2;146;126;37m⣿[38;2;147;127;37m⣿[38;2;149;129;35m⣿[38;2;159;138;31m⣿[38;2;168;148;31m⣿[38;2;173;153;31m⣿[38;2;175;156;31m⣿[38;2;178;159;31m⣿[38;2;175;156;31m⣿[38;2;159;139;31m⣿[38;2;124;103;56m⣿[38;2;92;64;90m⣿[38;2;66;46;86m⣷[38;2;58;37;77m⣆[39m              [38;2;65;45;86m⢻[38;2;87;62;94m⣿[38;2;99;70;83m⣿[38;2;100;73;81m⣿[38;2;110;83;75m⣿[38;2;136;115;45m⣿[38;2;162;142;31m⣿[38;2;176;157;31m⣿[38;2;165;145;31m⣿[38;2;138;117;43m⣿[38;2;95;65;87m⣿[38;2;60;39;79m⣿[38;2;55;30;70m⡿[38;2;55;30;71m⠟[38;2;58;36;76m⠻[38;2;73;54;94m⢿[38;2;100;79;80m⣿[38;2;120;99;60m⣿[38;2;132;110;50m⣿[38;2;133;112;48m⣿[38;2;129;107;53m⣿[38;2;120;99;60m⣿[38;2;116;89;69m⣿[38;2;109;83;75m⣿[38;2;103;81;78m⣿[38;2;100;79;80m⣿[38;2;101;80;79m⣿[38;2;106;82;77m⣿[38;2;111;84;74m⣿[38;2;116;88;70m⣿[38;2;118;92;66m⣿[38;2;117;90;68m⣿[38;2;102;80;79m⣿[38;2;91;63;91m⣿[38;2;77;57;97m⣿[38;2;79;58;98m⣿[38;2;81;60;98m⣿[38;2;75;55;95m⣿[38;2;74;54;94m⣿[38;2;81;60;98m⣿[38;2;90;63;91m⣿[38;2;94;65;88m⣿[38;2;102;80;79m⣿[38;2;122;101;58m⣿[38;2;128;106;53m⣿[38;2;118;91;67m⣿[38;2;85;61;95m⣿[38;2;61;40;80m⠿[38;2;58;36;76m⠟[38;2;58;37;77m⠻[38;2;62;42;82m⢿[38;2;70;51;91m⣿[38;2;82;60;98m⣿[38;2;98;69;83m⣿[38;2;108;83;76m⣿[38;2;120;96;62m⣿[38;2;125;104;55m⣿[38;2;124;103;56m⣿[38;2;120;97;61m⣿[38;2;117;90;68m⣿[38;2;116;88;70m⣿[38;2;112;85;73m⣿[38;2;100;77;80m⣿[38;2;79;59;98m⣿[38;2;60;39;79m⣿[39m        [38;2;73;87;63m▒[38;2;97;114;83m▓[38;2;120;142;103m▓[38;2;144;170;123m█[38;2;168;198;144m█[39m[48;2;28;34;38m                  
                  [38;2;168;198;144m[48;2;14;20;16m█[38;2;144;170;123m█[38;2;120;142;103m▓[38;2;97;114;83m▓[38;2;73;87;63m▒[39m          [38;2;59;38;78m⠸[38;2;76;56;96m⢿[38;2;100;74;80m⣿[38;2;116;89;69m⣿⣿[38;2;100;74;80m⡿[38;2;67;47;88m⠇[39m              [38;2;60;40;80m⠈[38;2;71;52;92m⠻[38;2;89;63;92m⣿[38;2;100;72;81m⣿[38;2;100;75;80m⣿[38;2;99;71;82m⣿[38;2;94;65;88m⣿[38;2;83;61;97m⣿[38;2;77;57;97m⣿[38;2;80;59;98m⣿[38;2;98;68;84m⣿[38;2;115;87;71m⣿[38;2;126;105;54m⣿[38;2;138;117;43m⣿[38;2;146;126;37m⣿[38;2;157;136;32m⣿[38;2;167;147;31m⣿[38;2;171;151;31m⣿[38;2;170;150;31m⣿[38;2;164;144;31m⣿[38;2;148;128;36m⣿[38;2;122;101;58m⣿[38;2;94;65;88m⣿[38;2;68;49;89m⣿[38;2;64;44;84m⣿[38;2;61;40;80m⣿[38;2;58;36;76m⣿[38;2;56;31;71m⣶[39m             [38;2;68;48;89m⣿[38;2;85;61;96m⣿[38;2;100;73;81m⣿[38;2;119;94;64m⣿[38;2;147;127;37m⣿[38;2;173;153;31m⣿[38;2;186;156;30m⣿[38;2;172;152;31m⣿[38;2;141;121;39m⣿[38;2;96;66;86m⣿[38;2;59;38;78m⠇[39m    [38;2;68;48;89m⠘[38;2;99;71;82m⢿[38;2;118;92;66m⣿[38;2;124;103;56m⣿⣿[38;2;119;94;64m⣿[38;2;115;87;71m⣿[38;2;112;85;73m⣿[38;2;111;84;74m⣿[38;2;108;82;76m⣿[38;2;108;83;76m⣿[38;2;110;83;75m⣿[38;2;111;84;74m⣿⣿[38;2;102;80;79m⣿[38;2;94;65;88m⡿[38;2;68;48;89m⠏[39m  [38;2;61;41;81m⠘[38;2;67;47;88m⠿[38;2;70;50;91m⣿[38;2;74;54;94m⣿[38;2;83;61;97m⣿[38;2;93;64;89m⣿[38;2;94;65;88m⣿[38;2;98;69;84m⣿[38;2;99;71;82m⣿[38;2;93;64;89m⡿[38;2;69;49;90m⠏[39m       [38;2;67;47;88m⠈[38;2;78;58;98m⠻[38;2;96;66;86m⢿[38;2;100;76;80m⣿[38;2;100;78;80m⣿[38;2;100;73;81m⣿[38;2;98;69;83m⣿[38;2;100;74;80m⣿[38;2;100;79;80m⣿[38;2;100;73;81m⣿[38;2;80;59;98m⣿[38;2;60;40;80m⣿[39m        [38;2;73;87;63m▒[38;2;97;114;83m▓[38;2;120;142;103m▓[38;2;144;170;123m█[38;2;168;198;144m█[39m[48;2;28;34;38m                  
                  [38;2;168;198;144m[48;2;14;20;16m█[38;2;144;170;123m█[38;2;120;142;103m▓[38;2;97;114;83m▓[38;2;73;87;63m▒[39m             [38;2;61;40;80m⠉[39m                      [38;2;60;39;79m⠉[39m     [38;2;59;38;78m⠈[38;2;67;47;87m⠙[38;2;81;60;98m⠿[38;2;100;74;80m⢿[38;2;116;89;69m⣿[38;2;121;100;59m⣿[38;2;120;98;61m⣿[38;2;112;85;73m⣿[38;2;96;66;86m⠿[38;2;71;52;92m⠟[39m  [38;2;57;35;75m⠈[38;2;59;37;77m⠻[38;2;59;38;78m⢿[38;2;58;36;76m⣿[38;2;56;32;72m⣿[38;2;54;27;68m⣷[38;2;53;26;67m⣀[38;2;54;28;69m⣠[38;2;57;33;73m⣶[38;2;57;34;74m⣶[38;2;56;32;72m⣦[38;2;53;27;68m⡄[39m      [38;2;55;30;71m⠘[38;2;61;41;81m⢿[38;2;81;60;98m⣿[38;2;112;84;74m⣿[38;2;141;121;39m⣿[38;2;163;143;31m⣿[38;2;172;152;31m⣿[38;2;156;135;32m⣿[38;2;123;102;57m⣿[38;2;72;52;92m⠇[39m        [38;2;75;55;95m⠻[38;2;91;64;90m⠿[38;2;99;70;83m⢿[38;2;100;76;80m⣿[38;2;100;79;80m⣿⣿[38;2;100;77;80m⣿[38;2;100;74;80m⣿[38;2;99;70;83m⣿[38;2;88;62;93m⠿[38;2;70;51;91m⠟[39m        [38;2;61;41;81m⠈[38;2;70;51;91m⠻[38;2;75;55;95m⠿[38;2;72;53;93m⠿[38;2;64;44;84m⠟[39m             [38;2;60;40;80m⠹[38;2;66;46;87m⢿[38;2;70;50;91m⣿[38;2;73;54;94m⣿[38;2;80;59;98m⣿[38;2;86;62;95m⣿[38;2;79;59;98m⣿[38;2;66;46;87m⣿[38;2;57;34;74m⠇[39m        [38;2;73;87;63m▒[38;2;97;114;83m▓[38;2;120;142;103m▓[38;2;144;170;123m█[38;2;168;198;144m█[39m[48;2;28;34;38m                  
                  [38;2;168;198;144m[48;2;14;20;16m█[38;2;144;170;123m█[38;2;120;142;103m▓[38;2;97;114;83m▓[38;2;73;87;63m▒[39m                                                            [38;2;52;25;66m⠘[38;2;54;28;69m⢻[38;2;57;33;73m⣿[38;2;57;35;75m⣿[38;2;57;33;73m⣿[38;2;54;28;69m⣿[39m        [38;2;57;35;75m⠈[38;2;65;45;85m⠻[38;2;79;58;98m⠿[38;2;93;64;89m⠿[38;2;89;63;92m⠿[38;2;72;52;92m⠏[39m                                                 [38;2;57;35;75m⠘[38;2;63;43;83m⠻[38;2;70;50;91m⢿[38;2;70;51;91m⡿[38;2;64;44;84m⠿[38;2;57;33;73m⠃[39m         [38;2;73;87;63m▒[38;2;97;114;83m▓[38;2;120;142;103m▓[38;2;144;170;123m█[38;2;168;198;144m█[39m[48;2;28;34;38m                  
                  [38;2;168;198;144m[48;2;14;20;16m█[38;2;144;170;123m█[38;2;120;142;103m▓[38;2;97;114;83m▓[38;2;73;87;63m▒[39m                                                                [38;2;55;29;70m⠉[39m                                                                               [38;2;73;87;63m▒[38;2;97;114;83m▓[38;2;120;142;103m▓[38;2;144;170;123m█[38;2;168;198;144m█[39m[48;2;28;34;38m                  
                  [38;2;168;198;144m[48;2;14;20;16m█[38;2;144;170;123m█[38;2;120;142;103m▓[38;2;97;114;83m▓[38;2;73;87;63m▒[39m                                                                                                                                                [38;2;73;87;63m▒[38;2;97;114;83m▓[38;2;120;142;103m▓[38;2;144;170;123m█[38;2;168;198;144m█[39m[48;2;28;34;38m                  
                  [38;2;168;198;144m[48;2;14;20;16m█[38;2;144;170;123m█[38;2;120;142;103m▓[38;2;97;114;83m▓[38;2;73;87;63m▒[39m                                                                                                                                                [38;2;73;87;63m▒[38;2;97;114;83m▓[38;2;120;142;103m▓[38;2;144;170;123m█[38;2;168;198;144m█[39m[48;2;28;34;38m                  
                  [38;2;168;198;144m[48;2;14;20;16m█[38;2;144;170;123m█[38;2;120;142;103m▓[38;2;97;114;83m▓[38;2;73;87;63m▒[39m                                                                                                                                                [38;2;73;87;63m▒[38;2;97;114;83m▓[38;2;120;142;103m▓[38;2;144;170;123m█[38;2;168;198;144m█[39m[48;2;28;34;38m                  
                  [38;2;168;198;144m[48;2;14;20;16m█[38;2;144;170;123m█[38;2;120;142;103m▓[38;2;97;114;83m▓[38;2;73;87;63m▒[39m                                                                                                                                                [38;2;73;87;63m▒[38;2;97;114;83m▓[38;2;120;142;103m▓[38;2;144;170;123m█[38;2;168;198;144m█[39m[48;2;28;34;38m                  
                  [38;2;168;198;144m[48;2;14;20;16m█[38;2;144;170;123m█[38;2;120;142;103m▓[38;2;97;114;83m▓[38;2;73;87;63m▒[39m                                                                                                                 [38;2;52;24;64m⣄[39m                              [38;2;73;87;63m▒[38;2;97;114;83m▓[38;2;120;142;103m▓[38;2;144;170;123m█[38;2;168;198;144m█[39m[48;2;28;34;38m                  
                  [38;2;168;198;144m[48;2;14;20;16m█[38;2;144;170;123m█[38;2;120;142;103m▓[38;2;97;114;83m▓[38;2;73;87;63m▒[39m                                                                                                                 [38;2;52;25;66m⣿[39m                              [38;2;73;87;63m▒[38;2;97;114;83m▓[38;2;120;142;103m▓[38;2;144;170;123m█[38;2;168;198;144m█[39m[48;2;28;34;38m                  
                  [38;2;168;198;144m[48;2;14;20;16m█[38;2;144;170;123m█[38;2;120;142;103m▓[38;2;97;114;83m▓[38;2;73;87;63m▒[39m                                                                                                                 [38;2;52;25;66m⢹[39m                              [38;2;73;87;63m▒[38;2;97;114;83m▓[38;2;120;142;103m▓[38;2;144;170;123m█[38;2;168;198;144m█[39m[48;2;28;34;38m                  
                  [38;2;168;198;144m[48;2;14;20;16m█[38;2;144;170;123m█[38;2;120;142;103m▓[38;2;97;114;83m▓[38;2;73;87;63m▒[39m                                                                                                                                                [38;2;73;87;63m▒[38;2;97;114;83m▓[38;2;120;142;103m▓[38;2;144;170;123m█[38;2;168;198;144m█[39m[48;2;28;34;38m                  
                  [38;2;168;198;144m[48;2;14;20;16m█[38;2;144;170;123m█[38;2;120;142;103m▓[38;2;97;114;83m▓[38;2;73;87;63m▒[39m                                                                                                                                                [38;2;73;87;63m▒[38;2;97;114;83m▓[38;2;120;142;103m▓[38;2;144;170;123m█[38;2;168;198;144m█[39m[48;2;28;34;38m                  
                  [38;2;168;198;144m[48;2;14;20;16m█[38;2;144;170;123m█[38;2;120;142;103m▓[38;2;97;114;83m▓[38;2;73;87;63m▒[39m                                                                                                                                   [38;2;52;25;66m⢸[38;2;53;26;67m⣷[39m           [38;2;73;87;63m▒[38;2;97;114;83m▓[38;2;120;142;103m▓[38;2;144;170;123m█[38;2;168;198;144m█[39m[48;2;28;34;38m                  
                  [38;2;168;198;144m[48;2;14;20;16m█[38;2;144;170;123m█[38;2;120;142;103m▓[38;2;97;114;83m▓[38;2;73;87;63m▒[39m                                                                                                                                    [38;2;53;26;67m⠻[38;2;52;25;66m⣷[39m          [38;2;73;87;63m▒[38;2;97;114;83m▓[38;2;120;142;103m▓[38;2;144;170;123m█[38;2;168;198;144m█[39m[48;2;28;34;38m                  
                  [38;2;168;198;144m[48;2;14;20;16m█[38;2;144;170;123m█[38;2;120;142;103m▓[38;2;97;114;83m▓[38;2;73;87;63m▒[39m                                                                                                                                                [38;2;73;87;63m▒[38;2;97;114;83m▓[38;2;120;142;103m▓[38;2;144;170;123m█[38;2;168;198;144m█[39m[48;2;28;34;38m                  
                  [38;2;168;198;144m[48;2;14;20;16m█[38;2;144;170;123m█[38;2;120;142;103m▓[38;2;97;114;83m▓[38;2;73;87;63m▒[39m                                                                                                                                                [38;2;73;87;63m▒[38;2;97;114;83m▓[38;2;120;142;103m▓[38;2;144;170;123m█[38;2;168;198;144m█[39m[48;2;28;34;38m                  
                  [38;2;168;198;144m[48;2;14;20;16m█[38;2;144;170;123m█[38;2;120;142;103m▓[38;2;97;114;83m▓[38;2;73;87;63m▒[39m      [38;2;52;23;63m⠘⠋[38;2;51;22;62m⠈[39m                            [38;2;52;24;65m⣤⣴[39m                                                                                                         [38;2;73;87;63m▒[38;2;97;114;83m▓[38;2;120;142;103m▓[38;2;144;170;123m█[38;2;168;198;144m█[39m[48;2;28;34;38m                  
                  [38;2;168;198;144m[48;2;14;20;16m█[38;2;144;170;123m█[38;2;120;142;103m▓[38;2;97;114;83m▓[38;2;73;87;63m▒[39m                                                                                                                                                [38;2;73;87;63m▒[38;2;97;114;83m▓[38;2;120;142;103m▓[38;2;144;170;123m█[38;2;168;198;144m█[39m[48;2;28;34;38m                  
                  [38;2;168;198;144m[48;2;14;20;16m█[38;2;144;170;123m█[38;2;120;142;103m▓[38;2;97;114;83m▓[38;2;73;87;63m▒[39m                                                                                                                                                [38;2;73;87;63m▒[38;2;97;114;83m▓[38;2;120;142;103m▓[38;2;144;170;123m█[38;2;168;198;144m█[39m[48;2;28;34;38m                  
                  [38;2;168;198;144m[48;2;14;20;16m█[38;2;144;170;123m█[38;2;120;142;103m▓[38;2;97;114;83m▓[38;2;73;87;63m▒[39m                                                                                                                                                [38;2;73;87;63m▒[38;2;97;114;83m▓[38;2;120;142;103m▓[38;2;144;170;123m█[38;2;168;198;144m█[39m[48;2;28;34;38m                  
                  [38;2;168;198;144m[48;2;14;20;16m█[38;2;144;170;123m█[38;2;120;142;103m▓[38;2;97;114;83m▓[38;2;73;87;63m▒[39m                                                                                                                                                [38;2;73;87;63m▒[38;2;97;114;83m▓[38;2;120;142;103m▓[38;2;144;170;123m█[38;2;168;198;144m█[39m[48;2;28;34;38m                  
                  [38;2;168;198;144m[48;2;14;20;16m█[38;2;144;170;123m█[38;2;120;142;103m▓[38;2;97;114;83m▓[38;2;73;87;63m▒[39m                                                                                                                                                [38;2;73;87;63m▒[38;2;97;114;83m▓[38;2;120;142;103m▓[38;2;144;170;123m█[38;2;168;198;144m█[39m[48;2;28;34;38m                  
                  [38;2;168;198;144m[48;2;14;20;16m█[38;2;144;170;123m█[38;2;120;142;103m▓[38;2;97;114;83m▓[38;2;73;87;63m▒[39m                                                                                                                                                [38;2;73;87;63m▒[38;2;97;114;83m▓[38;2;120;142;103m▓[38;2;144;170;123m█[38;2;168;198;144m█[39m[48;2;28;34;38m                  
                  [38;2;168;198;144m[48;2;14;20;16m█[38;2;144;170;123m█[38;2;120;142;103m▓[38;2;109;128;93m▓▓▓▓▓▓▓▓▓▓▓▓▓▓▓▓▓▓▓▓▓▓▓▓▓▓▓▓▓▓▓▓▓▓▓▓▓▓▓▓▓▓▓▓▓▓▓▓▓▓▓▓▓▓▓▓▓▓▓▓▓▓▓▓▓▓▓▓▓▓▓▓▓▓▓▓▓▓▓▓▓▓▓▓▓▓▓▓▓▓▓▓▓▓▓▓▓▓▓▓▓▓▓▓▓▓▓▓▓▓▓▓▓▓▓▓▓▓▓▓▓▓▓▓▓▓▓▓▓▓▓▓▓▓▓▓▓▓▓▓▓▓▓▓▓▓▓▓[38;2;120;142;103m▓[38;2;144;170;123m█[38;2;168;198;144m█[39m[48;2;28;34;38m                  
                  [38;2;168;198;144m[48;2;14;20;16m██████████████████████████████████████████████████████████████████████████████████████████████████████████████████████████████████████████████████████████[39m[48;2;28;34;38m                  
                                                                                                                                                                                              
                                                                                                                                                                                              
