[48;2;0;0;0m                                                                                                                                                                                              
                                                                                                                                                                                              
                  [38;2;201;160;255m[48;2;8;6;15m██████████████████████████████████████████████████████████████████████████████████████████████████████████████████████████████████████████████████████████[39m[48;2;0;0;0m                  
                  [38;2;201;160;255m[48;2;8;6;15m█[38;2;172;137;219m█[38;2;144;115;183m▓[38;2;130;104;165m▓▓▓▓▓▓▓▓▓▓▓▓▓▓▓▓▓▓▓▓▓▓▓▓▓▓▓▓▓▓▓▓▓▓▓▓▓▓▓▓▓▓▓▓▓▓▓▓▓▓▓▓▓▓▓▓▓▓▓▓▓▓▓▓▓▓▓▓▓▓▓▓▓▓▓▓▓▓▓▓▓▓▓▓▓▓▓▓▓▓▓▓▓▓▓▓▓▓▓▓▓▓▓▓▓▓▓▓▓▓▓▓▓▓▓▓▓▓▓▓▓▓▓▓▓▓▓▓▓▓▓▓▓▓▓▓▓▓▓▓▓▓▓▓▓▓▓▓[38;2;144;115;183m▓[38;2;172;137;219m█[38;2;201;160;255m█[39m[48;2;0;0;0m                  
                  [38;2;201;160;255m[48;2;8;6;15m█[38;2;172;137;219m█[38;2;144;115;183m▓[38;2;116;92;147m▓[38;2;88;70;112m▒[38;2;24;12;48m⡟[38;2;25;12;49m⢸⣇[39m                                                                                                                                             [38;2;88;70;112m▒[38;2;116;92;147m▓[38;2;144;115;183m▓[38;2;172;137;219m█[38;2;201;160;255m█[39m[48;2;0;0;0m                  
                  [38;2;201;160;255m[48;2;8;6;15m█[38;2;172;137;219m█[38;2;144;115;183m▓[38;2;116;92;147m▓[38;2;88;70;112m▒[38;2;23;12;47m⣄[38;2;25;12;49m⣿[38;2;26;13;53m⣿⣿[39m                                                                                                                                            [38;2;88;70;112m▒[38;2;116;92;147m▓[38;2;144;115;183m▓[38;2;172;137;219m█[38;2;201;160;255m█[39m[48;2;0;0;0m                  
                  [38;2;201;160;255m[48;2;8;6;15m█[38;2;172;137;219m█[38;2;144;115;183m▓[38;2;116;92;147m▓[38;2;88;70;112m▒[38;2;22;11;45m⠉[38;2;24;12;48m⠘[38;2;27;13;55m⢿[38;2;30;15;60m⣿[38;2;29;14;58m⣿[39m                                                                                                                                           [38;2;88;70;112m▒[38;2;116;92;147m▓[38;2;144;115;183m▓[38;2;172;137;219m█[38;2;201;160;255m█[39m[48;2;0;0;0m                  
                  [38;2;201;160;255m[48;2;8;6;15m█[38;2;172;137;219m█[38;2;144;115;183m▓[38;2;116;92;147m▓[38;2;88;70;112m▒[39m  [38;2;26;13;53m⢸[38;2;32;16;63m⣿[38;2;34;16;67m⣿[38;2;30;15;59m⣷[39m                                                                                                                                          [38;2;88;70;112m▒[38;2;116;92;147m▓[38;2;144;115;183m▓[38;2;172;137;219m█[38;2;201;160;255m█[39m[48;2;0;0;0m                  
                  [38;2;201;160;255m[48;2;8;6;15m█[38;2;172;137;219m█[38;2;144;115;183m▓[38;2;116;92;147m▓[38;2;88;70;112m▒[39m   [38;2;29;14;57m⢹[38;2;34;16;66m⣿[38;2;33;16;64m⣿[38;2;27;13;54m⡇[39m                                                                                                                                         [38;2;88;70;112m▒[38;2;116;92;147m▓[38;2;144;115;183m▓[38;2;172;137;219m█[38;2;201;160;255m█[39m[48;2;0;0;0m                  
                  [38;2;201;160;255m[48;2;8;6;15m█[38;2;172;137;219m█[38;2;144;115;183m▓[38;2;116;92;147m▓[38;2;88;70;112m▒[39m    [38;2;28;14;56m⢻[38;2;30;15;59m⣿[38;2;27;13;55m⣿[39m                                                                                                                                         [38;2;88;70;112m▒[38;2;116;92;147m▓[38;2;144;115;183m▓[38;2;172;137;219m█[38;2;201;160;255m█[39m[48;2;0;0;0m                  
                  [38;2;201;160;255m[48;2;8;6;15m█[38;2;172;137;219m█[38;2;144;115;183m▓[38;2;116;92;147m▓[38;2;88;70;112m▒[39m     [38;2;25;12;51m⠸[38;2;26;13;53m⣿[38;2;25;12;50m⣷[39m                                                                                                                                        [38;2;88;70;112m▒[38;2;116;92;147m▓[38;2;144;115;183m▓[38;2;172;137;219m█[38;2;201;160;255m█[39m[48;2;0;0;0m                  
                  [38;2;201;160;255m[48;2;8;6;15m█[38;2;172;137;219m█[38;2;144;115;183m▓[38;2;116;92;147m▓[38;2;88;70;112m▒[39m      [38;2;24;12;47m⢸[38;2;24;12;48m⣿[38;2;23;12;46m⡇[39m                                                                                                                                       [38;2;88;70;112m▒[38;2;116;92;147m▓[38;2;144;115;183m▓[38;2;172;137;219m█[38;2;201;160;255m█[39m[48;2;0;0;0m                  
                  [38;2;201;160;255m[48;2;8;6;15m█[38;2;172;137;219m█[38;2;144;115;183m▓[38;2;116;92;147m▓[38;2;88;70;112m▒[39m       [38;2;23;12;46m⠸[39m                                                                                                                                        [38;2;88;70;112m▒[38;2;116;92;147m▓[38;2;144;115;183m▓[38;2;172;137;219m█[38;2;201;160;255m█[39m[48;2;0;0;0m                  
                  [38;2;201;160;255m[48;2;8;6;15m█[38;2;172;137;219m█[38;2;144;115;183m▓[38;2;116;92;147m▓[38;2;88;70;112m▒[39m        [38;2;25;12;51m⢰⡄[39m                                                                                                                                      [38;2;88;70;112m▒[38;2;116;92;147m▓[38;2;144;115;183m▓[38;2;172;137;219m█[38;2;201;160;255m█[39m[48;2;0;0;0m                  
                  [38;2;201;160;255m[48;2;8;6;15m█[38;2;172;137;219m█[38;2;144;115;183m▓[38;2;116;92;147m▓[38;2;88;70;112m▒[39m        [38;2;33;16;66m⣿[38;2;35;16;68m⣿[38;2;29;14;58m⡆[39m                                                                                                                                     [38;2;88;70;112m▒[38;2;116;92;147m▓[38;2;144;115;183m▓[38;2;172;137;219m█[38;2;201;160;255m█[39m[48;2;0;0;0m                  
                  [38;2;201;160;255m[48;2;8;6;15m█[38;2;172;137;219m█[38;2;144;115;183m▓[38;2;116;92;147m▓[38;2;88;70;112m▒[39m       [38;2;26;13;54m⢸[38;2;40;17;75m⣿[38;2;43;18;80m⣿[38;2;35;16;68m⣿[39m                                                                                                                                     [38;2;88;70;112m▒[38;2;116;92;147m▓[38;2;144;115;183m▓[38;2;172;137;219m█[38;2;201;160;255m█[39m[48;2;0;0;0m                  
                  [38;2;201;160;255m[48;2;8;6;15m█[38;2;172;137;219m█[38;2;144;115;183m▓[38;2;116;92;147m▓[38;2;88;70;112m▒[39m        [38;2;40;17;76m⣿[38;2;44;18;80m⣿[38;2;35;16;69m⣿[39m                                                     [38;2;21;11;44m⢰⣷[39m                                                                              [38;2;88;70;112m▒[38;2;116;92;147m▓[38;2;144;115;183m▓[38;2;172;137;219m█[38;2;201;160;255m█[39m[48;2;0;0;0m                  
                  [38;2;201;160;255m[48;2;8;6;15m█[38;2;172;137;219m█[38;2;144;115;183m▓[38;2;116;92;147m▓[38;2;88;70;112m▒[39m        [38;2;33;16;65m⣿[38;2;35;16;69m⣿[38;2;29;14;58m⡇[39m                                                     [38;2;21;11;44m⠘⠟[39m                                                         [38;2;28;14;57m⣴[38;2;28;14;56m⣶[38;2;25;12;50m⣶[38;2;22;11;45m⡄[39m                 [38;2;88;70;112m▒[38;2;116;92;147m▓[38;2;144;115;183m▓[38;2;172;137;219m█[38;2;201;160;255m█[39m[48;2;0;0;0m                  
                  [38;2;201;160;255m[48;2;8;6;15m█[38;2;172;137;219m█[38;2;144;115;183m▓[38;2;116;92;147m▓[38;2;88;70;112m▒[39m       [38;2;25;12;51m⢸[38;2;30;15;59m⣿⣿[38;2;25;12;52m⡇[39m                                                                                                             [38;2;26;13;54m⢠[38;2;32;16;63m⣾[38;2;37;16;72m⣿[38;2;36;16;70m⣿[38;2;31;15;61m⣿[38;2;25;12;52m⣿[38;2;22;11;45m⠃[39m   [38;2;21;11;44m⠈[38;2;23;12;47m⢿[38;2;24;12;47m⣷[38;2;23;12;46m⡄[39m          [38;2;88;70;112m▒[38;2;116;92;147m▓[38;2;144;115;183m▓[38;2;172;137;219m█[38;2;201;160;255m█[39m[48;2;0;0;0m                  
                  [38;2;201;160;255m[48;2;8;6;15m█[38;2;172;137;219m█[38;2;144;115;183m▓[38;2;116;92;147m▓[38;2;88;70;112m▒[39m        [38;2;27;13;54m⣿[38;2;26;13;54m⣿[39m             [38;2;22;11;44m⢹[38;2;23;12;46m⣿⣧[39m   [38;2;30;15;60m⢠[38;2;41;18;78m⣴[38;2;53;21;94m⣶[38;2;57;24;102m⣶[38;2;55;22;97m⣶[38;2;47;19;86m⣶[38;2;37;16;71m⣦[38;2;29;14;58m⣄[39m  [38;2;30;15;60m⢀[38;2;37;16;71m⣤[38;2;40;17;76m⣴[38;2;40;17;75m⣶[38;2;37;16;72m⣶⣶[38;2;38;17;73m⣶[38;2;38;17;74m⣦[38;2;38;17;73m⣤[38;2;35;16;68m⣤[38;2;31;15;61m⣀[39m                                               [38;2;28;14;56m⣠[38;2;31;15;62m⣤[38;2;33;16;66m⣤[38;2;35;16;69m⣶⣶[38;2;32;16;63m⣄[39m                [38;2;25;12;52m⢰[38;2;30;15;60m⣿[38;2;36;16;70m⣿[38;2;39;17;74m⣿[38;2;35;16;68m⣿[38;2;29;14;58m⡿[39m       [38;2;24;12;48m⢿[38;2;24;12;47m⣿[39m          [38;2;88;70;112m▒[38;2;116;92;147m▓[38;2;144;115;183m▓[38;2;172;137;219m█[38;2;201;160;255m█[39m[48;2;0;0;0m                  
                  [38;2;201;160;255m[48;2;8;6;15m█[38;2;172;137;219m█[38;2;144;115;183m▓[38;2;116;92;147m▓[38;2;88;70;112m▒[39m        [38;2;25;12;50m⣿[38;2;24;12;48m⠇[39m              [38;2;22;11;45m⠸[38;2;24;12;47m⢿[38;2;25;12;51m⣿[38;2;30;15;60m⣷[38;2;52;21;94m⣿[38;2;85;44;141m⣿[38;2;118;77;177m⣿[38;2;135;95;189m⣿[38;2;130;90;187m⣿[38;2;115;75;175m⣿[38;2;97;57;157m⣿[38;2;82;42;137m⣿[38;2;67;28;116m⣿[38;2;52;21;93m⣿[38;2;53;21;95m⣿[38;2;68;29;118m⣿[38;2;80;40;135m⣿[38;2;78;38;132m⣿[38;2;67;28;117m⣿[38;2;57;24;101m⣿[38;2;54;22;96m⣿[38;2;55;22;98m⣿[38;2;59;24;103m⣿[38;2;63;26;109m⣿[38;2;66;27;114m⣿[38;2;67;28;117m⣿[38;2;64;27;112m⣿[38;2;54;22;96m⣿[38;2;38;17;74m⣦[39m            [38;2;23;12;46m⢀[38;2;23;12;47m⡀[39m        [38;2;29;14;58m⢀[38;2;34;16;66m⣠[38;2;37;16;72m⣴[38;2;41;18;77m⣶[38;2;45;19;82m⣶[38;2;47;19;86m⣶⣶⣶[38;2;50;20;91m⣶[38;2;54;22;96m⣶[38;2;55;22;97m⣦[38;2;50;20;90m⣤[38;2;42;18;79m⣤[38;2;36;16;71m⣤[38;2;31;15;61m⣤[38;2;27;13;54m⡀[39m    [38;2;24;12;47m⣰[38;2;27;13;55m⣿[38;2;33;16;65m⣿[38;2;40;17;76m⣿[38;2;47;19;86m⣿[38;2;56;23;100m⣿[38;2;67;28;117m⣿[38;2;69;29;120m⣿[38;2;60;24;105m⣿[38;2;42;18;78m⣦[39m    [38;2;33;16;64m⣠[38;2;37;16;72m⣤⣤[38;2;34;16;66m⣤[38;2;29;14;58m⡀[39m    [38;2;24;12;47m⣸[38;2;26;13;53m⣿[38;2;29;14;58m⣿[38;2;31;15;62m⡿[38;2;30;15;60m⠟[39m          [38;2;24;12;47m⢻[39m          [38;2;88;70;112m▒[38;2;116;92;147m▓[38;2;144;115;183m▓[38;2;172;137;219m█[38;2;201;160;255m█[39m[48;2;0;0;0m                  
                  [38;2;201;160;255m[48;2;8;6;15m█[38;2;172;137;219m█[38;2;144;115;183m▓[38;2;116;92;147m▓[38;2;88;70;112m▒[39m       [38;2;23;12;46m⠸[38;2;23;12;47m⣿[39m                 [38;2;29;14;58m⢹[38;2;59;24;104m⣿[38;2;116;75;175m⣿[38;2;155;115;203m⣿[38;2;169;129;212m⣿[38;2;156;116;204m⣿[38;2;136;96;190m⣿[38;2;118;77;177m⣿[38;2;104;64;164m⣿[38;2;100;60;159m⣿[38;2;99;59;158m⣿[38;2;92;51;151m⣿[38;2;87;46;144m⣿[38;2;86;45;143m⣿[38;2;87;46;145m⣿[38;2;80;40;135m⣿[38;2;67;28;116m⣿[38;2;56;23;100m⣿[38;2;52;21;94m⣿[38;2;53;21;95m⣿[38;2;57;24;101m⣿[38;2;62;26;108m⣿[38;2;66;27;115m⣿[38;2;71;31;122m⣿[38;2;78;38;132m⣿[38;2;84;44;140m⣿[38;2;81;41;136m⣿[38;2;69;29;120m⣿[38;2;59;24;104m⣶[38;2;63;26;109m⣶[38;2;65;27;113m⣾[38;2;56;23;100m⣿[38;2;40;17;75m⣿[38;2;28;14;57m⣿[38;2;25;12;49m⣷[38;2;22;11;45m⣆[39m  [38;2;22;11;44m⢸[38;2;23;12;46m⣿[38;2;24;12;47m⣿[38;2;24;12;48m⣿[38;2;25;12;51m⣿[38;2;28;14;56m⣶[38;2;29;14;58m⣶[38;2;33;16;64m⣄[38;2;50;20;91m⢠[38;2;73;32;124m⣴[38;2;81;41;137m⣾[38;2;76;36;128m⣿[38;2;59;24;104m⣿[38;2;51;21;93m⣿[38;2;50;20;91m⣿[38;2;53;21;95m⣿[38;2;61;25;107m⣿[38;2;71;31;122m⣿[38;2;87;46;145m⣿[38;2;121;80;180m⣿[38;2;149;109;199m⣿[38;2;155;115;203m⣿[38;2;136;96;190m⣿[38;2;105;65;165m⣿[38;2;86;45;142m⣿[38;2;78;38;132m⣿[38;2;69;29;120m⣿[38;2;58;24;102m⣷[38;2;43;18;79m⣶[38;2;29;14;58m⣶[38;2;25;12;50m⣾[38;2;24;12;48m⡿[38;2;27;13;54m⠿[38;2;31;15;62m⣿[38;2;38;17;73m⣿[38;2;45;19;83m⣿[38;2;55;23;99m⣿[38;2;68;28;118m⣿[38;2;72;32;123m⣿[38;2;68;28;117m⣿[38;2;57;24;101m⣿[38;2;52;21;94m⣿[38;2;58;24;102m⣿[38;2;76;36;129m⣿[38;2;96;56;155m⣿[38;2;111;71;171m⣿⣿[38;2;101;61;160m⣿[38;2;89;48;148m⣿[38;2;80;40;135m⣿[38;2;67;28;116m⣿[38;2;50;20;91m⣷[38;2;33;16;64m⣶[38;2;26;13;53m⣿[38;2;24;12;48m⡟⠁[39m             [38;2;23;12;46m⢸⣧[39m         [38;2;88;70;112m▒[38;2;116;92;147m▓[38;2;144;115;183m▓[38;2;172;137;219m█[38;2;201;160;255m█[39m[48;2;0;0;0m                  
                  [38;2;201;160;255m[48;2;8;6;15m█[38;2;172;137;219m█[38;2;144;115;183m▓[38;2;116;92;147m▓[38;2;88;70;112m▒[39m        [38;2;31;15;61m⣤[39m                 [38;2;34;16;67m⢸[38;2;87;46;145m⣿[38;2;163;123;208m⣿[38;2;186;150;225m⣿[38;2;183;144;222m⣿[38;2;143;103;195m⣿[38;2;112;72;172m⣿[38;2;91;51;151m⣿[38;2;84;44;140m⣿[38;2;90;49;149m⣿[38;2;107;67;167m⣿[38;2;122;81;180m⣿[38;2;124;83;182m⣿[38;2;110;70;170m⣿[38;2;88;47;146m⣿[38;2;68;29;118m⡿[38;2;50;20;90m⠋[39m     [38;2;51;21;92m⠙[38;2;61;25;106m⢿[38;2;74;33;126m⣿[38;2;93;53;153m⣿[38;2;109;69;169m⣿[38;2;104;63;163m⣿[38;2;89;48;148m⣿[38;2;81;41;137m⣿[38;2;78;38;132m⣿[38;2;65;27;112m⣿[38;2;44;18;81m⣿[38;2;29;14;58m⣿[38;2;25;12;49m⠏[39m       [38;2;25;12;51m⠻[38;2;30;15;59m⣿[38;2;37;16;71m⣿[38;2;62;25;108m⣿[38;2;110;70;170m⣿[38;2;145;105;196m⣿[38;2;141;101;194m⣿[38;2;104;63;163m⣿[38;2;63;26;110m⣿[38;2;50;20;91m⣿[38;2;48;20;87m⣿[38;2;51;21;92m⣿[38;2;60;24;104m⣿[38;2;73;32;124m⣿[38;2;97;57;157m⣿[38;2;146;106;197m⣿[38;2;180;140;219m⣿[38;2;185;148;224m⣿[38;2;167;126;210m⣿[38;2;130;89;186m⣿[38;2;101;60;160m⣿[38;2;87;46;145m⣿[38;2;83;43;140m⣿[38;2;82;42;138m⣿[38;2;72;31;123m⣿[38;2;53;21;94m⣿[38;2;31;15;61m⣷[39m     [38;2;39;17;74m⠈[38;2;53;21;95m⠻[38;2;62;25;107m⢿[38;2;63;26;110m⣿[38;2;67;28;117m⣿[38;2;91;50;150m⣿[38;2;128;87;185m⣿[38;2;152;112;201m⣿[38;2;157;117;205m⣿[38;2;148;108;198m⣿[38;2;130;90;186m⣿[38;2;110;70;170m⣿[38;2;97;57;156m⣿[38;2;94;54;154m⣿⣿[38;2;85;44;141m⣿[38;2;64;27;111m⣿[38;2;37;16;71m⣿[39m               [38;2;23;12;46m⢸⡟[39m         [38;2;88;70;112m▒[38;2;116;92;147m▓[38;2;144;115;183m▓[38;2;172;137;219m█[38;2;201;160;255m█[39m[48;2;0;0;0m                  
                  [38;2;201;160;255m[48;2;8;6;15m█[38;2;172;137;219m█[38;2;144;115;183m▓[38;2;116;92;147m▓[38;2;88;70;112m▒[39m       [38;2;61;25;107m⣼[38;2;71;30;122m⣿[38;2;63;26;110m⣷[38;2;31;15;62m⡆[39m               [38;2;37;16;72m⢸[38;2;97;57;156m⣿[38;2;170;130;213m⣿[38;2;181;141;220m⣿[38;2;150;110;200m⣿[38;2;69;29;120m⡿[39m   [38;2;50;20;91m⠹[38;2;81;41;136m⣿[38;2;117;76;176m⣿[38;2;132;92;188m⣿[38;2;118;77;177m⣿[38;2;81;41;137m⣿[38;2;46;19;83m⣇[39m        [38;2;41;18;77m⠸[38;2;81;41;136m⣿[38;2;122;81;180m⣿[38;2;130;89;186m⣿[38;2;115;74;174m⣿[38;2;88;47;146m⣿[38;2;77;37;130m⣿[38;2;60;24;105m⣿[38;2;37;16;72m⡿[38;2;25;12;52m⠃[39m         [38;2;29;14;57m⠸[38;2;43;18;80m⣿[38;2;82;42;138m⣿[38;2;140;100;193m⣿[38;2;168;128;212m⣿[38;2;153;113;202m⣿[38;2;99;59;158m⣿[38;2;49;20;90m⡟[39m   [38;2;33;16;65m⠈[38;2;50;20;91m⢻[38;2;80;40;135m⣿[38;2;135;95;190m⣿[38;2;177;136;217m⣿[38;2;186;149;225m⣿[38;2;170;130;213m⣿[38;2;131;91;187m⣿[38;2;94;54;154m⣿[38;2;80;40;135m⣿⣿[38;2;90;49;149m⣿[38;2;89;48;147m⣿[38;2;74;33;125m⣿[38;2;43;18;80m⣿[39m        [38;2;40;17;76m⢸[38;2;82;42;137m⣿[38;2;145;105;196m⣿[38;2;180;140;219m⣿[38;2;185;148;224m⣿[38;2;170;130;213m⣿[38;2;144;104;196m⣿[38;2;119;78;178m⣿[38;2;95;55;155m⣿[38;2;85;45;142m⣿[38;2;89;48;148m⣿[38;2;108;68;168m⣿[38;2;115;74;174m⣿[38;2;94;54;154m⣿[38;2;61;25;106m⣿[38;2;28;14;57m⡇[39m              [38;2;22;11;45m⠘[39m          [38;2;88;70;112m▒[38;2;116;92;147m▓[38;2;144;115;183m▓[38;2;172;137;219m█[38;2;201;160;255m█[39m[48;2;0;0;0m                  
                  [38;2;201;160;255m[48;2;8;6;15m█[38;2;172;137;219m█[38;2;144;115;183m▓[38;2;116;92;147m▓[38;2;88;70;112m▒[39m      [38;2;34;16;67m⢸[38;2;76;36;129m⣿[38;2;90;49;149m⣿[38;2;82;42;138m⣿[38;2;46;19;84m⣷[39m               [38;2;36;16;71m⣼[38;2;81;41;137m⣿[38;2;132;92;188m⣿[38;2;135;95;189m⣿[38;2;98;58;157m⣿[38;2;39;17;74m⡇[39m    [38;2;45;19;82m⢹[38;2;80;40;136m⣿[38;2;112;72;172m⣿[38;2;122;81;180m⣿[38;2;105;64;164m⣿[38;2;76;35;128m⣿[38;2;48;20;88m⣧[39m        [38;2;68;29;119m⣾[38;2;118;77;177m⣿[38;2;130;90;186m⣿[38;2;109;69;169m⣿[38;2;64;27;112m⣿[38;2;41;18;77m⡿[39m             [38;2;38;17;73m⣿[38;2;83;43;139m⣿[38;2;133;93;189m⣿[38;2;147;107;198m⣿[38;2;117;76;176m⣿[38;2;62;26;108m⡟[39m      [38;2;36;16;71m⠸[38;2;70;30;121m⢿[38;2;103;62;162m⣿[38;2;128;87;185m⣿[38;2;125;84;183m⣿[38;2;97;57;156m⣿[38;2;65;27;113m⣿[39m [38;2;45;19;82m⠸[38;2;74;33;125m⣿[38;2;88;47;146m⣿[38;2;81;41;137m⣿[38;2;51;21;92m⣿[39m       [38;2;30;15;60m⢠[38;2;57;24;102m⣾[38;2;103;62;162m⣿[38;2;159;119;206m⣿[38;2;181;140;220m⣿[38;2;171;131;213m⣿[38;2;129;88;185m⣿[38;2;79;39;133m⡿[38;2;48;20;88m⠏[39m  [38;2;49;20;89m⢸[38;2;94;54;154m⣿[38;2;129;88;186m⣿[38;2;123;82;181m⣿[38;2;81;41;137m⣿[38;2;38;17;73m⣿[39m            [38;2;27;13;55m⣀[39m            [38;2;88;70;112m▒[38;2;116;92;147m▓[38;2;144;115;183m▓[38;2;172;137;219m█[38;2;201;160;255m█[39m[48;2;0;0;0m                  
                  [38;2;201;160;255m[48;2;8;6;15m█[38;2;172;137;219m█[38;2;144;115;183m▓[38;2;116;92;147m▓[38;2;88;70;112m▒[39m      [38;2;33;16;64m⢸[38;2;72;31;123m⣿[38;2;88;47;146m⣿[38;2;83;43;139m⣿[38;2;54;22;96m⣿[38;2;32;16;64m⣇[39m            [38;2;23;12;47m⢠[38;2;25;12;51m⣾[38;2;31;15;61m⣿[38;2;50;20;91m⣿[38;2;74;33;125m⣿[38;2;77;37;130m⣿[38;2;66;27;114m⣿[38;2;41;18;77m⣷[38;2;30;15;60m⡄[39m    [38;2;46;19;84m⢸[38;2;76;35;128m⣿[38;2;100;60;159m⣿[38;2;114;74;174m⣿[38;2;108;68;168m⣿[38;2;89;48;148m⣿[38;2;67;28;117m⣷[38;2;45;19;83m⣦[39m    [38;2;40;17;76m⢠[38;2;72;31;123m⣴[38;2;114;74;174m⣿[38;2;144;104;195m⣿[38;2;133;93;189m⣿[38;2;91;51;151m⣿[38;2;45;19;83m⣿[39m              [38;2;33;16;66m⢹[38;2;70;30;121m⣿[38;2;89;48;148m⣿[38;2;86;45;143m⣿[38;2;57;24;101m⡿[39m        [38;2;33;16;65m⢸[38;2;55;22;98m⣿[38;2;80;40;135m⣿[38;2;95;55;155m⣿[38;2;94;54;154m⣿[38;2;78;38;132m⣿[38;2;55;22;97m⣷[38;2;40;17;76m⡄[38;2;57;24;101m⣿[38;2;72;31;123m⣿[38;2;70;30;121m⣿[38;2;46;19;85m⣿[39m      [38;2;40;17;76m⢰[38;2;62;26;108m⣾[38;2;82;42;138m⣿[38;2;112;72;172m⣿[38;2;141;101;194m⣿[38;2;142;102;194m⣿[38;2;112;72;172m⣿[38;2;63;26;110m⡿[39m    [38;2;40;17;75m⢸[38;2;97;57;156m⣿[38;2;138;98;192m⣿[38;2;136;96;190m⣿[38;2;91;50;150m⣿[38;2;47;19;86m⣿[38;2;32;16;63m⣿[38;2;28;14;57m⣶[38;2;29;14;58m⣶[38;2;33;16;65m⣶[38;2;38;17;73m⣶[38;2;45;19;83m⣶[38;2;53;21;95m⣶[38;2;61;25;106m⣶[38;2;65;27;113m⣾[38;2;66;27;115m⣿[38;2;67;28;116m⣿[38;2;67;28;117m⣿[38;2;65;27;114m⣿[38;2;55;23;98m⣿[38;2;39;17;75m⣷[38;2;26;13;53m⡄[39m         [38;2;88;70;112m▒[38;2;116;92;147m▓[38;2;144;115;183m▓[38;2;172;137;219m█[38;2;201;160;255m█[39m[48;2;0;0;0m                  
                  [38;2;201;160;255m[48;2;8;6;15m█[38;2;172;137;219m█[38;2;144;115;183m▓[38;2;116;92;147m▓[38;2;88;70;112m▒[39m       [38;2;41;18;77m⢻[38;2;55;23;99m⣿[38;2;58;24;103m⣿[38;2;52;21;94m⣿[38;2;54;22;96m⣿[38;2;66;27;114m⣿[38;2;78;38;133m⣿[38;2;78;38;132m⣿[38;2;62;26;109m⣶[38;2;36;16;70m⡆[39m       [38;2;24;12;47m⣿[38;2;25;12;50m⣿[38;2;25;12;52m⠟[38;2;27;13;55m⠛[38;2;34;16;67m⢻[38;2;42;18;79m⣿[38;2;48;20;88m⣿[38;2;49;20;90m⣿[38;2;51;21;92m⣿[38;2;56;23;100m⣿[38;2;60;24;105m⣷[38;2;59;24;104m⣶[38;2;55;23;98m⣶[38;2;53;21;95m⣶[38;2;63;26;109m⣿[38;2;80;40;135m⣿[38;2;104;63;163m⣿[38;2;122;81;180m⣿[38;2;129;88;186m⣿[38;2;123;82;181m⣿[38;2;112;72;172m⣿[38;2;103;62;162m⣿[38;2;104;63;163m⣿[38;2;115;74;174m⣿[38;2;127;86;184m⣿[38;2;142;102;194m⣿[38;2;163;123;208m⣿[38;2;174;134;215m⣿[38;2;166;125;210m⣿[38;2;125;84;182m⣿[38;2;74;33;125m⣿[38;2;35;16;68m⡇[39m              [38;2;28;14;56m⢸[38;2;51;21;92m⣿[38;2;66;27;115m⣿[38;2;67;28;116m⣿[38;2;50;20;90m⣿[38;2;34;16;67m⡄[38;2;36;16;70m⣀[38;2;52;21;94m⣤[38;2;65;27;112m⣤[38;2;66;27;114m⣤[38;2;53;21;95m⣄[38;2;35;16;69m⡀[38;2;27;13;55m⣠[38;2;26;13;53m⣾[38;2;31;15;61m⣿[38;2;49;20;89m⣿[38;2;72;31;123m⣿[38;2;89;48;148m⣿[38;2;101;60;160m⣿⣿[38;2;91;50;150m⣿[38;2;85;44;142m⣿[38;2;76;36;129m⣿[38;2;63;26;110m⣿[38;2;45;19;82m⣿[39m   [38;2;36;16;70m⢀[38;2;49;20;90m⣴[38;2;65;27;113m⣾[38;2;78;38;133m⣿[38;2;86;45;143m⣿[38;2;89;48;147m⣿[38;2;88;47;146m⣿[38;2;85;44;141m⣿[38;2;77;37;130m⣿[38;2;63;26;109m⣿[38;2;44;18;81m⣷[39m   [38;2;35;16;68m⢠[38;2;62;25;108m⣾[38;2;107;66;166m⣿[38;2;133;93;188m⣿[38;2;121;80;179m⣿[38;2;78;38;132m⣿[38;2;42;18;79m⣿[38;2;32;16;64m⣿[38;2;30;15;60m⣿[38;2;34;16;67m⣿[38;2;42;18;79m⣿[38;2;52;21;93m⣿[38;2;63;26;110m⣿[38;2;76;36;129m⣿[38;2;87;46;145m⣿[38;2;92;52;152m⣿[38;2;91;51;151m⣿[38;2;87;46;144m⣿[38;2;83;43;139m⣿[38;2;81;41;137m⣿[38;2;74;34;126m⣿[38;2;60;24;104m⣿[38;2;38;17;73m⣿[38;2;25;12;52m⡆[39m        [38;2;88;70;112m▒[38;2;116;92;147m▓[38;2;144;115;183m▓[38;2;172;137;219m█[38;2;201;160;255m█[39m[48;2;0;0;0m                  
                  [38;2;201;160;255m[48;2;8;6;15m█[38;2;172;137;219m█[38;2;144;115;183m▓[38;2;116;92;147m▓[38;2;88;70;112m▒[39m        [38;2;27;13;55m⠘[38;2;31;15;62m⢿[38;2;40;17;76m⣿[38;2;55;23;98m⣿[38;2;73;32;124m⣿[38;2;88;47;146m⣿[38;2;87;46;145m⣿[38;2;69;29;120m⣿[38;2;40;17;75m⣿[39m  [38;2;21;11;43m⠙⠋[39m        [38;2;27;13;55m⠸[38;2;34;16;67m⢿[38;2;45;19;82m⣿[38;2;52;21;94m⣿[38;2;62;25;107m⣿[38;2;68;28;117m⣿[38;2;69;29;120m⣿[38;2;66;27;114m⣿[38;2;60;24;105m⣿[38;2;57;24;102m⣿[38;2;62;25;107m⣿[38;2;76;36;129m⣿[38;2;97;57;156m⣿[38;2;120;79;179m⣿[38;2;129;89;186m⣿[38;2;131;91;187m⣿[38;2;135;95;189m⣿[38;2;148;108;198m⣿[38;2;163;123;208m⣿[38;2;170;130;213m⣿[38;2;173;133;215m⣿[38;2;179;138;218m⣿[38;2;174;134;215m⣿[38;2;148;108;199m⣿[38;2;96;56;155m⣿[38;2;55;23;99m⣿[38;2;36;16;69m⣷[38;2;28;14;57m⣆[39m              [38;2;35;16;69m⢻[38;2;53;21;95m⣿[38;2;62;26;108m⣿[38;2;64;27;112m⣿[38;2;76;36;129m⣿[38;2;113;73;173m⣿[38;2;152;112;202m⣿[38;2;175;135;216m⣿[38;2;159;119;205m⣿[38;2;116;75;175m⣿[38;2;58;24;102m⣿[38;2;30;15;60m⣿[38;2;25;12;50m⡿⠟[38;2;28;14;56m⠻[38;2;43;18;80m⢿[38;2;69;29;119m⣿[38;2;90;49;149m⣿[38;2;106;66;166m⣿[38;2;109;69;169m⣿[38;2;103;62;162m⣿[38;2;90;49;149m⣿[38;2;81;41;137m⣿[38;2;76;35;128m⣿[38;2;72;31;123m⣿[38;2;69;29;120m⣿[38;2;70;30;121m⣿[38;2;74;33;125m⣿[38;2;77;37;130m⣿[38;2;81;41;136m⣿[38;2;84;44;141m⣿[38;2;82;42;138m⣿[38;2;71;30;122m⣿[38;2;55;22;98m⣿[38;2;47;19;86m⣿[38;2;48;20;88m⣿[38;2;50;20;90m⣿[38;2;45;19;83m⣿[38;2;44;18;81m⣿[38;2;50;20;90m⣿[38;2;54;22;97m⣿[38;2;57;24;101m⣿[38;2;70;30;121m⣿[38;2;93;53;153m⣿[38;2;101;61;160m⣿[38;2;83;43;139m⣿[38;2;52;21;93m⣿[38;2;31;15;61m⠿[38;2;28;14;56m⠟[38;2;28;14;57m⠻[38;2;32;16;63m⢿[38;2;40;17;76m⣿[38;2;50;20;91m⣿[38;2;62;25;107m⣿[38;2;75;35;127m⣿[38;2;88;47;146m⣿[38;2;97;57;156m⣿⣿[38;2;89;48;147m⣿[38;2;82;42;138m⣿[38;2;81;41;136m⣿[38;2;78;38;132m⣿[38;2;68;28;118m⣿[38;2;49;20;88m⣿[38;2;30;15;59m⣿[39m        [38;2;88;70;112m▒[38;2;116;92;147m▓[38;2;144;115;183m▓[38;2;172;137;219m█[38;2;201;160;255m█[39m[48;2;0;0;0m                  
                  [38;2;201;160;255m[48;2;8;6;15m█[38;2;172;137;219m█[38;2;144;115;183m▓[38;2;116;92;147m▓[38;2;88;70;112m▒[39m          [38;2;29;14;58m⠸[38;2;46;19;84m⢿[38;2;65;27;114m⣿[38;2;81;41;137m⣿⣿[38;2;65;27;113m⡿[38;2;37;16;72m⠇[39m              [38;2;30;15;60m⠈[38;2;41;18;77m⠻[38;2;54;22;96m⣿[38;2;64;27;111m⣿[38;2;66;27;115m⣿[38;2;63;26;110m⣿[38;2;57;24;101m⣿[38;2;51;21;92m⣿[38;2;47;19;86m⣿[38;2;49;20;89m⣿[38;2;61;25;107m⣿[38;2;80;40;135m⣿[38;2;99;59;158m⣿[38;2;116;75;175m⣿[38;2;129;88;186m⣿[38;2;145;105;196m⣿[38;2;162;122;207m⣿[38;2;167;126;211m⣿[38;2;166;125;210m⣿[38;2;156;116;204m⣿[38;2;133;93;188m⣿[38;2;93;52;152m⣿[38;2;57;24;101m⣿[38;2;38;17;74m⣿[38;2;34;16;66m⣿[38;2;31;15;61m⣿[38;2;28;14;56m⣿[38;2;25;12;51m⣶[39m             [38;2;38;17;73m⣿[38;2;52;21;93m⣿[38;2;65;27;113m⣿[38;2;86;45;143m⣿[38;2;131;91;187m⣿[38;2;170;130;213m⣿[38;2;186;149;225m⣿[38;2;169;129;212m⣿[38;2;122;81;180m⣿[38;2;59;24;104m⣿[38;2;29;14;58m⠇[39m    [38;2;38;17;73m⠘[38;2;63;26;110m⢿[38;2;84;44;140m⣿[38;2;97;57;156m⣿[38;2;95;55;155m⣿[38;2;86;45;143m⣿[38;2;80;40;135m⣿[38;2;78;38;132m⣿[38;2;77;37;130m⣿[38;2;75;34;127m⣿[38;2;75;35;127m⣿[38;2;76;36;129m⣿[38;2;77;37;131m⣿[38;2;77;37;130m⣿[38;2;71;30;122m⣿[38;2;57;24;101m⡿[38;2;38;17;73m⠏[39m  [38;2;31;15;61m⠘[38;2;37;16;72m⠿[38;2;40;17;75m⣿[38;2;44;18;81m⣿[38;2;51;21;92m⣿[38;2;56;23;100m⣿[38;2;57;24;102m⣿[38;2;61;25;107m⣿[38;2;63;26;110m⣿[38;2;56;23;100m⡿[38;2;39;17;74m⠏[39m       [38;2;37;16;72m⠈[38;2;48;20;87m⠻[38;2;59;24;103m⢿[38;2;67;28;116m⣿[38;2;68;29;119m⣿[38;2;65;27;113m⣿[38;2;62;25;108m⣿[38;2;65;27;114m⣿[38;2;69;29;120m⣿[38;2;65;27;113m⣿[38;2;49;20;89m⣿[38;2;30;15;60m⣿[39m        [38;2;88;70;112m▒[38;2;116;92;147m▓[38;2;144;115;183m▓[38;2;172;137;219m█[38;2;201;160;255m█[39m[48;2;0;0;0m                  
                  [38;2;201;160;255m[48;2;8;6;15m█[38;2;172;137;219m█[38;2;144;115;183m▓[38;2;116;92;147m▓[38;2;88;70;112m▒[39m             [38;2;31;15;61m⠉[39m                      [38;2;30;15;59m⠉[39m     [38;2;29;14;58m⠈[38;2;37;16;71m⠙[38;2;50;20;90m⠿[38;2;66;27;114m⢿[38;2;81;41;137m⣿[38;2;91;51;151m⣿[38;2;89;48;148m⣿[38;2;78;38;131m⣿[38;2;59;24;104m⠿[38;2;41;18;78m⠟[39m  [38;2;27;13;55m⠈[38;2;29;14;57m⠻[38;2;29;14;58m⢿[38;2;28;14;56m⣿[38;2;25;12;52m⣿[38;2;24;12;47m⣷[38;2;23;12;46m⣀[38;2;24;12;48m⣠[38;2;26;13;53m⣶[38;2;27;13;54m⣶[38;2;25;12;52m⣦[38;2;23;12;47m⡄[39m      [38;2;25;12;50m⠘[38;2;31;15;62m⢿[38;2;50;20;90m⣿[38;2;77;37;131m⣿[38;2;121;80;180m⣿[38;2;155;115;203m⣿[38;2;169;129;212m⣿[38;2;144;104;195m⣿[38;2;95;55;155m⣿[38;2;42;18;78m⠇[39m        [38;2;45;19;82m⠻[38;2;55;23;98m⠿[38;2;62;26;109m⢿[38;2;67;28;116m⣿[38;2;69;29;120m⣿⣿[38;2;68;28;117m⣿[38;2;66;27;114m⣿[38;2;62;26;108m⣿[38;2;53;21;95m⠿[38;2;40;17;76m⠟[39m        [38;2;31;15;62m⠈[38;2;40;17;76m⠻[38;2;45;19;83m⠿[38;2;42;18;79m⠿[38;2;34;16;66m⠟[39m             [38;2;30;15;60m⠹[38;2;36;16;70m⢿[38;2;40;17;75m⣿[38;2;43;18;80m⣿[38;2;49;20;89m⣿[38;2;52;21;94m⣿[38;2;49;20;88m⣿[38;2;36;16;71m⣿[38;2;26;13;54m⠇[39m        [38;2;88;70;112m▒[38;2;116;92;147m▓[38;2;144;115;183m▓[38;2;172;137;219m█[38;2;201;160;255m█[39m[48;2;0;0;0m                  
                  [38;2;201;160;255m[48;2;8;6;15m█[38;2;172;137;219m█[38;2;144;115;183m▓[38;2;116;92;147m▓[38;2;88;70;112m▒[39m                                                            [38;2;22;11;45m⠘[38;2;24;12;48m⢻[38;2;26;13;53m⣿[38;2;27;13;55m⣿[38;2;26;13;53m⣿[38;2;24;12;48m⣿[39m        [38;2;27;13;55m⠈[38;2;35;16;69m⠻[38;2;48;20;88m⠿[38;2;56;23;100m⠿[38;2;54;22;96m⠿[38;2;42;18;78m⠏[39m                                                 [38;2;27;13;55m⠘[38;2;33;16;64m⠻[38;2;40;17;75m⢿[38;2;40;17;76m⡿[38;2;34;16;66m⠿[38;2;26;13;53m⠃[39m         [38;2;88;70;112m▒[38;2;116;92;147m▓[38;2;144;115;183m▓[38;2;172;137;219m█[38;2;201;160;255m█[39m[48;2;0;0;0m                  
                  [38;2;201;160;255m[48;2;8;6;15m█[38;2;172;137;219m█[38;2;144;115;183m▓[38;2;116;92;147m▓[38;2;88;70;112m▒[39m                                                                [38;2;25;12;49m⠉[39m                                                                               [38;2;88;70;112m▒[38;2;116;92;147m▓[38;2;144;115;183m▓[38;2;172;137;219m█[38;2;201;160;255m█[39m[48;2;0;0;0m                  
                  [38;2;201;160;255m[48;2;8;6;15m█[38;2;172;137;219m█[38;2;144;115;183m▓[38;2;116;92;147m▓[38;2;88;70;112m▒[39m                                                                                                                                                [38;2;88;70;112m▒[38;2;116;92;147m▓[38;2;144;115;183m▓[38;2;172;137;219m█[38;2;201;160;255m█[39m[48;2;0;0;0m                  
                  [38;2;201;160;255m[48;2;8;6;15m█[38;2;172;137;219m█[38;2;144;115;183m▓[38;2;116;92;147m▓[38;2;88;70;112m▒[39m                                                                                                                                                [38;2;88;70;112m▒[38;2;116;92;147m▓[38;2;144;115;183m▓[38;2;172;137;219m█[38;2;201;160;255m█[39m[48;2;0;0;0m                  
                  [38;2;201;160;255m[48;2;8;6;15m█[38;2;172;137;219m█[38;2;144;115;183m▓[38;2;116;92;147m▓[38;2;88;70;112m▒[39m                                                                                                                                                [38;2;88;70;112m▒[38;2;116;92;147m▓[38;2;144;115;183m▓[38;2;172;137;219m█[38;2;201;160;255m█[39m[48;2;0;0;0m                  
                  [38;2;201;160;255m[48;2;8;6;15m█[38;2;172;137;219m█[38;2;144;115;183m▓[38;2;116;92;147m▓[38;2;88;70;112m▒[39m                                                                                                                                                [38;2;88;70;112m▒[38;2;116;92;147m▓[38;2;144;115;183m▓[38;2;172;137;219m█[38;2;201;160;255m█[39m[48;2;0;0;0m                  
                  [38;2;201;160;255m[48;2;8;6;15m█[38;2;172;137;219m█[38;2;144;115;183m▓[38;2;116;92;147m▓[38;2;88;70;112m▒[39m                                                                                                                 [38;2;21;11;44m⣄[39m                              [38;2;88;70;112m▒[38;2;116;92;147m▓[38;2;144;115;183m▓[38;2;172;137;219m█[38;2;201;160;255m█[39m[48;2;0;0;0m                  
                  [38;2;201;160;255m[48;2;8;6;15m█[38;2;172;137;219m█[38;2;144;115;183m▓[38;2;116;92;147m▓[38;2;88;70;112m▒[39m                                                                                                                 [38;2;22;11;45m⣿[39m                              [38;2;88;70;112m▒[38;2;116;92;147m▓[38;2;144;115;183m▓[38;2;172;137;219m█[38;2;201;160;255m█[39m[48;2;0;0;0m                  
                  [38;2;201;160;255m[48;2;8;6;15m█[38;2;172;137;219m█[38;2;144;115;183m▓[38;2;116;92;147m▓[38;2;88;70;112m▒[39m                                                                                                                 [38;2;22;11;45m⢹[39m                              [38;2;88;70;112m▒[38;2;116;92;147m▓[38;2;144;115;183m▓[38;2;172;137;219m█[38;2;201;160;255m█[39m[48;2;0;0;0m                  
                  [38;2;201;160;255m[48;2;8;6;15m█[38;2;172;137;219m█[38;2;144;115;183m▓[38;2;116;92;147m▓[38;2;88;70;112m▒[39m                                                                                                                                                [38;2;88;70;112m▒[38;2;116;92;147m▓[38;2;144;115;183m▓[38;2;172;137;219m█[38;2;201;160;255m█[39m[48;2;0;0;0m                  
                  [38;2;201;160;255m[48;2;8;6;15m█[38;2;172;137;219m█[38;2;144;115;183m▓[38;2;116;92;147m▓[38;2;88;70;112m▒[39m                                                                                                                                                [38;2;88;70;112m▒[38;2;116;92;147m▓[38;2;144;115;183m▓[38;2;172;137;219m█[38;2;201;160;255m█[39m[48;2;0;0;0m                  
                  [38;2;201;160;255m[48;2;8;6;15m█[38;2;172;137;219m█[38;2;144;115;183m▓[38;2;116;92;147m▓[38;2;88;70;112m▒[39m                                                                                                                                   [38;2;22;11;45m⢸[38;2;23;12;46m⣷[39m           [38;2;88;70;112m▒[38;2;116;92;147m▓[38;2;144;115;183m▓[38;2;172;137;219m█[38;2;201;160;255m█[39m[48;2;0;0;0m                  
                  [38;2;201;160;255m[48;2;8;6;15m█[38;2;172;137;219m█[38;2;144;115;183m▓[38;2;116;92;147m▓[38;2;88;70;112m▒[39m                                                                                                                                    [38;2;23;12;46m⠻[38;2;22;11;45m⣷[39m          [38;2;88;70;112m▒[38;2;116;92;147m▓[38;2;144;115;183m▓[38;2;172;137;219m█[38;2;201;160;255m█[39m[48;2;0;0;0m                  
                  [38;2;201;160;255m[48;2;8;6;15m█[38;2;172;137;219m█[38;2;144;115;183m▓[38;2;116;92;147m▓[38;2;88;70;112m▒[39m                                                                                                                                                [38;2;88;70;112m▒[38;2;116;92;147m▓[38;2;144;115;183m▓[38;2;172;137;219m█[38;2;201;160;255m█[39m[48;2;0;0;0m                  
                  [38;2;201;160;255m[48;2;8;6;15m█[38;2;172;137;219m█[38;2;144;115;183m▓[38;2;116;92;147m▓[38;2;88;70;112m▒[39m                                                                                                                                                [38;2;88;70;112m▒[38;2;116;92;147m▓[38;2;144;115;183m▓[38;2;172;137;219m█[38;2;201;160;255m█[39m[48;2;0;0;0m                  
                  [38;2;201;160;255m[48;2;8;6;15m█[38;2;172;137;219m█[38;2;144;115;183m▓[38;2;116;92;147m▓[38;2;88;70;112m▒[39m      [38;2;21;11;43m⠘⠋[38;2;20;10;42m⠈[39m                            [38;2;22;11;44m⣤⣴[39m                                                                                                         [38;2;88;70;112m▒[38;2;116;92;147m▓[38;2;144;115;183m▓[38;2;172;137;219m█[38;2;201;160;255m█[39m[48;2;0;0;0m                  
                  [38;2;201;160;255m[48;2;8;6;15m█[38;2;172;137;219m█[38;2;144;115;183m▓[38;2;116;92;147m▓[38;2;88;70;112m▒[39m                                                                                                                                                [38;2;88;70;112m▒[38;2;116;92;147m▓[38;2;144;115;183m▓[38;2;172;137;219m█[38;2;201;160;255m█[39m[48;2;0;0;0m                  
                  [38;2;201;160;255m[48;2;8;6;15m█[38;2;172;137;219m█[38;2;144;115;183m▓[38;2;116;92;147m▓[38;2;88;70;112m▒[39m                                                                                                                                                [38;2;88;70;112m▒[38;2;116;92;147m▓[38;2;144;115;183m▓[38;2;172;137;219m█[38;2;201;160;255m█[39m[48;2;0;0;0m                  
                  [38;2;201;160;255m[48;2;8;6;15m█[38;2;172;137;219m█[38;2;144;115;183m▓[38;2;116;92;147m▓[38;2;88;70;112m▒[39m                                                                                                                                                [38;2;88;70;112m▒[38;2;116;92;147m▓[38;2;144;115;183m▓[38;2;172;137;219m█[38;2;201;160;255m█[39m[48;2;0;0;0m                  
                  [38;2;201;160;255m[48;2;8;6;15m█[38;2;172;137;219m█[38;2;144;115;183m▓[38;2;116;92;147m▓[38;2;88;70;112m▒[39m                                                                                                                                                [38;2;88;70;112m▒[38;2;116;92;147m▓[38;2;144;115;183m▓[38;2;172;137;219m█[38;2;201;160;255m█[39m[48;2;0;0;0m                  
                  [38;2;201;160;255m[48;2;8;6;15m█[38;2;172;137;219m█[38;2;144;115;183m▓[38;2;116;92;147m▓[38;2;88;70;112m▒[39m                                                                                                                                                [38;2;88;70;112m▒[38;2;116;92;147m▓[38;2;144;115;183m▓[38;2;172;137;219m█[38;2;201;160;255m█[39m[48;2;0;0;0m                  
                  [38;2;201;160;255m[48;2;8;6;15m█[38;2;172;137;219m█[38;2;144;115;183m▓[38;2;116;92;147m▓[38;2;88;70;112m▒[39m                                                                                                                                                [38;2;88;70;112m▒[38;2;116;92;147m▓[38;2;144;115;183m▓[38;2;172;137;219m█[38;2;201;160;255m█[39m[48;2;0;0;0m                  
                  [38;2;201;160;255m[48;2;8;6;15m█[38;2;172;137;219m█[38;2;144;115;183m▓[38;2;130;104;165m▓▓▓▓▓▓▓▓▓▓▓▓▓▓▓▓▓▓▓▓▓▓▓▓▓▓▓▓▓▓▓▓▓▓▓▓▓▓▓▓▓▓▓▓▓▓▓▓▓▓▓▓▓▓▓▓▓▓▓▓▓▓▓▓▓▓▓▓▓▓▓▓▓▓▓▓▓▓▓▓▓▓▓▓▓▓▓▓▓▓▓▓▓▓▓▓▓▓▓▓▓▓▓▓▓▓▓▓▓▓▓▓▓▓▓▓▓▓▓▓▓▓▓▓▓▓▓▓▓▓▓▓▓▓▓▓▓▓▓▓▓▓▓▓▓▓▓▓[38;2;144;115;183m▓[38;2;172;137;219m█[38;2;201;160;255m█[39m[48;2;0;0;0m                  
                  [38;2;201;160;255m[48;2;8;6;15m██████████████████████████████████████████████████████████████████████████████████████████████████████████████████████████████████████████████████████████[39m[48;2;0;0;0m                  
                                                                                                                                                                                              
                                                                                                                                                                                              
