[48;2;0;22;15m                                                                                                                                                                                              
                                                                                                                                                                                              
                  [38;2;58;215;160m██████████████████████████████████████████████████████████████████████████████████████████████████████████████████████████████████████████████████████████[39m                  
                  [38;2;58;215;160m█[38;2;49;184;137m█[38;2;41;154;115m▓[38;2;37;139;104m▓▓▓▓▓▓▓▓▓▓▓▓▓▓▓▓▓▓▓▓▓▓▓▓▓▓▓▓▓▓▓▓▓▓▓▓▓▓▓▓▓▓▓▓▓▓▓▓▓▓▓▓▓▓▓▓▓▓▓▓▓▓▓▓▓▓▓▓▓▓▓▓▓▓▓▓▓▓▓▓▓▓▓▓▓▓▓▓▓▓▓▓▓▓▓▓▓▓▓▓▓▓▓▓▓▓▓▓▓▓▓▓▓▓▓▓▓▓▓▓▓▓▓▓▓▓▓▓▓▓▓▓▓▓▓▓▓▓▓▓▓▓▓▓▓▓▓▓[38;2;41;154;115m▓[38;2;49;184;137m█[38;2;58;215;160m█[39m                  
                  [38;2;58;215;160m█[38;2;49;184;137m█[38;2;41;154;115m▓[38;2;33;124;92m▓[38;2;25;94;70m▒[38;2;11;33;19m⡟[38;2;12;34;20m⢸⣇[39m                                                                                                                                             [38;2;25;94;70m▒[38;2;33;124;92m▓[38;2;41;154;115m▓[38;2;49;184;137m█[38;2;58;215;160m█[39m                  
                  [38;2;58;215;160m█[38;2;49;184;137m█[38;2;41;154;115m▓[38;2;33;124;92m▓[38;2;25;94;70m▒[38;2;11;32;19m⣄[38;2;12;34;20m⣿[38;2;12;37;21m⣿⣿[39m                                                                                                                                            [38;2;25;94;70m▒[38;2;33;124;92m▓[38;2;41;154;115m▓[38;2;49;184;137m█[38;2;58;215;160m█[39m                  
                  [38;2;58;215;160m█[38;2;49;184;137m█[38;2;41;154;115m▓[38;2;33;124;92m▓[38;2;25;94;70m▒[38;2;11;30;18m⠉[38;2;11;33;19m⠘[38;2;12;38;21m⢿[38;2;13;42;24m⣿[38;2;13;41;23m⣿[39m                                                                                                                                           [38;2;25;94;70m▒[38;2;33;124;92m▓[38;2;41;154;115m▓[38;2;49;184;137m█[38;2;58;215;160m█[39m                  
                  [38;2;58;215;160m█[38;2;49;184;137m█[38;2;41;154;115m▓[38;2;33;124;92m▓[38;2;25;94;70m▒[39m  [38;2;12;37;21m⢸[38;2;14;45;25m⣿[38;2;14;47;25m⣿[38;2;13;42;24m⣷[39m                                                                                                                                          [38;2;25;94;70m▒[38;2;33;124;92m▓[38;2;41;154;115m▓[38;2;49;184;137m█[38;2;58;215;160m█[39m                  
                  [38;2;58;215;160m█[38;2;49;184;137m█[38;2;41;154;115m▓[38;2;33;124;92m▓[38;2;25;94;70m▒[39m   [38;2;13;40;23m⢹[38;2;14;47;25m⣿[38;2;14;46;25m⣿[38;2;12;38;21m⡇[39m                                                                                                                                         [38;2;25;94;70m▒[38;2;33;124;92m▓[38;2;41;154;115m▓[38;2;49;184;137m█[38;2;58;215;160m█[39m                  
                  [38;2;58;215;160m█[38;2;49;184;137m█[38;2;41;154;115m▓[38;2;33;124;92m▓[38;2;25;94;70m▒[39m    [38;2;13;39;22m⢻[38;2;13;42;24m⣿[38;2;12;38;21m⣿[39m                                                                                                                                         [38;2;25;94;70m▒[38;2;33;124;92m▓[38;2;41;154;115m▓[38;2;49;184;137m█[38;2;58;215;160m█[39m                  
                  [38;2;58;215;160m█[38;2;49;184;137m█[38;2;41;154;115m▓[38;2;33;124;92m▓[38;2;25;94;70m▒[39m     [38;2;12;35;20m⠸[38;2;12;37;21m⣿[38;2;12;34;20m⣷[39m                                                                                                                                        [38;2;25;94;70m▒[38;2;33;124;92m▓[38;2;41;154;115m▓[38;2;49;184;137m█[38;2;58;215;160m█[39m                  
                  [38;2;58;215;160m█[38;2;49;184;137m█[38;2;41;154;115m▓[38;2;33;124;92m▓[38;2;25;94;70m▒[39m      [38;2;11;32;19m⢸[38;2;11;33;19m⣿[38;2;11;31;19m⡇[39m                                                                                                                                       [38;2;25;94;70m▒[38;2;33;124;92m▓[38;2;41;154;115m▓[38;2;49;184;137m█[38;2;58;215;160m█[39m                  
                  [38;2;58;215;160m█[38;2;49;184;137m█[38;2;41;154;115m▓[38;2;33;124;92m▓[38;2;25;94;70m▒[39m       [38;2;11;31;19m⠸[39m                                                                                                                                        [38;2;25;94;70m▒[38;2;33;124;92m▓[38;2;41;154;115m▓[38;2;49;184;137m█[38;2;58;215;160m█[39m                  
                  [38;2;58;215;160m█[38;2;49;184;137m█[38;2;41;154;115m▓[38;2;33;124;92m▓[38;2;25;94;70m▒[39m        [38;2;12;36;20m⢰[38;2;12;35;20m⡄[39m                                                                                                                                      [38;2;25;94;70m▒[38;2;33;124;92m▓[38;2;41;154;115m▓[38;2;49;184;137m█[38;2;58;215;160m█[39m                  
                  [38;2;58;215;160m█[38;2;49;184;137m█[38;2;41;154;115m▓[38;2;33;124;92m▓[38;2;25;94;70m▒[39m        [38;2;14;46;25m⣿[38;2;14;48;26m⣿[38;2;13;41;23m⡆[39m                                                                                                                                     [38;2;25;94;70m▒[38;2;33;124;92m▓[38;2;41;154;115m▓[38;2;49;184;137m█[38;2;58;215;160m█[39m                  
                  [38;2;58;215;160m█[38;2;49;184;137m█[38;2;41;154;115m▓[38;2;33;124;92m▓[38;2;25;94;70m▒[39m       [38;2;12;37;21m⢸[38;2;15;52;28m⣿[38;2;15;55;29m⣿[38;2;14;48;26m⣿[39m                                                                                                                                     [38;2;25;94;70m▒[38;2;33;124;92m▓[38;2;41;154;115m▓[38;2;49;184;137m█[38;2;58;215;160m█[39m                  
                  [38;2;58;215;160m█[38;2;49;184;137m█[38;2;41;154;115m▓[38;2;33;124;92m▓[38;2;25;94;70m▒[39m        [38;2;15;52;28m⣿[38;2;15;55;29m⣿[38;2;14;48;26m⣿[39m                                                     [38;2;11;29;17m⢰⣷[39m                                                                              [38;2;25;94;70m▒[38;2;33;124;92m▓[38;2;41;154;115m▓[38;2;49;184;137m█[38;2;58;215;160m█[39m                  
                  [38;2;58;215;160m█[38;2;49;184;137m█[38;2;41;154;115m▓[38;2;33;124;92m▓[38;2;25;94;70m▒[39m        [38;2;14;46;25m⣿[38;2;14;48;26m⣿[38;2;13;41;23m⡇[39m                                                     [38;2;11;29;17m⠘⠟[39m                                                         [38;2;13;40;22m⣴[38;2;13;39;22m⣶[38;2;12;35;20m⣶[38;2;11;30;18m⡄[39m                 [38;2;25;94;70m▒[38;2;33;124;92m▓[38;2;41;154;115m▓[38;2;49;184;137m█[38;2;58;215;160m█[39m                  
                  [38;2;58;215;160m█[38;2;49;184;137m█[38;2;41;154;115m▓[38;2;33;124;92m▓[38;2;25;94;70m▒[39m       [38;2;12;35;20m⢸[38;2;13;42;24m⣿⣿[38;2;12;36;20m⡇[39m                                                                                                             [38;2;12;37;21m⢠[38;2;14;45;25m⣾[38;2;14;49;27m⣿⣿[38;2;13;43;24m⣿[38;2;12;36;20m⣿[38;2;11;30;18m⠃[39m   [38;2;11;29;17m⠈[38;2;11;32;19m⢿⣷[38;2;11;31;19m⡄[39m          [38;2;25;94;70m▒[38;2;33;124;92m▓[38;2;41;154;115m▓[38;2;49;184;137m█[38;2;58;215;160m█[39m                  
                  [38;2;58;215;160m█[38;2;49;184;137m█[38;2;41;154;115m▓[38;2;33;124;92m▓[38;2;25;94;70m▒[39m        [38;2;12;38;21m⣿[38;2;12;37;21m⣿[39m             [38;2;11;30;18m⢹[38;2;11;31;19m⣿⣧[39m   [38;2;13;42;24m⢠[38;2;15;53;29m⣴[38;2;16;64;33m⣶[38;2;17;68;35m⣶[38;2;17;66;34m⣶[38;2;16;58;30m⣶[38;2;14;49;27m⣦[38;2;13;41;23m⣄[39m  [38;2;13;42;24m⢀[38;2;14;49;27m⣤[38;2;15;52;28m⣴⣶[38;2;14;49;27m⣶⣶[38;2;15;50;28m⣶⣦⣤[38;2;14;48;26m⣤[38;2;13;44;24m⣀[39m                                               [38;2;13;39;22m⣠[38;2;13;44;24m⣤[38;2;14;46;25m⣤[38;2;14;48;26m⣶⣶[38;2;14;45;25m⣄[39m                [38;2;12;36;20m⢰[38;2;13;43;24m⣿[38;2;14;49;27m⣿[38;2;15;51;28m⣿[38;2;14;48;26m⣿[38;2;13;41;23m⡿[39m       [38;2;11;33;19m⢿[38;2;11;32;19m⣿[39m          [38;2;25;94;70m▒[38;2;33;124;92m▓[38;2;41;154;115m▓[38;2;49;184;137m█[38;2;58;215;160m█[39m                  
                  [38;2;58;215;160m█[38;2;49;184;137m█[38;2;41;154;115m▓[38;2;33;124;92m▓[38;2;25;94;70m▒[39m        [38;2;12;34;20m⣿[38;2;11;33;19m⠇[39m              [38;2;11;30;18m⠸[38;2;11;32;19m⢿[38;2;12;36;20m⣿[38;2;13;43;24m⣷[38;2;16;63;33m⣿[38;2;20;93;45m⣿[38;2;19;117;55m⣿[38;2;28;127;61m⣿[38;2;26;125;59m⣿[38;2;19;115;54m⣿[38;2;21;103;49m⣿[38;2;19;91;44m⣿[38;2;18;77;39m⣿[38;2;16;63;33m⣿[38;2;16;64;33m⣿[38;2;18;78;39m⣿[38;2;19;89;44m⣿[38;2;19;87;43m⣿[38;2;18;77;39m⣿[38;2;17;68;35m⣿[38;2;17;65;34m⣿[38;2;17;66;34m⣿[38;2;17;69;35m⣿[38;2;17;73;37m⣿[38;2;18;76;38m⣿[38;2;18;77;39m⣿[38;2;18;74;38m⣿[38;2;17;65;34m⣿[38;2;15;50;28m⣦[39m            [38;2;11;31;19m⢀[38;2;11;32;19m⡀[39m        [38;2;13;41;23m⢀[38;2;14;47;25m⣠[38;2;14;49;27m⣴[38;2;15;53;29m⣶[38;2;16;56;30m⣶[38;2;16;58;30m⣶⣶⣶[38;2;16;61;32m⣶[38;2;17;65;34m⣶[38;2;17;66;34m⣦[38;2;16;61;32m⣤[38;2;15;54;29m⣤[38;2;14;49;27m⣤[38;2;13;44;24m⣤[38;2;12;38;21m⡀[39m    [38;2;11;32;19m⣰[38;2;12;38;21m⣿[38;2;14;46;25m⣿[38;2;15;52;28m⣿[38;2;16;58;30m⣿[38;2;17;67;34m⣿[38;2;18;77;39m⣿[38;2;18;79;39m⣿[38;2;17;70;35m⣿[38;2;15;54;29m⣦[39m    [38;2;14;46;25m⣠[38;2;14;49;27m⣤⣤[38;2;14;47;25m⣤[38;2;13;41;23m⡀[39m    [38;2;11;32;19m⣸[38;2;12;37;21m⣿[38;2;13;41;23m⣿[38;2;13;44;24m⡿[38;2;13;43;24m⠟[39m          [38;2;11;32;19m⢻[39m          [38;2;25;94;70m▒[38;2;33;124;92m▓[38;2;41;154;115m▓[38;2;49;184;137m█[38;2;58;215;160m█[39m                  
                  [38;2;58;215;160m█[38;2;49;184;137m█[38;2;41;154;115m▓[38;2;33;124;92m▓[38;2;25;94;70m▒[39m       [38;2;11;31;19m⠸[38;2;11;32;19m⣿[39m                 [38;2;13;41;23m⢹[38;2;17;70;35m⣿[38;2;19;115;54m⣿[38;2;41;141;70m⣿[38;2;52;152;81m⣿[38;2;42;142;71m⣿[38;2;29;128;61m⣿[38;2;19;117;55m⣿[38;2;20;108;51m⣿[38;2;20;105;50m⣿[38;2;20;104;50m⣿[38;2;21;99;48m⣿[38;2;20;95;46m⣿[38;2;20;94;45m⣿[38;2;20;95;46m⣿[38;2;19;89;44m⣿[38;2;18;77;39m⣿[38;2;17;67;34m⣿[38;2;16;63;33m⣿[38;2;16;64;33m⣿[38;2;17;68;35m⣿[38;2;17;72;37m⣿[38;2;18;76;38m⣿[38;2;18;81;40m⣿[38;2;19;87;43m⣿[38;2;20;93;45m⣿[38;2;19;90;44m⣿[38;2;18;79;39m⣿[38;2;17;70;35m⣶[38;2;17;73;37m⣶[38;2;18;75;38m⣾[38;2;17;67;34m⣿[38;2;15;52;28m⣿[38;2;13;40;22m⣿[38;2;12;34;20m⣷[38;2;11;30;18m⣆[39m  [38;2;11;30;18m⢸[38;2;11;31;19m⣿[38;2;11;32;19m⣿[38;2;11;33;19m⣿[38;2;12;35;20m⣿[38;2;13;39;22m⣶[38;2;13;41;23m⣶[38;2;14;46;25m⣄[38;2;16;61;32m⢠[38;2;18;82;40m⣴[38;2;19;90;44m⣾[38;2;19;85;42m⣿[38;2;17;70;35m⣿[38;2;16;62;33m⣿[38;2;16;61;32m⣿[38;2;16;64;33m⣿[38;2;17;71;36m⣿[38;2;18;81;40m⣿[38;2;20;95;46m⣿[38;2;20;119;56m⣿[38;2;36;137;67m⣿[38;2;41;141;70m⣿[38;2;29;128;61m⣿[38;2;20;109;51m⣿[38;2;20;94;45m⣿[38;2;19;87;43m⣿[38;2;18;79;39m⣿[38;2;17;69;35m⣷[38;2;15;54;29m⣶[38;2;13;41;23m⣶[38;2;12;34;20m⣾[38;2;11;33;19m⡿[38;2;12;38;21m⠿[38;2;13;44;24m⣿[38;2;15;50;28m⣿[38;2;16;56;30m⣿[38;2;17;66;34m⣿[38;2;18;78;39m⣿[38;2;18;82;40m⣿[38;2;18;78;39m⣿[38;2;17;68;35m⣿[38;2;16;63;33m⣿[38;2;17;68;35m⣿[38;2;19;85;42m⣿[38;2;21;102;49m⣿[38;2;20;113;53m⣿⣿[38;2;20;106;50m⣿[38;2;20;97;46m⣿[38;2;19;89;44m⣿[38;2;18;77;39m⣿[38;2;16;61;32m⣷[38;2;14;46;25m⣶[38;2;12;37;21m⣿[38;2;11;33;19m⡟⠁[39m             [38;2;11;31;19m⢸⣧[39m         [38;2;25;94;70m▒[38;2;33;124;92m▓[38;2;41;154;115m▓[38;2;49;184;137m█[38;2;58;215;160m█[39m                  
                  [38;2;58;215;160m█[38;2;49;184;137m█[38;2;41;154;115m▓[38;2;33;124;92m▓[38;2;25;94;70m▒[39m        [38;2;13;43;24m⣤[39m                 [38;2;14;47;25m⢸[38;2;20;95;46m⣿[38;2;47;147;76m⣿[38;2;73;167;101m⣿[38;2;66;163;94m⣿[38;2;34;134;65m⣿[38;2;20;113;53m⣿[38;2;21;99;47m⣿[38;2;20;93;45m⣿[38;2;21;98;47m⣿[38;2;20;110;52m⣿[38;2;20;119;56m⣿[38;2;21;120;57m⣿[38;2;20;112;53m⣿[38;2;20;96;46m⣿[38;2;18;78;39m⡿[38;2;16;61;32m⠋[39m     [38;2;16;62;33m⠙[38;2;17;71;36m⢿[38;2;19;83;41m⣿[38;2;21;100;48m⣿[38;2;20;111;53m⣿[38;2;20;108;51m⣿[38;2;20;97;46m⣿[38;2;19;90;44m⣿[38;2;19;87;43m⣿[38;2;18;75;38m⣿[38;2;15;55;29m⣿[38;2;13;41;23m⣿[38;2;12;34;20m⠏[39m       [38;2;12;36;20m⠻[38;2;13;42;24m⣿[38;2;14;49;27m⣿[38;2;17;72;36m⣿[38;2;20;112;53m⣿[38;2;34;135;65m⣿[38;2;33;133;64m⣿[38;2;20;108;51m⣿[38;2;17;73;37m⣿[38;2;16;61;32m⣿[38;2;16;59;31m⣿[38;2;16;62;33m⣿[38;2;17;70;35m⣿[38;2;18;82;40m⣿[38;2;21;103;49m⣿[38;2;35;136;66m⣿[38;2;61;160;90m⣿[38;2;70;166;98m⣿[38;2;50;150;79m⣿[38;2;25;124;59m⣿[38;2;20;105;50m⣿[38;2;20;95;46m⣿[38;2;20;92;45m⣿[38;2;19;91;44m⣿[38;2;18;81;40m⣿[38;2;16;64;33m⣿[38;2;13;43;24m⣷[39m     [38;2;15;51;28m⠈[38;2;16;64;33m⠻[38;2;17;72;36m⢿[38;2;17;73;37m⣿[38;2;18;77;39m⣿[38;2;21;99;47m⣿[38;2;24;123;59m⣿[38;2;39;139;68m⣿[38;2;43;143;72m⣿[38;2;36;137;66m⣿[38;2;25;124;59m⣿[38;2;20;112;53m⣿[38;2;21;102;49m⣿[38;2;21;101;49m⣿⣿[38;2;20;93;45m⣿[38;2;18;74;38m⣿[38;2;14;49;27m⣿[39m               [38;2;11;31;19m⢸⡟[39m         [38;2;25;94;70m▒[38;2;33;124;92m▓[38;2;41;154;115m▓[38;2;49;184;137m█[38;2;58;215;160m█[39m                  
                  [38;2;58;215;160m█[38;2;49;184;137m█[38;2;41;154;115m▓[38;2;33;124;92m▓[38;2;25;94;70m▒[39m       [38;2;17;71;36m⣼[38;2;18;80;40m⣿[38;2;17;73;37m⣷[38;2;13;44;24m⡆[39m               [38;2;14;49;27m⢸[38;2;21;103;49m⣿[38;2;53;153;82m⣿[38;2;62;161;91m⣿[38;2;37;138;67m⣿[38;2;18;79;39m⡿[39m   [38;2;16;61;32m⠹[38;2;19;90;44m⣿[38;2;19;116;54m⣿[38;2;27;126;60m⣿[38;2;19;117;55m⣿[38;2;19;90;44m⣿[38;2;16;57;30m⣇[39m        [38;2;15;53;29m⠸[38;2;19;90;44m⣿[38;2;20;119;56m⣿[38;2;25;124;59m⣿[38;2;19;115;54m⣿[38;2;20;96;46m⣿[38;2;19;86;43m⣿[38;2;17;70;35m⣿[38;2;14;49;27m⡿[38;2;12;36;20m⠃[39m         [38;2;13;40;23m⠸[38;2;15;54;29m⣿[38;2;19;91;44m⣿[38;2;32;132;63m⣿[38;2;51;151;80m⣿[38;2;39;140;69m⣿[38;2;20;104;50m⣿[38;2;16;60;32m⡟[39m   [38;2;14;46;25m⠈[38;2;16;61;32m⢻[38;2;19;89;44m⣿[38;2;29;128;61m⣿[38;2;58;157;87m⣿[38;2;72;167;100m⣿[38;2;53;153;82m⣿[38;2;26;125;59m⣿[38;2;21;101;49m⣿[38;2;19;89;44m⣿⣿[38;2;21;98;47m⣿[38;2;20;97;46m⣿[38;2;19;83;41m⣿[38;2;15;55;29m⣿[39m        [38;2;15;52;28m⢸[38;2;19;91;44m⣿[38;2;34;135;65m⣿[38;2;61;160;90m⣿[38;2;71;166;99m⣿[38;2;53;153;82m⣿[38;2;34;135;65m⣿[38;2;19;117;55m⣿[38;2;21;101;49m⣿[38;2;20;94;45m⣿[38;2;20;97;46m⣿[38;2;20;111;53m⣿[38;2;19;115;54m⣿[38;2;21;101;49m⣿[38;2;17;71;36m⣿[38;2;13;40;22m⡇[39m              [38;2;11;30;18m⠘[39m          [38;2;25;94;70m▒[38;2;33;124;92m▓[38;2;41;154;115m▓[38;2;49;184;137m█[38;2;58;215;160m█[39m                  
                  [38;2;58;215;160m█[38;2;49;184;137m█[38;2;41;154;115m▓[38;2;33;124;92m▓[38;2;25;94;70m▒[39m      [38;2;14;47;25m⢸[38;2;19;85;42m⣿[38;2;21;98;47m⣿[38;2;19;91;44m⣿[38;2;16;57;30m⣷[39m               [38;2;14;49;27m⣼[38;2;19;90;44m⣿[38;2;27;126;60m⣿[38;2;28;127;61m⣿[38;2;21;103;49m⣿[38;2;15;51;28m⡇[39m    [38;2;16;56;30m⢹[38;2;19;89;44m⣿[38;2;20;113;53m⣿[38;2;20;119;56m⣿[38;2;20;109;51m⣿[38;2;19;85;42m⣿[38;2;16;59;31m⣧[39m        [38;2;18;78;39m⣾[38;2;19;117;55m⣿[38;2;25;124;59m⣿[38;2;20;111;53m⣿[38;2;18;74;38m⣿[38;2;15;53;29m⡿[39m             [38;2;15;50;28m⣿[38;2;20;92;45m⣿[38;2;28;127;60m⣿[38;2;35;136;66m⣿[38;2;19;116;54m⣿[38;2;17;72;37m⡟[39m      [38;2;14;49;27m⠸[38;2;18;80;40m⢿[38;2;20;107;50m⣿[38;2;24;123;59m⣿[38;2;22;121;58m⣿[38;2;21;102;49m⣿[38;2;18;75;38m⣿[39m [38;2;16;56;30m⠸[38;2;19;83;41m⣿[38;2;20;96;46m⣿[38;2;19;90;44m⣿[38;2;16;62;33m⣿[39m       [38;2;13;43;24m⢠[38;2;17;68;35m⣾[38;2;20;107;50m⣿[38;2;44;144;73m⣿[38;2;62;161;90m⣿[38;2;54;153;83m⣿[38;2;24;123;59m⣿[38;2;19;88;43m⡿[38;2;16;59;31m⠏[39m  [38;2;16;60;32m⢸[38;2;21;101;49m⣿[38;2;25;124;59m⣿[38;2;21;120;57m⣿[38;2;19;90;44m⣿[38;2;15;50;28m⣿[39m            [38;2;12;38;21m⣀[39m            [38;2;25;94;70m▒[38;2;33;124;92m▓[38;2;41;154;115m▓[38;2;49;184;137m█[38;2;58;215;160m█[39m                  
                  [38;2;58;215;160m█[38;2;49;184;137m█[38;2;41;154;115m▓[38;2;33;124;92m▓[38;2;25;94;70m▒[39m      [38;2;14;46;25m⢸[38;2;18;81;40m⣿[38;2;20;96;46m⣿[38;2;20;92;45m⣿[38;2;17;65;34m⣿[38;2;14;45;25m⣇[39m            [38;2;11;32;19m⢠[38;2;12;36;20m⣾[38;2;13;43;24m⣿[38;2;16;61;32m⣿[38;2;19;83;41m⣿[38;2;19;86;43m⣿[38;2;18;76;38m⣿[38;2;15;53;29m⣷[38;2;13;42;24m⡄[39m    [38;2;16;57;30m⢸[38;2;19;85;42m⣿[38;2;20;105;50m⣿[38;2;19;115;54m⣿[38;2;20;111;53m⣿[38;2;20;97;46m⣿[38;2;18;77;39m⣷[38;2;16;56;30m⣦[39m    [38;2;15;52;28m⢠[38;2;18;81;40m⣴[38;2;19;115;54m⣿[38;2;34;134;65m⣿[38;2;28;127;60m⣿[38;2;21;99;47m⣿[38;2;16;56;30m⣿[39m              [38;2;14;46;25m⢹[38;2;18;80;40m⣿[38;2;20;97;46m⣿[38;2;20;94;45m⣿[38;2;17;68;35m⡿[39m        [38;2;14;46;25m⢸[38;2;17;66;34m⣿[38;2;19;89;44m⣿[38;2;21;102;49m⣿[38;2;21;101;49m⣿[38;2;19;87;43m⣿[38;2;17;66;34m⣷[38;2;15;52;28m⡄[38;2;17;68;35m⣿[38;2;18;81;40m⣿[38;2;18;80;40m⣿[38;2;16;57;30m⣿[39m      [38;2;15;52;28m⢰[38;2;17;72;37m⣾[38;2;19;91;44m⣿[38;2;20;113;53m⣿[38;2;33;133;64m⣿⣿[38;2;20;113;53m⣿[38;2;17;73;37m⡿[39m    [38;2;15;52;28m⢸[38;2;21;102;49m⣿[38;2;31;130;62m⣿[38;2;29;128;61m⣿[38;2;21;99;47m⣿[38;2;16;58;30m⣿[38;2;14;45;25m⣿[38;2;13;40;22m⣶[38;2;13;41;23m⣶[38;2;14;46;25m⣶[38;2;15;50;28m⣶[38;2;16;56;30m⣶[38;2;16;64;33m⣶[38;2;17;71;36m⣶[38;2;18;75;38m⣾[38;2;18;76;38m⣿[38;2;18;77;39m⣿⣿[38;2;18;75;38m⣿[38;2;17;66;34m⣿[38;2;15;51;28m⣷[38;2;12;37;21m⡄[39m         [38;2;25;94;70m▒[38;2;33;124;92m▓[38;2;41;154;115m▓[38;2;49;184;137m█[38;2;58;215;160m█[39m                  
                  [38;2;58;215;160m█[38;2;49;184;137m█[38;2;41;154;115m▓[38;2;33;124;92m▓[38;2;25;94;70m▒[39m       [38;2;15;53;29m⢻[38;2;17;66;34m⣿[38;2;17;69;35m⣿[38;2;16;63;33m⣿[38;2;17;65;34m⣿[38;2;18;76;38m⣿[38;2;19;87;43m⣿⣿[38;2;17;72;37m⣶[38;2;14;48;26m⡆[39m       [38;2;11;32;19m⣿[38;2;12;34;20m⣿[38;2;12;36;20m⠟[38;2;12;38;21m⠛[38;2;14;47;25m⢻[38;2;15;54;29m⣿[38;2;16;59;31m⣿[38;2;16;60;32m⣿[38;2;16;62;33m⣿[38;2;17;67;34m⣿[38;2;17;70;35m⣷⣶[38;2;17;66;34m⣶[38;2;16;64;33m⣶[38;2;17;73;37m⣿[38;2;19;89;44m⣿[38;2;20;108;51m⣿[38;2;20;119;56m⣿[38;2;25;124;59m⣿[38;2;21;120;57m⣿[38;2;20;113;53m⣿[38;2;20;107;50m⣿[38;2;20;108;51m⣿[38;2;19;115;54m⣿[38;2;23;122;58m⣿[38;2;33;133;64m⣿[38;2;47;147;76m⣿[38;2;56;155;85m⣿[38;2;49;149;78m⣿[38;2;22;121;57m⣿[38;2;19;83;41m⣿[38;2;14;48;26m⡇[39m              [38;2;13;39;22m⢸[38;2;16;62;33m⣿[38;2;18;76;38m⣿[38;2;18;77;39m⣿[38;2;16;61;32m⣿[38;2;14;47;25m⡄[38;2;14;49;27m⣀[38;2;16;63;33m⣤[38;2;18;75;38m⣤[38;2;18;76;38m⣤[38;2;16;64;33m⣄[38;2;14;48;26m⡀[38;2;12;38;21m⣠[38;2;12;37;21m⣾[38;2;13;44;24m⣿[38;2;16;60;32m⣿[38;2;18;81;40m⣿[38;2;20;97;46m⣿[38;2;20;105;50m⣿⣿[38;2;21;99;47m⣿[38;2;20;93;45m⣿[38;2;19;85;42m⣿[38;2;17;73;37m⣿[38;2;16;56;30m⣿[39m   [38;2;14;48;26m⢀[38;2;16;60;32m⣴[38;2;18;75;38m⣾[38;2;19;87;43m⣿[38;2;20;94;45m⣿[38;2;20;97;46m⣿[38;2;20;96;46m⣿[38;2;20;93;45m⣿[38;2;19;86;43m⣿[38;2;17;73;37m⣿[38;2;15;55;29m⣷[39m   [38;2;14;48;26m⢠[38;2;17;72;36m⣾[38;2;20;110;52m⣿[38;2;27;126;60m⣿[38;2;20;118;56m⣿[38;2;19;87;43m⣿[38;2;15;54;29m⣿[38;2;14;45;25m⣿[38;2;13;43;24m⣿[38;2;14;47;25m⣿[38;2;15;54;29m⣿[38;2;16;63;33m⣿[38;2;17;73;37m⣿[38;2;19;85;42m⣿[38;2;20;95;46m⣿[38;2;21;100;48m⣿[38;2;21;99;47m⣿[38;2;20;95;46m⣿[38;2;20;92;45m⣿[38;2;19;90;44m⣿[38;2;19;83;41m⣿[38;2;17;70;35m⣿[38;2;15;50;28m⣿[38;2;12;36;20m⡆[39m        [38;2;25;94;70m▒[38;2;33;124;92m▓[38;2;41;154;115m▓[38;2;49;184;137m█[38;2;58;215;160m█[39m                  
                  [38;2;58;215;160m█[38;2;49;184;137m█[38;2;41;154;115m▓[38;2;33;124;92m▓[38;2;25;94;70m▒[39m        [38;2;12;38;21m⠘[38;2;13;44;24m⢿[38;2;15;52;28m⣿[38;2;17;66;34m⣿[38;2;18;82;40m⣿[38;2;20;96;46m⣿[38;2;20;95;46m⣿[38;2;18;79;39m⣿[38;2;15;52;28m⣿[39m  [38;2;11;29;17m⠙⠋[39m        [38;2;12;38;21m⠸[38;2;14;47;25m⢿[38;2;16;56;30m⣿[38;2;16;63;33m⣿[38;2;17;72;36m⣿[38;2;18;78;39m⣿[38;2;18;79;39m⣿[38;2;18;76;38m⣿[38;2;17;70;35m⣿[38;2;17;68;35m⣿[38;2;17;72;36m⣿[38;2;19;85;42m⣿[38;2;21;103;49m⣿[38;2;20;118;56m⣿[38;2;25;124;59m⣿[38;2;26;125;59m⣿[38;2;28;127;61m⣿[38;2;36;137;66m⣿[38;2;47;147;76m⣿[38;2;53;153;82m⣿[38;2;56;155;85m⣿[38;2;59;159;88m⣿[38;2;56;155;85m⣿[38;2;36;137;67m⣿[38;2;21;102;49m⣿[38;2;17;66;34m⣿[38;2;14;48;26m⣷[38;2;13;40;22m⣆[39m              [38;2;14;48;26m⢻[38;2;16;64;33m⣿[38;2;17;72;37m⣿[38;2;18;74;38m⣿[38;2;19;85;42m⣿[38;2;19;114;54m⣿[38;2;39;140;69m⣿[38;2;57;156;86m⣿[38;2;44;144;73m⣿[38;2;19;116;54m⣿[38;2;17;68;35m⣿[38;2;13;42;24m⣿[38;2;12;34;20m⡿[38;2;12;35;20m⠟[38;2;13;39;22m⠻[38;2;15;55;29m⢿[38;2;18;79;39m⣿[38;2;21;98;47m⣿[38;2;20;110;52m⣿[38;2;20;111;53m⣿[38;2;20;107;50m⣿[38;2;21;98;47m⣿[38;2;19;90;44m⣿[38;2;19;85;42m⣿[38;2;18;81;40m⣿[38;2;18;79;39m⣿[38;2;18;80;40m⣿[38;2;19;83;41m⣿[38;2;19;86;43m⣿[38;2;19;90;44m⣿[38;2;20;93;45m⣿[38;2;19;91;44m⣿[38;2;18;80;40m⣿[38;2;17;66;34m⣿[38;2;16;58;30m⣿[38;2;16;59;31m⣿[38;2;16;61;32m⣿[38;2;16;56;30m⣿[38;2;15;55;29m⣿[38;2;16;61;32m⣿[38;2;17;65;34m⣿[38;2;17;68;35m⣿[38;2;18;80;40m⣿[38;2;21;100;48m⣿[38;2;20;106;50m⣿[38;2;20;92;45m⣿[38;2;16;63;33m⣿[38;2;13;43;24m⠿[38;2;13;39;22m⠟[38;2;13;40;22m⠻[38;2;14;45;25m⢿[38;2;15;52;28m⣿[38;2;16;61;32m⣿[38;2;17;72;36m⣿[38;2;19;84;42m⣿[38;2;20;96;46m⣿[38;2;21;103;49m⣿[38;2;21;102;49m⣿[38;2;20;97;46m⣿[38;2;19;91;44m⣿[38;2;19;90;44m⣿[38;2;19;87;43m⣿[38;2;18;78;39m⣿[38;2;16;60;31m⣿[38;2;13;42;24m⣿[39m        [38;2;25;94;70m▒[38;2;33;124;92m▓[38;2;41;154;115m▓[38;2;49;184;137m█[38;2;58;215;160m█[39m                  
                  [38;2;58;215;160m█[38;2;49;184;137m█[38;2;41;154;115m▓[38;2;33;124;92m▓[38;2;25;94;70m▒[39m          [38;2;13;41;23m⠸[38;2;16;57;30m⢿[38;2;18;75;38m⣿[38;2;19;90;44m⣿⣿[38;2;18;75;38m⡿[38;2;14;49;27m⠇[39m              [38;2;13;43;24m⠈[38;2;15;53;29m⠻[38;2;17;65;34m⣿[38;2;18;74;38m⣿[38;2;18;76;38m⣿[38;2;17;73;37m⣿[38;2;17;68;35m⣿[38;2;16;62;33m⣿[38;2;16;58;30m⣿[38;2;16;60;31m⣿[38;2;17;71;36m⣿[38;2;19;89;44m⣿[38;2;20;104;50m⣿[38;2;19;116;54m⣿[38;2;25;124;59m⣿[38;2;34;135;65m⣿[38;2;46;146;75m⣿[38;2;50;150;79m⣿[38;2;49;149;78m⣿[38;2;42;142;71m⣿[38;2;27;126;60m⣿[38;2;21;100;48m⣿[38;2;17;68;35m⣿[38;2;15;50;28m⣿[38;2;14;47;25m⣿[38;2;13;43;24m⣿[38;2;13;39;22m⣿[38;2;12;35;20m⣶[39m             [38;2;15;50;28m⣿[38;2;16;63;33m⣿[38;2;18;75;38m⣿[38;2;20;94;45m⣿[38;2;26;125;59m⣿[38;2;53;153;82m⣿[38;2;72;167;100m⣿[38;2;52;152;81m⣿[38;2;20;119;56m⣿[38;2;17;69;35m⣿[38;2;13;41;23m⠇[39m    [38;2;15;50;28m⠘[38;2;17;73;37m⢿[38;2;20;93;45m⣿[38;2;21;102;49m⣿⣿[38;2;20;94;45m⣿[38;2;19;89;44m⣿[38;2;19;87;43m⣿[38;2;19;86;43m⣿[38;2;19;84;41m⣿[38;2;19;84;42m⣿[38;2;19;85;42m⣿[38;2;19;86;43m⣿⣿[38;2;18;80;40m⣿[38;2;17;68;35m⡿[38;2;15;50;28m⠏[39m  [38;2;13;44;24m⠘[38;2;14;49;27m⠿[38;2;15;52;28m⣿[38;2;15;55;29m⣿[38;2;16;62;33m⣿[38;2;17;67;34m⣿[38;2;17;68;35m⣿[38;2;17;71;36m⣿[38;2;17;73;37m⣿[38;2;17;67;34m⡿[38;2;15;51;28m⠏[39m       [38;2;14;49;27m⠈[38;2;16;59;31m⠻[38;2;17;69;35m⢿[38;2;18;77;39m⣿[38;2;18;78;39m⣿[38;2;18;75;38m⣿[38;2;17;72;36m⣿[38;2;18;75;38m⣿[38;2;18;79;39m⣿[38;2;18;75;38m⣿[38;2;16;60;31m⣿[38;2;13;43;24m⣿[39m        [38;2;25;94;70m▒[38;2;33;124;92m▓[38;2;41;154;115m▓[38;2;49;184;137m█[38;2;58;215;160m█[39m                  
                  [38;2;58;215;160m█[38;2;49;184;137m█[38;2;41;154;115m▓[38;2;33;124;92m▓[38;2;25;94;70m▒[39m             [38;2;13;43;24m⠉[39m                      [38;2;13;42;24m⠉[39m     [38;2;13;41;23m⠈[38;2;14;49;27m⠙[38;2;16;61;32m⠿[38;2;18;76;38m⢿[38;2;19;90;44m⣿[38;2;21;99;47m⣿[38;2;20;97;46m⣿[38;2;19;87;43m⣿[38;2;17;69;35m⠿[38;2;15;53;29m⠟[39m  [38;2;12;38;21m⠈[38;2;13;40;23m⠻[38;2;13;41;23m⢿[38;2;13;39;22m⣿[38;2;12;36;20m⣿[38;2;11;32;19m⣷[38;2;11;31;19m⣀[38;2;11;33;19m⣠[38;2;12;37;21m⣶[38;2;12;38;21m⣶[38;2;12;36;20m⣦[38;2;11;32;19m⡄[39m      [38;2;12;35;20m⠘[38;2;13;44;24m⢿[38;2;16;61;32m⣿[38;2;19;86;43m⣿[38;2;20;119;56m⣿[38;2;41;141;70m⣿[38;2;52;152;81m⣿[38;2;34;134;65m⣿[38;2;21;101;49m⣿[38;2;15;53;29m⠇[39m        [38;2;16;56;30m⠻[38;2;17;66;34m⠿[38;2;17;72;37m⢿[38;2;18;77;39m⣿[38;2;18;79;39m⣿⣿[38;2;18;78;39m⣿[38;2;18;76;38m⣿[38;2;17;72;37m⣿[38;2;16;64;33m⠿[38;2;15;52;28m⠟[39m        [38;2;13;44;24m⠈[38;2;15;52;28m⠻[38;2;16;56;30m⠿[38;2;15;54;29m⠿[38;2;14;47;25m⠟[39m             [38;2;13;43;24m⠹[38;2;14;49;27m⢿[38;2;15;52;28m⣿[38;2;15;55;29m⣿[38;2;16;60;31m⣿[38;2;16;63;33m⣿[38;2;16;60;31m⣿[38;2;14;49;27m⣿[38;2;12;37;21m⠇[39m        [38;2;25;94;70m▒[38;2;33;124;92m▓[38;2;41;154;115m▓[38;2;49;184;137m█[38;2;58;215;160m█[39m                  
                  [38;2;58;215;160m█[38;2;49;184;137m█[38;2;41;154;115m▓[38;2;33;124;92m▓[38;2;25;94;70m▒[39m                                                            [38;2;11;30;18m⠘[38;2;11;33;19m⢻[38;2;12;37;21m⣿[38;2;12;38;21m⣿[38;2;12;37;21m⣿[38;2;11;33;19m⣿[39m        [38;2;12;38;21m⠈[38;2;14;48;26m⠻[38;2;16;59;31m⠿[38;2;17;67;34m⠿[38;2;17;65;34m⠿[38;2;15;53;29m⠏[39m                                                 [38;2;12;38;21m⠘[38;2;14;46;25m⠻[38;2;15;52;28m⢿⡿[38;2;14;47;25m⠿[38;2;12;37;21m⠃[39m         [38;2;25;94;70m▒[38;2;33;124;92m▓[38;2;41;154;115m▓[38;2;49;184;137m█[38;2;58;215;160m█[39m                  
                  [38;2;58;215;160m█[38;2;49;184;137m█[38;2;41;154;115m▓[38;2;33;124;92m▓[38;2;25;94;70m▒[39m                                                                [38;2;12;34;20m⠉[39m                                                                               [38;2;25;94;70m▒[38;2;33;124;92m▓[38;2;41;154;115m▓[38;2;49;184;137m█[38;2;58;215;160m█[39m                  
                  [38;2;58;215;160m█[38;2;49;184;137m█[38;2;41;154;115m▓[38;2;33;124;92m▓[38;2;25;94;70m▒[39m                                                                                                                                                [38;2;25;94;70m▒[38;2;33;124;92m▓[38;2;41;154;115m▓[38;2;49;184;137m█[38;2;58;215;160m█[39m                  
                  [38;2;58;215;160m█[38;2;49;184;137m█[38;2;41;154;115m▓[38;2;33;124;92m▓[38;2;25;94;70m▒[39m                                                                                                                                                [38;2;25;94;70m▒[38;2;33;124;92m▓[38;2;41;154;115m▓[38;2;49;184;137m█[38;2;58;215;160m█[39m                  
                  [38;2;58;215;160m█[38;2;49;184;137m█[38;2;41;154;115m▓[38;2;33;124;92m▓[38;2;25;94;70m▒[39m                                                                                                                                                [38;2;25;94;70m▒[38;2;33;124;92m▓[38;2;41;154;115m▓[38;2;49;184;137m█[38;2;58;215;160m█[39m                  
                  [38;2;58;215;160m█[38;2;49;184;137m█[38;2;41;154;115m▓[38;2;33;124;92m▓[38;2;25;94;70m▒[39m                                                                                                                                                [38;2;25;94;70m▒[38;2;33;124;92m▓[38;2;41;154;115m▓[38;2;49;184;137m█[38;2;58;215;160m█[39m                  
                  [38;2;58;215;160m█[38;2;49;184;137m█[38;2;41;154;115m▓[38;2;33;124;92m▓[38;2;25;94;70m▒[39m                                                                                                                 [38;2;11;29;17m⣄[39m                              [38;2;25;94;70m▒[38;2;33;124;92m▓[38;2;41;154;115m▓[38;2;49;184;137m█[38;2;58;215;160m█[39m                  
                  [38;2;58;215;160m█[38;2;49;184;137m█[38;2;41;154;115m▓[38;2;33;124;92m▓[38;2;25;94;70m▒[39m                                                                                                                 [38;2;11;30;18m⣿[39m                              [38;2;25;94;70m▒[38;2;33;124;92m▓[38;2;41;154;115m▓[38;2;49;184;137m█[38;2;58;215;160m█[39m                  
                  [38;2;58;215;160m█[38;2;49;184;137m█[38;2;41;154;115m▓[38;2;33;124;92m▓[38;2;25;94;70m▒[39m                                                                                                                 [38;2;11;30;18m⢹[39m                              [38;2;25;94;70m▒[38;2;33;124;92m▓[38;2;41;154;115m▓[38;2;49;184;137m█[38;2;58;215;160m█[39m                  
                  [38;2;58;215;160m█[38;2;49;184;137m█[38;2;41;154;115m▓[38;2;33;124;92m▓[38;2;25;94;70m▒[39m                                                                                                                                                [38;2;25;94;70m▒[38;2;33;124;92m▓[38;2;41;154;115m▓[38;2;49;184;137m█[38;2;58;215;160m█[39m                  
                  [38;2;58;215;160m█[38;2;49;184;137m█[38;2;41;154;115m▓[38;2;33;124;92m▓[38;2;25;94;70m▒[39m                                                                                                                                                [38;2;25;94;70m▒[38;2;33;124;92m▓[38;2;41;154;115m▓[38;2;49;184;137m█[38;2;58;215;160m█[39m                  
                  [38;2;58;215;160m█[38;2;49;184;137m█[38;2;41;154;115m▓[38;2;33;124;92m▓[38;2;25;94;70m▒[39m                                                                                                                                   [38;2;11;30;18m⢸[38;2;11;31;19m⣷[39m           [38;2;25;94;70m▒[38;2;33;124;92m▓[38;2;41;154;115m▓[38;2;49;184;137m█[38;2;58;215;160m█[39m                  
                  [38;2;58;215;160m█[38;2;49;184;137m█[38;2;41;154;115m▓[38;2;33;124;92m▓[38;2;25;94;70m▒[39m                                                                                                                                    [38;2;11;31;19m⠻[38;2;11;30;18m⣷[39m          [38;2;25;94;70m▒[38;2;33;124;92m▓[38;2;41;154;115m▓[38;2;49;184;137m█[38;2;58;215;160m█[39m                  
                  [38;2;58;215;160m█[38;2;49;184;137m█[38;2;41;154;115m▓[38;2;33;124;92m▓[38;2;25;94;70m▒[39m                                                                                                                                                [38;2;25;94;70m▒[38;2;33;124;92m▓[38;2;41;154;115m▓[38;2;49;184;137m█[38;2;58;215;160m█[39m                  
                  [38;2;58;215;160m█[38;2;49;184;137m█[38;2;41;154;115m▓[38;2;33;124;92m▓[38;2;25;94;70m▒[39m                                                                                                                                                [38;2;25;94;70m▒[38;2;33;124;92m▓[38;2;41;154;115m▓[38;2;49;184;137m█[38;2;58;215;160m█[39m                  
                  [38;2;58;215;160m█[38;2;49;184;137m█[38;2;41;154;115m▓[38;2;33;124;92m▓[38;2;25;94;70m▒[39m      [38;2;11;29;17m⠘⠋[38;2;10;28;16m⠈[39m                            [38;2;11;30;18m⣤⣴[39m                                                                                                         [38;2;25;94;70m▒[38;2;33;124;92m▓[38;2;41;154;115m▓[38;2;49;184;137m█[38;2;58;215;160m█[39m                  
                  [38;2;58;215;160m█[38;2;49;184;137m█[38;2;41;154;115m▓[38;2;33;124;92m▓[38;2;25;94;70m▒[39m                                                                                                                                                [38;2;25;94;70m▒[38;2;33;124;92m▓[38;2;41;154;115m▓[38;2;49;184;137m█[38;2;58;215;160m█[39m                  
                  [38;2;58;215;160m█[38;2;49;184;137m█[38;2;41;154;115m▓[38;2;33;124;92m▓[38;2;25;94;70m▒[39m                                                                                                                                                [38;2;25;94;70m▒[38;2;33;124;92m▓[38;2;41;154;115m▓[38;2;49;184;137m█[38;2;58;215;160m█[39m                  
                  [38;2;58;215;160m█[38;2;49;184;137m█[38;2;41;154;115m▓[38;2;33;124;92m▓[38;2;25;94;70m▒[39m                                                                                                                                                [38;2;25;94;70m▒[38;2;33;124;92m▓[38;2;41;154;115m▓[38;2;49;184;137m█[38;2;58;215;160m█[39m                  
                  [38;2;58;215;160m█[38;2;49;184;137m█[38;2;41;154;115m▓[38;2;33;124;92m▓[38;2;25;94;70m▒[39m                                                                                                                                                [38;2;25;94;70m▒[38;2;33;124;92m▓[38;2;41;154;115m▓[38;2;49;184;137m█[38;2;58;215;160m█[39m                  
                  [38;2;58;215;160m█[38;2;49;184;137m█[38;2;41;154;115m▓[38;2;33;124;92m▓[38;2;25;94;70m▒[39m                                                                                                                                                [38;2;25;94;70m▒[38;2;33;124;92m▓[38;2;41;154;115m▓[38;2;49;184;137m█[38;2;58;215;160m█[39m                  
                  [38;2;58;215;160m█[38;2;49;184;137m█[38;2;41;154;115m▓[38;2;33;124;92m▓[38;2;25;94;70m▒[39m                                                                                                                                                [38;2;25;94;70m▒[38;2;33;124;92m▓[38;2;41;154;115m▓[38;2;49;184;137m█[38;2;58;215;160m█[39m                  
                  [38;2;58;215;160m█[38;2;49;184;137m█[38;2;41;154;115m▓[38;2;37;139;104m▓▓▓▓▓▓▓▓▓▓▓▓▓▓▓▓▓▓▓▓▓▓▓▓▓▓▓▓▓▓▓▓▓▓▓▓▓▓▓▓▓▓▓▓▓▓▓▓▓▓▓▓▓▓▓▓▓▓▓▓▓▓▓▓▓▓▓▓▓▓▓▓▓▓▓▓▓▓▓▓▓▓▓▓▓▓▓▓▓▓▓▓▓▓▓▓▓▓▓▓▓▓▓▓▓▓▓▓▓▓▓▓▓▓▓▓▓▓▓▓▓▓▓▓▓▓▓▓▓▓▓▓▓▓▓▓▓▓▓▓▓▓▓▓▓▓▓▓[38;2;41;154;115m▓[38;2;49;184;137m█[38;2;58;215;160m█[39m                  
                  [38;2;58;215;160m██████████████████████████████████████████████████████████████████████████████████████████████████████████████████████████████████████████████████████████[39m                  
                                                                                                                                                                                              
                                                                                                                                                                                              
