[48;2;12;8;0m                                                                                                                                                                                              
                                                                                                                                                                                              
                  [38;2;255;176;0m██████████████████████████████████████████████████████████████████████████████████████████████████████████████████████████████████████████████████████████[39m                  
                  [38;2;255;176;0m█[38;2;219;151;0m█[38;2;183;126;0m▓[38;2;165;114;0m▓▓▓▓▓▓▓▓▓▓▓▓▓▓▓▓▓▓▓▓▓▓▓▓▓▓▓▓▓▓▓▓▓▓▓▓▓▓▓▓▓▓▓▓▓▓▓▓▓▓▓▓▓▓▓▓▓▓▓▓▓▓▓▓▓▓▓▓▓▓▓▓▓▓▓▓▓▓▓▓▓▓▓▓▓▓▓▓▓▓▓▓▓▓▓▓▓▓▓▓▓▓▓▓▓▓▓▓▓▓▓▓▓▓▓▓▓▓▓▓▓▓▓▓▓▓▓▓▓▓▓▓▓▓▓▓▓▓▓▓▓▓▓▓▓▓▓▓[38;2;183;126;0m▓[38;2;219;151;0m█[38;2;255;176;0m█[39m                  
                  [38;2;255;176;0m█[38;2;219;151;0m█[38;2;183;126;0m▓[38;2;147;102;0m▓[38;2;112;77;0m▒[38;2;51;23;6m⡟[38;2;53;24;5m⢸⣇[39m                                                                                                                                             [38;2;112;77;0m▒[38;2;147;102;0m▓[38;2;183;126;0m▓[38;2;219;151;0m█[38;2;255;176;0m█[39m                  
                  [38;2;255;176;0m█[38;2;219;151;0m█[38;2;183;126;0m▓[38;2;147;102;0m▓[38;2;112;77;0m▒[38;2;50;23;6m⣄[38;2;53;24;5m⣿[38;2;57;26;4m⣿⣿[39m                                                                                                                                            [38;2;112;77;0m▒[38;2;147;102;0m▓[38;2;183;126;0m▓[38;2;219;151;0m█[38;2;255;176;0m█[39m                  
                  [38;2;255;176;0m█[38;2;219;151;0m█[38;2;183;126;0m▓[38;2;147;102;0m▓[38;2;112;77;0m▒[38;2;47;22;7m⠉[38;2;51;23;6m⠘[38;2;60;26;3m⢿[38;2;67;28;1m⣿[38;2;64;27;2m⣿[39m                                                                                                                                           [38;2;112;77;0m▒[38;2;147;102;0m▓[38;2;183;126;0m▓[38;2;219;151;0m█[38;2;255;176;0m█[39m                  
                  [38;2;255;176;0m█[38;2;219;151;0m█[38;2;183;126;0m▓[38;2;147;102;0m▓[38;2;112;77;0m▒[39m  [38;2;58;26;4m⢸[38;2;70;30;0m⣿[38;2;73;30;0m⣿[38;2;66;28;1m⣷[39m                                                                                                                                          [38;2;112;77;0m▒[38;2;147;102;0m▓[38;2;183;126;0m▓[38;2;219;151;0m█[38;2;255;176;0m█[39m                  
                  [38;2;255;176;0m█[38;2;219;151;0m█[38;2;183;126;0m▓[38;2;147;102;0m▓[38;2;112;77;0m▒[39m   [38;2;63;27;2m⢹[38;2;73;30;0m⣿[38;2;71;30;0m⣿[38;2;59;26;3m⡇[39m                                                                                                                                         [38;2;112;77;0m▒[38;2;147;102;0m▓[38;2;183;126;0m▓[38;2;219;151;0m█[38;2;255;176;0m█[39m                  
                  [38;2;255;176;0m█[38;2;219;151;0m█[38;2;183;126;0m▓[38;2;147;102;0m▓[38;2;112;77;0m▒[39m    [38;2;62;27;2m⢻[38;2;66;28;1m⣿[38;2;60;26;3m⣿[39m                                                                                                                                         [38;2;112;77;0m▒[38;2;147;102;0m▓[38;2;183;126;0m▓[38;2;219;151;0m█[38;2;255;176;0m█[39m                  
                  [38;2;255;176;0m█[38;2;219;151;0m█[38;2;183;126;0m▓[38;2;147;102;0m▓[38;2;112;77;0m▒[39m     [38;2;55;25;5m⠸[38;2;57;26;4m⣿[38;2;54;24;5m⣷[39m                                                                                                                                        [38;2;112;77;0m▒[38;2;147;102;0m▓[38;2;183;126;0m▓[38;2;219;151;0m█[38;2;255;176;0m█[39m                  
                  [38;2;255;176;0m█[38;2;219;151;0m█[38;2;183;126;0m▓[38;2;147;102;0m▓[38;2;112;77;0m▒[39m      [38;2;51;23;6m⢸[38;2;52;23;6m⣿[38;2;49;23;6m⡇[39m                                                                                                                                       [38;2;112;77;0m▒[38;2;147;102;0m▓[38;2;183;126;0m▓[38;2;219;151;0m█[38;2;255;176;0m█[39m                  
                  [38;2;255;176;0m█[38;2;219;151;0m█[38;2;183;126;0m▓[38;2;147;102;0m▓[38;2;112;77;0m▒[39m       [38;2;50;23;6m⠸[39m                                                                                                                                        [38;2;112;77;0m▒[38;2;147;102;0m▓[38;2;183;126;0m▓[38;2;219;151;0m█[38;2;255;176;0m█[39m                  
                  [38;2;255;176;0m█[38;2;219;151;0m█[38;2;183;126;0m▓[38;2;147;102;0m▓[38;2;112;77;0m▒[39m        [38;2;55;25;5m⢰⡄[39m                                                                                                                                      [38;2;112;77;0m▒[38;2;147;102;0m▓[38;2;183;126;0m▓[38;2;219;151;0m█[38;2;255;176;0m█[39m                  
                  [38;2;255;176;0m█[38;2;219;151;0m█[38;2;183;126;0m▓[38;2;147;102;0m▓[38;2;112;77;0m▒[39m        [38;2;72;30;0m⣿[38;2;74;31;0m⣿[38;2;65;27;2m⡆[39m                                                                                                                                     [38;2;112;77;0m▒[38;2;147;102;0m▓[38;2;183;126;0m▓[38;2;219;151;0m█[38;2;255;176;0m█[39m                  
                  [38;2;255;176;0m█[38;2;219;151;0m█[38;2;183;126;0m▓[38;2;147;102;0m▓[38;2;112;77;0m▒[39m       [38;2;58;26;4m⢸[38;2;80;33;0m⣿[38;2;85;34;0m⣿[38;2;74;31;0m⣿[39m                                                                                                                                     [38;2;112;77;0m▒[38;2;147;102;0m▓[38;2;183;126;0m▓[38;2;219;151;0m█[38;2;255;176;0m█[39m                  
                  [38;2;255;176;0m█[38;2;219;151;0m█[38;2;183;126;0m▓[38;2;147;102;0m▓[38;2;112;77;0m▒[39m        [38;2;81;33;0m⣿[38;2;85;34;0m⣿[38;2;74;31;0m⣿[39m                                                     [38;2;46;22;7m⢰⣷[39m                                                                              [38;2;112;77;0m▒[38;2;147;102;0m▓[38;2;183;126;0m▓[38;2;219;151;0m█[38;2;255;176;0m█[39m                  
                  [38;2;255;176;0m█[38;2;219;151;0m█[38;2;183;126;0m▓[38;2;147;102;0m▓[38;2;112;77;0m▒[39m        [38;2;72;30;0m⣿[38;2;74;31;0m⣿[38;2;65;27;2m⡇[39m                                                     [38;2;46;22;7m⠘⠟[39m                                                         [38;2;63;27;2m⣴[38;2;61;27;2m⣶[38;2;54;24;5m⣶[38;2;48;22;7m⡄[39m                 [38;2;112;77;0m▒[38;2;147;102;0m▓[38;2;183;126;0m▓[38;2;219;151;0m█[38;2;255;176;0m█[39m                  
                  [38;2;255;176;0m█[38;2;219;151;0m█[38;2;183;126;0m▓[38;2;147;102;0m▓[38;2;112;77;0m▒[39m       [38;2;55;25;5m⢸[38;2;66;28;1m⣿⣿[38;2;56;25;5m⡇[39m                                                                                                             [38;2;58;26;4m⢠[38;2;70;30;0m⣾[38;2;77;31;0m⣿[38;2;76;31;0m⣿[38;2;68;29;0m⣿[38;2;56;25;5m⣿[38;2;48;22;7m⠃[39m   [38;2;46;22;7m⠈[38;2;50;23;6m⢿[38;2;51;23;6m⣷[38;2;49;23;6m⡄[39m          [38;2;112;77;0m▒[38;2;147;102;0m▓[38;2;183;126;0m▓[38;2;219;151;0m█[38;2;255;176;0m█[39m                  
                  [38;2;255;176;0m█[38;2;219;151;0m█[38;2;183;126;0m▓[38;2;147;102;0m▓[38;2;112;77;0m▒[39m        [38;2;59;26;3m⣿[38;2;58;26;4m⣿[39m             [38;2;47;22;7m⢹[38;2;49;23;6m⣿⣧[39m   [38;2;67;28;1m⢠[38;2;83;34;0m⣴[38;2;97;38;0m⣶[38;2;104;40;0m⣶[38;2;100;39;0m⣶[38;2;90;35;0m⣶[38;2;77;31;0m⣦[38;2;65;27;2m⣄[39m  [38;2;67;28;1m⢀[38;2;76;31;0m⣤[38;2;81;33;0m⣴[38;2;80;33;0m⣶[38;2;77;31;0m⣶⣶[38;2;78;32;0m⣶[38;2;79;32;0m⣦[38;2;78;32;0m⣤[38;2;74;31;0m⣤[38;2;68;29;0m⣀[39m                                               [38;2;61;27;2m⣠[38;2;69;29;0m⣤[38;2;72;30;0m⣤[38;2;75;31;0m⣶⣶[38;2;70;30;0m⣄[39m                [38;2;56;25;5m⢰[38;2;67;28;1m⣿[38;2;76;31;0m⣿[38;2;79;32;0m⣿[38;2;74;31;0m⣿[38;2;64;27;2m⡿[39m       [38;2;52;23;6m⢿[38;2;51;23;6m⣿[39m          [38;2;112;77;0m▒[38;2;147;102;0m▓[38;2;183;126;0m▓[38;2;219;151;0m█[38;2;255;176;0m█[39m                  
                  [38;2;255;176;0m█[38;2;219;151;0m█[38;2;183;126;0m▓[38;2;147;102;0m▓[38;2;112;77;0m▒[39m        [38;2;54;24;5m⣿[38;2;52;23;6m⠇[39m              [38;2;48;22;7m⠸[38;2;51;23;6m⢿[38;2;55;25;5m⣿[38;2;67;28;1m⣷[38;2;97;38;0m⣿[38;2;141;57;0m⣿[38;2;168;83;0m⣿[38;2;177;98;0m⣿[38;2;175;94;0m⣿[38;2;166;81;0m⣿[38;2;153;68;0m⣿[38;2;137;55;0m⣿[38;2;117;44;0m⣿[38;2;96;37;0m⣿[38;2;98;38;0m⣿[38;2;119;45;0m⣿[38;2;134;54;0m⣿[38;2;132;52;0m⣿[38;2;117;44;0m⣿[38;2;104;40;0m⣿[38;2;99;39;0m⣿[38;2;101;39;0m⣿[38;2;106;40;0m⣿[38;2;111;42;0m⣿[38;2;115;43;0m⣿[38;2;118;44;0m⣿[38;2;113;43;0m⣿[38;2;99;39;0m⣿[38;2;79;32;0m⣦[39m            [38;2;49;23;6m⢀[38;2;50;23;6m⡀[39m        [38;2;65;27;2m⢀[38;2;72;30;0m⣠[38;2;77;31;0m⣴[38;2;82;34;0m⣶[38;2;87;35;0m⣶[38;2;90;35;0m⣶⣶⣶[38;2;94;36;0m⣶[38;2;99;39;0m⣶[38;2;100;39;0m⣦[38;2;94;36;0m⣤[38;2;84;34;0m⣤[38;2;76;31;0m⣤[38;2;68;29;0m⣤[38;2;59;26;3m⡀[39m    [38;2;51;23;6m⣰[38;2;60;26;3m⣿[38;2;71;30;0m⣿[38;2;81;33;0m⣿[38;2;90;35;0m⣿[38;2;103;39;0m⣿[38;2;117;44;0m⣿[38;2;120;45;0m⣿[38;2;107;40;0m⣿[38;2;83;34;0m⣦[39m    [38;2;71;30;0m⣠[38;2;77;31;0m⣤⣤[38;2;73;30;0m⣤[38;2;64;27;2m⡀[39m    [38;2;51;23;6m⣸[38;2;57;26;4m⣿[38;2;65;27;2m⣿[38;2;69;29;0m⡿[38;2;67;28;1m⠟[39m          [38;2;51;23;6m⢻[39m          [38;2;112;77;0m▒[38;2;147;102;0m▓[38;2;183;126;0m▓[38;2;219;151;0m█[38;2;255;176;0m█[39m                  
                  [38;2;255;176;0m█[38;2;219;151;0m█[38;2;183;126;0m▓[38;2;147;102;0m▓[38;2;112;77;0m▒[39m       [38;2;49;23;6m⠸[38;2;50;23;6m⣿[39m                 [38;2;65;27;2m⢹[38;2;106;40;0m⣿[38;2;166;81;0m⣿[38;2;187;117;0m⣿[38;2;195;132;0m⣿[38;2;188;118;0m⣿[38;2;177;99;0m⣿[38;2;168;83;0m⣿[38;2;158;72;0m⣿[38;2;155;70;0m⣿[38;2;154;69;0m⣿[38;2;149;63;0m⣿[38;2;143;59;0m⣿[38;2;142;58;0m⣿[38;2;143;59;0m⣿[38;2;135;54;0m⣿[38;2;117;44;0m⣿[38;2;103;39;0m⣿[38;2;97;38;0m⣿[38;2;98;38;0m⣿[38;2;104;40;0m⣿[38;2;110;42;0m⣿[38;2;116;43;0m⣿[38;2;123;46;0m⣿[38;2;132;52;0m⣿[38;2;140;57;0m⣿[38;2;136;54;0m⣿[38;2;120;45;0m⣿[38;2;106;40;0m⣶[38;2;111;42;0m⣶[38;2;114;43;0m⣾[38;2;103;39;0m⣿[38;2;80;33;0m⣿[38;2;63;27;2m⣿[38;2;53;24;5m⣷[38;2;48;22;7m⣆[39m  [38;2;47;22;7m⢸[38;2;49;23;6m⣿[38;2;51;23;6m⣿[38;2;52;23;6m⣿[38;2;55;25;5m⣿[38;2;61;27;2m⣶[38;2;65;27;2m⣶[38;2;71;30;0m⣄[38;2;94;36;0m⢠[38;2;125;47;0m⣴[38;2;136;55;0m⣾[38;2;129;50;0m⣿[38;2;106;40;0m⣿[38;2;96;37;0m⣿[38;2;94;36;0m⣿[38;2;98;38;0m⣿[38;2;109;41;0m⣿[38;2;122;46;0m⣿[38;2;143;59;0m⣿[38;2;170;86;0m⣿[38;2;184;111;0m⣿[38;2;187;117;0m⣿[38;2;177;99;0m⣿[38;2;159;73;0m⣿[38;2;142;58;0m⣿[38;2;131;52;0m⣿[38;2;120;45;0m⣿[38;2;105;40;0m⣷[38;2;84;34;0m⣶[38;2;65;27;2m⣶[38;2;54;24;5m⣾[38;2;52;23;6m⡿[38;2;59;26;3m⠿[38;2;69;29;0m⣿[38;2;78;32;0m⣿[38;2;88;35;0m⣿[38;2;102;39;0m⣿[38;2;118;44;0m⣿[38;2;124;47;0m⣿[38;2;118;44;0m⣿[38;2;104;40;0m⣿[38;2;97;38;0m⣿[38;2;105;40;0m⣿[38;2;129;50;0m⣿[38;2;152;66;0m⣿[38;2;164;78;0m⣿⣿[38;2;156;70;0m⣿[38;2;146;61;0m⣿[38;2;134;54;0m⣿[38;2;117;44;0m⣿[38;2;94;36;0m⣷[38;2;71;30;0m⣶[38;2;57;26;4m⣿[38;2;52;23;6m⡟⠁[39m             [38;2;50;23;6m⢸[38;2;49;23;6m⣧[39m         [38;2;112;77;0m▒[38;2;147;102;0m▓[38;2;183;126;0m▓[38;2;219;151;0m█[38;2;255;176;0m█[39m                  
                  [38;2;255;176;0m█[38;2;219;151;0m█[38;2;183;126;0m▓[38;2;147;102;0m▓[38;2;112;77;0m▒[39m        [38;2;68;29;0m⣤[39m                 [38;2;73;30;0m⢸[38;2;144;59;0m⣿[38;2;192;125;0m⣿[38;2;206;153;46m⣿[38;2;204;147;32m⣿[38;2;182;107;0m⣿[38;2;164;78;0m⣿[38;2;148;63;0m⣿[38;2;140;57;0m⣿[38;2;147;62;0m⣿[38;2;160;75;0m⣿[38;2;170;86;0m⣿[38;2;171;88;0m⣿[38;2;163;77;0m⣿[38;2;145;60;0m⣿[38;2;119;45;0m⡿[38;2;93;36;0m⠋[39m     [38;2;95;37;0m⠙[38;2;108;41;0m⢿[38;2;126;48;0m⣿[38;2;150;64;0m⣿[38;2;162;76;0m⣿[38;2;158;72;0m⣿[38;2;146;61;0m⣿[38;2;136;55;0m⣿[38;2;131;52;0m⣿[38;2;114;43;0m⣿[38;2;86;34;0m⣿[38;2;65;27;2m⣿[38;2;53;24;5m⠏[39m       [38;2;55;25;5m⠻[38;2;66;28;1m⣿[38;2;76;31;0m⣿[38;2;110;41;0m⣿[38;2;162;77;0m⣿[38;2;182;108;0m⣿[38;2;181;105;0m⣿[38;2;158;72;0m⣿[38;2;112;42;0m⣿[38;2;94;36;0m⣿[38;2;91;36;0m⣿[38;2;95;37;0m⣿[38;2;107;40;0m⣿[38;2;125;47;0m⣿[38;2;153;68;0m⣿[38;2;183;109;0m⣿[38;2;202;143;21m⣿[38;2;205;151;41m⣿[38;2;194;129;0m⣿[38;2;175;94;0m⣿[38;2;155;70;0m⣿[38;2;144;59;0m⣿[38;2;139;56;0m⣿[38;2;137;55;0m⣿[38;2;124;47;0m⣿[38;2;97;38;0m⣿[38;2;68;29;0m⣷[39m     [38;2;79;32;0m⠈[38;2;98;38;0m⠻[38;2;109;41;0m⢿[38;2;112;42;0m⣿[38;2;118;44;0m⣿[38;2;148;63;0m⣿[38;2;174;92;0m⣿[38;2;185;114;0m⣿[38;2;189;119;0m⣿[38;2;183;110;0m⣿[38;2;175;94;0m⣿[38;2;162;77;0m⣿[38;2;152;67;0m⣿[38;2;151;65;0m⣿⣿[38;2;141;57;0m⣿[38;2;113;43;0m⣿[38;2;77;31;0m⣿[39m               [38;2;49;23;6m⢸⡟[39m         [38;2;112;77;0m▒[38;2;147;102;0m▓[38;2;183;126;0m▓[38;2;219;151;0m█[38;2;255;176;0m█[39m                  
                  [38;2;255;176;0m█[38;2;219;151;0m█[38;2;183;126;0m▓[38;2;147;102;0m▓[38;2;112;77;0m▒[39m       [38;2;109;41;0m⣼[38;2;122;46;0m⣿[38;2;112;42;0m⣷[38;2;69;29;0m⡆[39m               [38;2;77;31;0m⢸[38;2;153;67;0m⣿[38;2;196;133;0m⣿[38;2;202;144;23m⣿[38;2;184;112;0m⣿[38;2;120;45;0m⡿[39m   [38;2;94;36;0m⠹[38;2;136;54;0m⣿[38;2;167;82;0m⣿[38;2;176;96;0m⣿[38;2;168;83;0m⣿[38;2;136;55;0m⣿[38;2;88;35;0m⣇[39m        [38;2;82;34;0m⠸[38;2;135;54;0m⣿[38;2;170;86;0m⣿[38;2;175;94;0m⣿[38;2;166;80;0m⣿[38;2;145;60;0m⣿[38;2;130;51;0m⣿[38;2;107;40;0m⣿[38;2;77;31;0m⡿[38;2;56;25;5m⠃[39m         [38;2;63;27;2m⠸[38;2;85;34;0m⣿[38;2;138;55;0m⣿[38;2;180;103;0m⣿[38;2;195;131;0m⣿[38;2;186;115;0m⣿[38;2;154;69;0m⣿[38;2;93;36;0m⡟[39m   [38;2;71;30;0m⠈[38;2;94;36;0m⢻[38;2;134;54;0m⣿[38;2;177;98;0m⣿[38;2;200;139;6m⣿[38;2;206;152;45m⣿[38;2;196;133;0m⣿[38;2;175;95;0m⣿[38;2;151;65;0m⣿[38;2;134;54;0m⣿[38;2;135;54;0m⣿[38;2;147;62;0m⣿[38;2;145;61;0m⣿[38;2;126;48;0m⣿[38;2;85;34;0m⣿[39m        [38;2;81;33;0m⢸[38;2;137;55;0m⣿[38;2;182;108;0m⣿[38;2;202;143;21m⣿[38;2;205;151;42m⣿[38;2;196;133;0m⣿[38;2;182;107;0m⣿[38;2;168;84;0m⣿[38;2;151;66;0m⣿[38;2;141;58;0m⣿[38;2;146;61;0m⣿[38;2;161;76;0m⣿[38;2;166;80;0m⣿[38;2;151;65;0m⣿[38;2;108;41;0m⣿[38;2;63;27;2m⡇[39m              [38;2;48;22;7m⠘[39m          [38;2;112;77;0m▒[38;2;147;102;0m▓[38;2;183;126;0m▓[38;2;219;151;0m█[38;2;255;176;0m█[39m                  
                  [38;2;255;176;0m█[38;2;219;151;0m█[38;2;183;126;0m▓[38;2;147;102;0m▓[38;2;112;77;0m▒[39m      [38;2;73;30;0m⢸[38;2;129;50;0m⣿[38;2;147;62;0m⣿[38;2;138;55;0m⣿[38;2;89;35;0m⣷[39m               [38;2;76;31;0m⣼[38;2;136;55;0m⣿[38;2;176;96;0m⣿[38;2;177;98;0m⣿[38;2;153;68;0m⣿[38;2;79;32;0m⡇[39m    [38;2;87;35;0m⢹[38;2;135;54;0m⣿[38;2;164;78;0m⣿[38;2;170;86;0m⣿[38;2;159;73;0m⣿[38;2;128;50;0m⣿[38;2;92;36;0m⣧[39m        [38;2;119;45;0m⣾[38;2;168;83;0m⣿[38;2;175;94;0m⣿[38;2;162;76;0m⣿[38;2;114;43;0m⣿[38;2;82;34;0m⡿[39m             [38;2;78;32;0m⣿[38;2;139;56;0m⣿[38;2;176;97;0m⣿[38;2;183;110;0m⣿[38;2;167;82;0m⣿[38;2;110;42;0m⡟[39m      [38;2;76;31;0m⠸[38;2;121;46;0m⢿[38;2;157;71;0m⣿[38;2;174;92;0m⣿[38;2;172;89;0m⣿[38;2;152;67;0m⣿[38;2;115;43;0m⣿[39m [38;2;87;35;0m⠸[38;2;126;48;0m⣿[38;2;144;60;0m⣿[38;2;136;55;0m⣿[38;2;95;37;0m⣿[39m       [38;2;67;28;1m⢠[38;2;104;40;0m⣾[38;2;157;71;0m⣿[38;2;190;121;0m⣿[38;2;202;143;22m⣿[38;2;196;134;0m⣿[38;2;174;93;0m⣿[38;2;132;53;0m⡿[38;2;91;36;0m⠏[39m  [38;2;93;36;0m⢸[38;2;151;65;0m⣿[38;2;174;93;0m⣿[38;2;171;87;0m⣿[38;2;137;55;0m⣿[38;2;78;32;0m⣿[39m            [38;2;60;26;3m⣀[39m            [38;2;112;77;0m▒[38;2;147;102;0m▓[38;2;183;126;0m▓[38;2;219;151;0m█[38;2;255;176;0m█[39m                  
                  [38;2;255;176;0m█[38;2;219;151;0m█[38;2;183;126;0m▓[38;2;147;102;0m▓[38;2;112;77;0m▒[39m      [38;2;71;30;0m⢸[38;2;123;47;0m⣿[38;2;144;60;0m⣿[38;2;139;56;0m⣿[38;2;99;39;0m⣿[38;2;70;30;0m⣇[39m            [38;2;50;23;6m⢠[38;2;55;25;5m⣾[38;2;68;29;0m⣿[38;2;94;36;0m⣿[38;2;126;48;0m⣿[38;2;130;51;0m⣿[38;2;116;43;0m⣿[38;2;82;34;0m⣷[38;2;67;28;1m⡄[39m    [38;2;88;35;0m⢸[38;2;128;50;0m⣿[38;2;155;69;0m⣿[38;2;166;80;0m⣿[38;2;161;76;0m⣿[38;2;146;61;0m⣿[38;2;118;44;0m⣷[38;2;87;35;0m⣦[39m    [38;2;81;33;0m⢠[38;2;123;47;0m⣴[38;2;166;80;0m⣿[38;2;182;107;0m⣿[38;2;176;97;0m⣿[38;2;148;63;0m⣿[38;2;88;35;0m⣿[39m              [38;2;72;30;0m⢹[38;2;121;46;0m⣿[38;2;146;61;0m⣿[38;2;142;58;0m⣿[38;2;104;40;0m⡿[39m        [38;2;72;30;0m⢸[38;2;101;39;0m⣿[38;2;134;54;0m⣿[38;2;152;66;0m⣿[38;2;151;65;0m⣿[38;2;131;52;0m⣿[38;2;100;39;0m⣷[38;2;81;33;0m⡄[38;2;104;40;0m⣿[38;2;123;47;0m⣿[38;2;121;46;0m⣿[38;2;89;35;0m⣿[39m      [38;2;81;33;0m⢰[38;2;110;42;0m⣾[38;2;138;55;0m⣿[38;2;164;78;0m⣿[38;2;181;105;0m⣿[38;2;181;106;0m⣿[38;2;164;78;0m⣿[38;2;112;42;0m⡿[39m    [38;2;80;33;0m⢸[38;2;152;67;0m⣿[38;2;179;101;0m⣿[38;2;177;99;0m⣿[38;2;148;63;0m⣿[38;2;90;35;0m⣿[38;2;70;30;0m⣿[38;2;62;27;2m⣶[38;2;65;27;2m⣶[38;2;71;30;0m⣶[38;2;78;32;0m⣶[38;2;87;35;0m⣶[38;2;98;38;0m⣶[38;2;108;41;0m⣶[38;2;114;43;0m⣾[38;2;116;43;0m⣿[38;2;117;44;0m⣿[38;2;118;44;0m⣿[38;2;115;43;0m⣿[38;2;101;39;0m⣿[38;2;80;33;0m⣷[38;2;58;26;4m⡄[39m         [38;2;112;77;0m▒[38;2;147;102;0m▓[38;2;183;126;0m▓[38;2;219;151;0m█[38;2;255;176;0m█[39m                  
                  [38;2;255;176;0m█[38;2;219;151;0m█[38;2;183;126;0m▓[38;2;147;102;0m▓[38;2;112;77;0m▒[39m       [38;2;82;34;0m⢻[38;2;102;39;0m⣿[38;2;105;40;0m⣿[38;2;97;38;0m⣿[38;2;99;39;0m⣿[38;2;116;43;0m⣿[38;2;132;52;0m⣿[38;2;131;52;0m⣿[38;2;111;42;0m⣶[38;2;75;31;0m⡆[39m       [38;2;51;23;6m⣿[38;2;54;24;5m⣿[38;2;56;25;5m⠟[38;2;60;26;3m⠛[38;2;73;30;0m⢻[38;2;84;34;0m⣿[38;2;91;36;0m⣿[38;2;93;36;0m⣿[38;2;95;37;0m⣿[38;2;103;39;0m⣿[38;2;107;40;0m⣷[38;2;106;40;0m⣶[38;2;101;39;0m⣶[38;2;98;38;0m⣶[38;2;111;42;0m⣿[38;2;134;54;0m⣿[38;2;158;72;0m⣿[38;2;170;86;0m⣿[38;2;174;93;0m⣿[38;2;171;87;0m⣿[38;2;164;78;0m⣿[38;2;157;71;0m⣿[38;2;158;72;0m⣿[38;2;166;80;0m⣿[38;2;173;91;0m⣿[38;2;181;106;0m⣿[38;2;192;125;0m⣿[38;2;198;136;0m⣿[38;2;194;128;0m⣿[38;2;172;89;0m⣿[38;2;126;48;0m⣿[38;2;74;31;0m⡇[39m              [38;2;61;27;2m⢸[38;2;95;37;0m⣿[38;2;116;43;0m⣿[38;2;117;44;0m⣿[38;2;94;36;0m⣿[38;2;73;30;0m⡄[38;2;76;31;0m⣀[38;2;97;38;0m⣤[38;2;114;43;0m⣤[38;2;115;43;0m⣤[38;2;98;38;0m⣄[38;2;75;31;0m⡀[38;2;59;26;3m⣠[38;2;58;26;4m⣾[38;2;68;29;0m⣿[38;2;93;36;0m⣿[38;2;123;47;0m⣿[38;2;146;61;0m⣿[38;2;155;70;0m⣿⣿[38;2;148;63;0m⣿[38;2;141;57;0m⣿[38;2;129;50;0m⣿[38;2;112;42;0m⣿[38;2;87;35;0m⣿[39m   [38;2;75;31;0m⢀[38;2;93;36;0m⣴[38;2;115;43;0m⣾[38;2;132;52;0m⣿[38;2;142;58;0m⣿[38;2;145;61;0m⣿[38;2;144;60;0m⣿[38;2;141;57;0m⣿[38;2;130;51;0m⣿[38;2;111;42;0m⣿[38;2;86;34;0m⣷[39m   [38;2;74;31;0m⢠[38;2;110;41;0m⣾[38;2;160;75;0m⣿[38;2;176;96;0m⣿[38;2;169;85;0m⣿[38;2;132;52;0m⣿[38;2;84;34;0m⣿[38;2;70;30;0m⣿[38;2;67;28;1m⣿[38;2;73;30;0m⣿[38;2;84;34;0m⣿[38;2;96;37;0m⣿[38;2;112;42;0m⣿[38;2;129;50;0m⣿[38;2;143;59;0m⣿[38;2;149;64;0m⣿[38;2;148;63;0m⣿[38;2;143;59;0m⣿[38;2;139;56;0m⣿[38;2;136;55;0m⣿[38;2;127;48;0m⣿[38;2;107;40;0m⣿[38;2;78;32;0m⣿[38;2;56;25;5m⡆[39m        [38;2;112;77;0m▒[38;2;147;102;0m▓[38;2;183;126;0m▓[38;2;219;151;0m█[38;2;255;176;0m█[39m                  
                  [38;2;255;176;0m█[38;2;219;151;0m█[38;2;183;126;0m▓[38;2;147;102;0m▓[38;2;112;77;0m▒[39m        [38;2;60;26;3m⠘[38;2;69;29;0m⢿[38;2;81;33;0m⣿[38;2;101;39;0m⣿[38;2;125;47;0m⣿[38;2;144;60;0m⣿[38;2;143;59;0m⣿[38;2;120;45;0m⣿[38;2;80;33;0m⣿[39m  [38;2;45;22;7m⠙⠋[39m        [38;2;60;26;3m⠸[38;2;73;30;0m⢿[38;2;87;35;0m⣿[38;2;97;38;0m⣿[38;2;109;41;0m⣿[38;2;118;44;0m⣿[38;2;120;45;0m⣿[38;2;115;43;0m⣿[38;2;107;40;0m⣿[38;2;104;40;0m⣿[38;2;109;41;0m⣿[38;2;129;50;0m⣿[38;2;153;67;0m⣿[38;2;169;85;0m⣿[38;2;174;93;0m⣿[38;2;175;95;0m⣿[38;2;177;98;0m⣿[38;2;183;110;0m⣿[38;2;192;125;0m⣿[38;2;196;133;0m⣿[38;2;198;136;0m⣿[38;2;201;141;14m⣿[38;2;198;136;0m⣿[38;2;184;111;0m⣿[38;2;152;66;0m⣿[38;2;102;39;0m⣿[38;2;75;31;0m⣷[38;2;62;27;2m⣆[39m              [38;2;75;31;0m⢻[38;2;98;38;0m⣿[38;2;110;42;0m⣿[38;2;114;43;0m⣿[38;2;129;50;0m⣿[38;2;165;79;0m⣿[38;2;186;114;0m⣿[38;2;199;137;2m⣿[38;2;189;121;0m⣿[38;2;167;81;0m⣿[38;2;105;40;0m⣿[38;2;67;28;1m⣿[38;2;54;24;5m⡿⠟[38;2;61;27;2m⠻[38;2;85;34;0m⢿[38;2;120;45;0m⣿[38;2;147;62;0m⣿[38;2;160;74;0m⣿[38;2;161;76;0m⣿[38;2;157;71;0m⣿[38;2;147;62;0m⣿[38;2;136;55;0m⣿[38;2;128;50;0m⣿[38;2;123;47;0m⣿[38;2;120;45;0m⣿[38;2;121;46;0m⣿[38;2;126;48;0m⣿[38;2;130;51;0m⣿[38;2;136;54;0m⣿[38;2;140;57;0m⣿[38;2;137;55;0m⣿[38;2;122;46;0m⣿[38;2;101;39;0m⣿[38;2;90;35;0m⣿[38;2;91;36;0m⣿[38;2;93;36;0m⣿[38;2;88;35;0m⣿[38;2;86;34;0m⣿[38;2;93;36;0m⣿[38;2;100;39;0m⣿[38;2;104;40;0m⣿[38;2;122;46;0m⣿[38;2;150;64;0m⣿[38;2;156;70;0m⣿[38;2;139;56;0m⣿[38;2;96;37;0m⣿[38;2;68;29;0m⠿[38;2;62;27;2m⠟⠻[38;2;70;30;0m⢿[38;2;81;33;0m⣿[38;2;94;36;0m⣿[38;2;109;41;0m⣿[38;2;128;49;0m⣿[38;2;144;60;0m⣿[38;2;153;67;0m⣿[38;2;152;67;0m⣿[38;2;145;61;0m⣿[38;2;138;55;0m⣿[38;2;136;54;0m⣿[38;2;131;52;0m⣿[38;2;118;44;0m⣿[38;2;92;36;0m⣿[38;2;66;28;1m⣿[39m        [38;2;112;77;0m▒[38;2;147;102;0m▓[38;2;183;126;0m▓[38;2;219;151;0m█[38;2;255;176;0m█[39m                  
                  [38;2;255;176;0m█[38;2;219;151;0m█[38;2;183;126;0m▓[38;2;147;102;0m▓[38;2;112;77;0m▒[39m          [38;2;65;27;2m⠸[38;2;89;35;0m⢿[38;2;115;43;0m⣿[38;2;136;55;0m⣿[38;2;137;55;0m⣿[38;2;115;43;0m⡿[38;2;77;31;0m⠇[39m              [38;2;67;28;1m⠈[38;2;82;34;0m⠻[38;2;99;39;0m⣿[38;2;113;43;0m⣿[38;2;116;43;0m⣿[38;2;112;42;0m⣿[38;2;104;40;0m⣿[38;2;95;37;0m⣿[38;2;90;35;0m⣿[38;2;92;36;0m⣿[38;2;109;41;0m⣿[38;2;135;54;0m⣿[38;2;154;69;0m⣿[38;2;167;81;0m⣿[38;2;174;93;0m⣿[38;2;182;108;0m⣿[38;2;191;124;0m⣿[38;2;194;129;0m⣿[38;2;194;128;0m⣿[38;2;188;118;0m⣿[38;2;176;96;0m⣿[38;2;150;64;0m⣿[38;2;104;40;0m⣿[38;2;79;32;0m⣿[38;2;72;30;0m⣿[38;2;68;29;0m⣿[38;2;61;27;2m⣿[38;2;55;25;5m⣶[39m             [38;2;78;32;0m⣿[38;2;96;37;0m⣿[38;2;114;43;0m⣿[38;2;142;58;0m⣿[38;2;175;95;0m⣿[38;2;196;133;0m⣿[38;2;206;152;45m⣿[38;2;195;132;0m⣿[38;2;170;86;0m⣿[38;2;106;40;0m⣿[38;2;64;27;2m⠇[39m    [38;2;78;32;0m⠘[38;2;112;42;0m⢿[38;2;140;57;0m⣿[38;2;152;67;0m⣿[38;2;152;66;0m⣿[38;2;142;58;0m⣿[38;2;134;54;0m⣿[38;2;131;52;0m⣿[38;2;130;51;0m⣿[38;2;127;49;0m⣿[38;2;128;49;0m⣿[38;2;129;50;0m⣿[38;2;130;51;0m⣿⣿[38;2;122;46;0m⣿[38;2;104;40;0m⡿[38;2;78;32;0m⠏[39m  [38;2;68;29;0m⠘[38;2;77;31;0m⠿[38;2;80;33;0m⣿[38;2;86;34;0m⣿[38;2;95;37;0m⣿[38;2;103;39;0m⣿[38;2;104;40;0m⣿[38;2;109;41;0m⣿[38;2;112;42;0m⣿[38;2;103;39;0m⡿[38;2;79;32;0m⠏[39m       [38;2;77;31;0m⠈[38;2;91;36;0m⠻[38;2;106;40;0m⢿[38;2;117;44;0m⣿[38;2;119;45;0m⣿[38;2;114;43;0m⣿[38;2;110;41;0m⣿[38;2;115;43;0m⣿[38;2;120;45;0m⣿[38;2;114;43;0m⣿[38;2;92;36;0m⣿[38;2;67;28;1m⣿[39m        [38;2;112;77;0m▒[38;2;147;102;0m▓[38;2;183;126;0m▓[38;2;219;151;0m█[38;2;255;176;0m█[39m                  
                  [38;2;255;176;0m█[38;2;219;151;0m█[38;2;183;126;0m▓[38;2;147;102;0m▓[38;2;112;77;0m▒[39m             [38;2;68;29;0m⠉[39m                      [38;2;66;28;1m⠉[39m     [38;2;65;27;2m⠈[38;2;76;31;0m⠙[38;2;94;36;0m⠿[38;2;115;43;0m⢿[38;2;136;55;0m⣿[38;2;148;63;0m⣿[38;2;146;61;0m⣿[38;2;131;52;0m⣿[38;2;106;40;0m⠿[38;2;83;34;0m⠟[39m  [38;2;59;26;3m⠈[38;2;64;27;2m⠻⢿[38;2;61;27;2m⣿[38;2;56;25;5m⣿[38;2;51;23;6m⣷[38;2;49;23;6m⣀[38;2;52;23;6m⣠[38;2;57;26;4m⣶[38;2;59;26;3m⣶[38;2;56;25;5m⣦[38;2;50;23;6m⡄[39m      [38;2;54;24;5m⠘[38;2;69;29;0m⢿[38;2;94;36;0m⣿[38;2;131;51;0m⣿[38;2;170;86;0m⣿[38;2;187;117;0m⣿[38;2;195;132;0m⣿[38;2;182;107;0m⣿[38;2;151;66;0m⣿[38;2;83;34;0m⠇[39m        [38;2;87;35;0m⠻[38;2;101;39;0m⠿[38;2;111;42;0m⢿[38;2;117;44;0m⣿[38;2;120;45;0m⣿⣿[38;2;118;44;0m⣿[38;2;115;43;0m⣿[38;2;110;42;0m⣿[38;2;98;38;0m⠿[38;2;81;33;0m⠟[39m        [38;2;69;29;0m⠈[38;2;81;33;0m⠻[38;2;88;35;0m⠿[38;2;84;34;0m⠿[38;2;73;30;0m⠟[39m             [38;2;67;28;1m⠹[38;2;76;31;0m⢿[38;2;80;33;0m⣿[38;2;85;34;0m⣿[38;2;92;36;0m⣿[38;2;97;38;0m⣿[38;2;92;36;0m⣿[38;2;76;31;0m⣿[38;2;58;26;4m⠇[39m        [38;2;112;77;0m▒[38;2;147;102;0m▓[38;2;183;126;0m▓[38;2;219;151;0m█[38;2;255;176;0m█[39m                  
                  [38;2;255;176;0m█[38;2;219;151;0m█[38;2;183;126;0m▓[38;2;147;102;0m▓[38;2;112;77;0m▒[39m                                                            [38;2;48;22;7m⠘[38;2;52;23;6m⢻[38;2;58;26;4m⣿[38;2;60;26;3m⣿[38;2;58;26;4m⣿[38;2;52;23;6m⣿[39m        [38;2;60;26;3m⠈[38;2;74;31;0m⠻[38;2;91;36;0m⠿[38;2;103;39;0m⠿[38;2;99;39;0m⠿[38;2;83;34;0m⠏[39m                                                 [38;2;59;26;3m⠘[38;2;71;30;0m⠻[38;2;80;33;0m⢿[38;2;81;33;0m⡿[38;2;72;30;0m⠿[38;2;57;26;4m⠃[39m         [38;2;112;77;0m▒[38;2;147;102;0m▓[38;2;183;126;0m▓[38;2;219;151;0m█[38;2;255;176;0m█[39m                  
                  [38;2;255;176;0m█[38;2;219;151;0m█[38;2;183;126;0m▓[38;2;147;102;0m▓[38;2;112;77;0m▒[39m                                                                [38;2;53;24;5m⠉[39m                                                                               [38;2;112;77;0m▒[38;2;147;102;0m▓[38;2;183;126;0m▓[38;2;219;151;0m█[38;2;255;176;0m█[39m                  
                  [38;2;255;176;0m█[38;2;219;151;0m█[38;2;183;126;0m▓[38;2;147;102;0m▓[38;2;112;77;0m▒[39m                                                                                                                                                [38;2;112;77;0m▒[38;2;147;102;0m▓[38;2;183;126;0m▓[38;2;219;151;0m█[38;2;255;176;0m█[39m                  
                  [38;2;255;176;0m█[38;2;219;151;0m█[38;2;183;126;0m▓[38;2;147;102;0m▓[38;2;112;77;0m▒[39m                                                                                                                                                [38;2;112;77;0m▒[38;2;147;102;0m▓[38;2;183;126;0m▓[38;2;219;151;0m█[38;2;255;176;0m█[39m                  
                  [38;2;255;176;0m█[38;2;219;151;0m█[38;2;183;126;0m▓[38;2;147;102;0m▓[38;2;112;77;0m▒[39m                                                                                                                                                [38;2;112;77;0m▒[38;2;147;102;0m▓[38;2;183;126;0m▓[38;2;219;151;0m█[38;2;255;176;0m█[39m                  
                  [38;2;255;176;0m█[38;2;219;151;0m█[38;2;183;126;0m▓[38;2;147;102;0m▓[38;2;112;77;0m▒[39m                                                                                                                                                [38;2;112;77;0m▒[38;2;147;102;0m▓[38;2;183;126;0m▓[38;2;219;151;0m█[38;2;255;176;0m█[39m                  
                  [38;2;255;176;0m█[38;2;219;151;0m█[38;2;183;126;0m▓[38;2;147;102;0m▓[38;2;112;77;0m▒[39m                                                                                                                 [38;2;46;22;7m⣄[39m                              [38;2;112;77;0m▒[38;2;147;102;0m▓[38;2;183;126;0m▓[38;2;219;151;0m█[38;2;255;176;0m█[39m                  
                  [38;2;255;176;0m█[38;2;219;151;0m█[38;2;183;126;0m▓[38;2;147;102;0m▓[38;2;112;77;0m▒[39m                                                                                                                 [38;2;48;22;7m⣿[39m                              [38;2;112;77;0m▒[38;2;147;102;0m▓[38;2;183;126;0m▓[38;2;219;151;0m█[38;2;255;176;0m█[39m                  
                  [38;2;255;176;0m█[38;2;219;151;0m█[38;2;183;126;0m▓[38;2;147;102;0m▓[38;2;112;77;0m▒[39m                                                                                                                 [38;2;48;22;7m⢹[39m                              [38;2;112;77;0m▒[38;2;147;102;0m▓[38;2;183;126;0m▓[38;2;219;151;0m█[38;2;255;176;0m█[39m                  
                  [38;2;255;176;0m█[38;2;219;151;0m█[38;2;183;126;0m▓[38;2;147;102;0m▓[38;2;112;77;0m▒[39m                                                                                                                                                [38;2;112;77;0m▒[38;2;147;102;0m▓[38;2;183;126;0m▓[38;2;219;151;0m█[38;2;255;176;0m█[39m                  
                  [38;2;255;176;0m█[38;2;219;151;0m█[38;2;183;126;0m▓[38;2;147;102;0m▓[38;2;112;77;0m▒[39m                                                                                                                                                [38;2;112;77;0m▒[38;2;147;102;0m▓[38;2;183;126;0m▓[38;2;219;151;0m█[38;2;255;176;0m█[39m                  
                  [38;2;255;176;0m█[38;2;219;151;0m█[38;2;183;126;0m▓[38;2;147;102;0m▓[38;2;112;77;0m▒[39m                                                                                                                                   [38;2;48;22;7m⢸[38;2;49;23;6m⣷[39m           [38;2;112;77;0m▒[38;2;147;102;0m▓[38;2;183;126;0m▓[38;2;219;151;0m█[38;2;255;176;0m█[39m                  
                  [38;2;255;176;0m█[38;2;219;151;0m█[38;2;183;126;0m▓[38;2;147;102;0m▓[38;2;112;77;0m▒[39m                                                                                                                                    [38;2;49;23;6m⠻[38;2;48;22;7m⣷[39m          [38;2;112;77;0m▒[38;2;147;102;0m▓[38;2;183;126;0m▓[38;2;219;151;0m█[38;2;255;176;0m█[39m                  
                  [38;2;255;176;0m█[38;2;219;151;0m█[38;2;183;126;0m▓[38;2;147;102;0m▓[38;2;112;77;0m▒[39m                                                                                                                                                [38;2;112;77;0m▒[38;2;147;102;0m▓[38;2;183;126;0m▓[38;2;219;151;0m█[38;2;255;176;0m█[39m                  
                  [38;2;255;176;0m█[38;2;219;151;0m█[38;2;183;126;0m▓[38;2;147;102;0m▓[38;2;112;77;0m▒[39m                                                                                                                                                [38;2;112;77;0m▒[38;2;147;102;0m▓[38;2;183;126;0m▓[38;2;219;151;0m█[38;2;255;176;0m█[39m                  
                  [38;2;255;176;0m█[38;2;219;151;0m█[38;2;183;126;0m▓[38;2;147;102;0m▓[38;2;112;77;0m▒[39m      [38;2;45;22;7m⠘⠋[38;2;44;21;8m⠈[39m                            [38;2;47;22;7m⣤⣴[39m                                                                                                         [38;2;112;77;0m▒[38;2;147;102;0m▓[38;2;183;126;0m▓[38;2;219;151;0m█[38;2;255;176;0m█[39m                  
                  [38;2;255;176;0m█[38;2;219;151;0m█[38;2;183;126;0m▓[38;2;147;102;0m▓[38;2;112;77;0m▒[39m                                                                                                                                                [38;2;112;77;0m▒[38;2;147;102;0m▓[38;2;183;126;0m▓[38;2;219;151;0m█[38;2;255;176;0m█[39m                  
                  [38;2;255;176;0m█[38;2;219;151;0m█[38;2;183;126;0m▓[38;2;147;102;0m▓[38;2;112;77;0m▒[39m                                                                                                                                                [38;2;112;77;0m▒[38;2;147;102;0m▓[38;2;183;126;0m▓[38;2;219;151;0m█[38;2;255;176;0m█[39m                  
                  [38;2;255;176;0m█[38;2;219;151;0m█[38;2;183;126;0m▓[38;2;147;102;0m▓[38;2;112;77;0m▒[39m                                                                                                                                                [38;2;112;77;0m▒[38;2;147;102;0m▓[38;2;183;126;0m▓[38;2;219;151;0m█[38;2;255;176;0m█[39m                  
                  [38;2;255;176;0m█[38;2;219;151;0m█[38;2;183;126;0m▓[38;2;147;102;0m▓[38;2;112;77;0m▒[39m                                                                                                                                                [38;2;112;77;0m▒[38;2;147;102;0m▓[38;2;183;126;0m▓[38;2;219;151;0m█[38;2;255;176;0m█[39m                  
                  [38;2;255;176;0m█[38;2;219;151;0m█[38;2;183;126;0m▓[38;2;147;102;0m▓[38;2;112;77;0m▒[39m                                                                                                                                                [38;2;112;77;0m▒[38;2;147;102;0m▓[38;2;183;126;0m▓[38;2;219;151;0m█[38;2;255;176;0m█[39m                  
                  [38;2;255;176;0m█[38;2;219;151;0m█[38;2;183;126;0m▓[38;2;147;102;0m▓[38;2;112;77;0m▒[39m                                                                                                                                                [38;2;112;77;0m▒[38;2;147;102;0m▓[38;2;183;126;0m▓[38;2;219;151;0m█[38;2;255;176;0m█[39m                  
                  [38;2;255;176;0m█[38;2;219;151;0m█[38;2;183;126;0m▓[38;2;165;114;0m▓▓▓▓▓▓▓▓▓▓▓▓▓▓▓▓▓▓▓▓▓▓▓▓▓▓▓▓▓▓▓▓▓▓▓▓▓▓▓▓▓▓▓▓▓▓▓▓▓▓▓▓▓▓▓▓▓▓▓▓▓▓▓▓▓▓▓▓▓▓▓▓▓▓▓▓▓▓▓▓▓▓▓▓▓▓▓▓▓▓▓▓▓▓▓▓▓▓▓▓▓▓▓▓▓▓▓▓▓▓▓▓▓▓▓▓▓▓▓▓▓▓▓▓▓▓▓▓▓▓▓▓▓▓▓▓▓▓▓▓▓▓▓▓▓▓▓▓[38;2;183;126;0m▓[38;2;219;151;0m█[38;2;255;176;0m█[39m                  
                  [38;2;255;176;0m██████████████████████████████████████████████████████████████████████████████████████████████████████████████████████████████████████████████████████████[39m                  
                                                                                                                                                                                              
                                                                                                                                                                                              
