[48;2;38;46;22m                                                                                                                                                                                              
                                                                                                                                                                                              
                  [38;2;230;230;168m[48;2;20;26;12m██████████████████████████████████████████████████████████████████████████████████████████████████████████████████████████████████████████████████████████[39m[48;2;38;46;22m                  
                  [38;2;230;230;168m[48;2;20;26;12m█[38;2;197;197;144m█[38;2;165;165;120m▓[38;2;149;149;109m▓▓▓▓▓▓▓▓▓▓▓▓▓▓▓▓▓▓▓▓▓▓▓▓▓▓▓▓▓▓▓▓▓▓▓▓▓▓▓▓▓▓▓▓▓▓▓▓▓▓▓▓▓▓▓▓▓▓▓▓▓▓▓▓▓▓▓▓▓▓▓▓▓▓▓▓▓▓▓▓▓▓▓▓▓▓▓▓▓▓▓▓▓▓▓▓▓▓▓▓▓▓▓▓▓▓▓▓▓▓▓▓▓▓▓▓▓▓▓▓▓▓▓▓▓▓▓▓▓▓▓▓▓▓▓▓▓▓▓▓▓▓▓▓▓▓▓▓[38;2;165;165;120m▓[38;2;197;197;144m█[38;2;230;230;168m█[39m[48;2;38;46;22m                  
                  [38;2;230;230;168m[48;2;20;26;12m█[38;2;197;197;144m█[38;2;165;165;120m▓[38;2;133;133;97m▓[38;2;101;101;73m▒[38;2;25;25;25m⡟[38;2;26;26;26m⢰⣇[39m                                                                                                                                             [38;2;101;101;73m▒[38;2;133;133;97m▓[38;2;165;165;120m▓[38;2;197;197;144m█[38;2;230;230;168m█[39m[48;2;38;46;22m                  
                  [38;2;230;230;168m[48;2;20;26;12m█[38;2;197;197;144m█[38;2;165;165;120m▓[38;2;133;133;97m▓[38;2;101;101;73m▒[38;2;24;24;24m⣄[38;2;26;26;26m⣿[38;2;29;29;29m⣿⣿[39m                                                                                                                                            [38;2;101;101;73m▒[38;2;133;133;97m▓[38;2;165;165;120m▓[38;2;197;197;144m█[38;2;230;230;168m█[39m[48;2;38;46;22m                  
                  [38;2;230;230;168m[48;2;20;26;12m█[38;2;197;197;144m█[38;2;165;165;120m▓[38;2;133;133;97m▓[38;2;101;101;73m▒[38;2;22;22;22m⠈[38;2;25;25;25m⠘[38;2;31;31;31m⢿[38;2;35;35;35m⣿[38;2;33;33;33m⣿[39m                                                                                                                                           [38;2;101;101;73m▒[38;2;133;133;97m▓[38;2;165;165;120m▓[38;2;197;197;144m█[38;2;230;230;168m█[39m[48;2;38;46;22m                  
                  [38;2;230;230;168m[48;2;20;26;12m█[38;2;197;197;144m█[38;2;165;165;120m▓[38;2;133;133;97m▓[38;2;101;101;73m▒[39m  [38;2;29;29;29m⢸[38;2;37;37;37m⣿[38;2;39;39;39m⣿[38;2;34;34;34m⣷[39m                                                                                                                                          [38;2;101;101;73m▒[38;2;133;133;97m▓[38;2;165;165;120m▓[38;2;197;197;144m█[38;2;230;230;168m█[39m[48;2;38;46;22m                  
                  [38;2;230;230;168m[48;2;20;26;12m█[38;2;197;197;144m█[38;2;165;165;120m▓[38;2;133;133;97m▓[38;2;101;101;73m▒[39m   [38;2;32;32;32m⢹[38;2;39;39;39m⣿[38;2;37;37;37m⣿[38;2;30;30;30m⡇[39m                                                                                                                                         [38;2;101;101;73m▒[38;2;133;133;97m▓[38;2;165;165;120m▓[38;2;197;197;144m█[38;2;230;230;168m█[39m[48;2;38;46;22m                  
                  [38;2;230;230;168m[48;2;20;26;12m█[38;2;197;197;144m█[38;2;165;165;120m▓[38;2;133;133;97m▓[38;2;101;101;73m▒[39m    [38;2;31;31;31m⢻[38;2;34;34;34m⣿[38;2;30;30;30m⣿[39m                                                                                                                                         [38;2;101;101;73m▒[38;2;133;133;97m▓[38;2;165;165;120m▓[38;2;197;197;144m█[38;2;230;230;168m█[39m[48;2;38;46;22m                  
                  [38;2;230;230;168m[48;2;20;26;12m█[38;2;197;197;144m█[38;2;165;165;120m▓[38;2;133;133;97m▓[38;2;101;101;73m▒[39m     [38;2;27;27;27m⠸[38;2;29;29;29m⣿[38;2;26;26;26m⣷[39m                                                                                                                                        [38;2;101;101;73m▒[38;2;133;133;97m▓[38;2;165;165;120m▓[38;2;197;197;144m█[38;2;230;230;168m█[39m[48;2;38;46;22m                  
                  [38;2;230;230;168m[48;2;20;26;12m█[38;2;197;197;144m█[38;2;165;165;120m▓[38;2;133;133;97m▓[38;2;101;101;73m▒[39m      [38;2;24;24;24m⢸[38;2;25;25;25m⣿[39m                                                                                                                                        [38;2;101;101;73m▒[38;2;133;133;97m▓[38;2;165;165;120m▓[38;2;197;197;144m█[38;2;230;230;168m█[39m[48;2;38;46;22m                  
                  [38;2;230;230;168m[48;2;20;26;12m█[38;2;197;197;144m█[38;2;165;165;120m▓[38;2;133;133;97m▓[38;2;101;101;73m▒[39m       [38;2;24;24;24m⠸[39m                                                                                                                                        [38;2;101;101;73m▒[38;2;133;133;97m▓[38;2;165;165;120m▓[38;2;197;197;144m█[38;2;230;230;168m█[39m[48;2;38;46;22m                  
                  [38;2;230;230;168m[48;2;20;26;12m█[38;2;197;197;144m█[38;2;165;165;120m▓[38;2;133;133;97m▓[38;2;101;101;73m▒[39m        [38;2;28;28;28m⣴⡄[39m                                                                                                                                      [38;2;101;101;73m▒[38;2;133;133;97m▓[38;2;165;165;120m▓[38;2;197;197;144m█[38;2;230;230;168m█[39m[48;2;38;46;22m                  
                  [38;2;230;230;168m[48;2;20;26;12m█[38;2;197;197;144m█[38;2;165;165;120m▓[38;2;133;133;97m▓[38;2;101;101;73m▒[39m        [38;2;39;39;39m⣿[38;2;41;41;41m⣿[38;2;33;33;33m⡇[39m                                                                                                                                     [38;2;101;101;73m▒[38;2;133;133;97m▓[38;2;165;165;120m▓[38;2;197;197;144m█[38;2;230;230;168m█[39m[48;2;38;46;22m                  
                  [38;2;230;230;168m[48;2;20;26;12m█[38;2;197;197;144m█[38;2;165;165;120m▓[38;2;133;133;97m▓[38;2;101;101;73m▒[39m       [38;2;30;30;30m⢸[38;2;46;46;46m⣿[38;2;49;49;49m⣿[38;2;39;39;39m⣿[39m                                                                                                                                     [38;2;101;101;73m▒[38;2;133;133;97m▓[38;2;165;165;120m▓[38;2;197;197;144m█[38;2;230;230;168m█[39m[48;2;38;46;22m                  
                  [38;2;230;230;168m[48;2;20;26;12m█[38;2;197;197;144m█[38;2;165;165;120m▓[38;2;133;133;97m▓[38;2;101;101;73m▒[39m        [38;2;45;45;45m⣿[38;2;48;48;48m⣿[38;2;39;39;39m⣿[39m                                                     [38;2;21;21;21m⢰⣷[39m                                                                              [38;2;101;101;73m▒[38;2;133;133;97m▓[38;2;165;165;120m▓[38;2;197;197;144m█[38;2;230;230;168m█[39m[48;2;38;46;22m                  
                  [38;2;230;230;168m[48;2;20;26;12m█[38;2;197;197;144m█[38;2;165;165;120m▓[38;2;133;133;97m▓[38;2;101;101;73m▒[39m        [38;2;38;38;38m⣿[38;2;39;39;39m⣿[38;2;33;33;33m⡇[39m                                                     [38;2;21;21;21m⠸[38;2;22;22;22m⠟[39m                                                         [38;2;31;31;31m⣴[38;2;30;30;30m⣶[38;2;26;26;26m⣶[39m                  [38;2;101;101;73m▒[38;2;133;133;97m▓[38;2;165;165;120m▓[38;2;197;197;144m█[38;2;230;230;168m█[39m[48;2;38;46;22m                  
                  [38;2;230;230;168m[48;2;20;26;12m█[38;2;197;197;144m█[38;2;165;165;120m▓[38;2;133;133;97m▓[38;2;101;101;73m▒[39m        [38;2;33;33;33m⣿[38;2;34;34;34m⣿[38;2;28;28;28m⡇[39m                                                                                                             [38;2;29;29;29m⢠[38;2;37;37;37m⣾[38;2;42;42;42m⣿[38;2;41;41;41m⣿[38;2;35;35;35m⣿[38;2;27;27;27m⣿[39m    [38;2;21;21;21m⠈[38;2;24;24;24m⢻⣷[38;2;23;23;23m⡄[39m          [38;2;101;101;73m▒[38;2;133;133;97m▓[38;2;165;165;120m▓[38;2;197;197;144m█[38;2;230;230;168m█[39m[48;2;38;46;22m                  
                  [38;2;230;230;168m[48;2;20;26;12m█[38;2;197;197;144m█[38;2;165;165;120m▓[38;2;133;133;97m▓[38;2;101;101;73m▒[39m        [38;2;30;30;30m⣿[38;2;29;29;29m⣿[39m             [38;2;22;22;22m⢻[38;2;23;23;23m⣿⣦[39m   [38;2;33;33;33m⢠[38;2;45;45;45m⣴[38;2;57;57;57m⣶[38;2;66;63;61m⣶[38;2;62;59;59m⣶[38;2;51;51;51m⣶[38;2;41;41;41m⣤[38;2;33;33;33m⡀[39m  [38;2;34;34;34m⢀[38;2;41;41;41m⣤[38;2;45;45;45m⣴[38;2;44;44;44m⣶[38;2;42;42;42m⣶⣤⣴[38;2;44;44;44m⣤[38;2;43;43;43m⣤[38;2;40;40;40m⣤[38;2;35;35;35m⣀[39m                                               [38;2;30;30;30m⣠[38;2;35;35;35m⣤[38;2;38;38;38m⣤[38;2;40;40;40m⣴[38;2;39;39;39m⣶[38;2;36;36;36m⣄[39m                [38;2;28;28;28m⢰[38;2;35;35;35m⣿[38;2;42;42;42m⣿[38;2;44;44;44m⣿[38;2;40;40;40m⣿[38;2;32;32;32m⡟[39m      [38;2;23;23;23m⠘[38;2;25;25;25m⣿[38;2;24;24;24m⣿[39m          [38;2;101;101;73m▒[38;2;133;133;97m▓[38;2;165;165;120m▓[38;2;197;197;144m█[38;2;230;230;168m█[39m[48;2;38;46;22m                  
                  [38;2;230;230;168m[48;2;20;26;12m█[38;2;197;197;144m█[38;2;165;165;120m▓[38;2;133;133;97m▓[38;2;101;101;73m▒[39m        [38;2;26;26;26m⣿[38;2;25;25;25m⡇[39m              [38;2;22;22;22m⠸[38;2;24;24;24m⢿[38;2;27;27;27m⣿[38;2;34;34;34m⣶[38;2;56;56;56m⣾[38;2;95;100;90m⣿[38;2;126;135;121m⣿[38;2;97;135;102m⣿[38;2;107;136;107m⣿[38;2;125;134;120m⣿[38;2;110;116;105m⣿[38;2;93;98;88m⣿[38;2;78;78;69m⣿[38;2;57;57;57m⣿[38;2;62;59;59m⣿[38;2;79;82;73m⣿[38;2;91;96;86m⣿[38;2;88;93;83m⣿[38;2;78;79;70m⣿[38;2;69;65;63m⣿[38;2;63;60;60m⣿[38;2;65;62;61m⣿[38;2;71;67;64m⣿[38;2;76;73;66m⣿[38;2;78;79;70m⣿[38;2;79;81;72m⣿[38;2;77;75;67m⣿[38;2;62;59;59m⣷[38;2;43;43;43m⣦[39m                       [38;2;39;39;39m⣠[38;2;42;42;42m⣴[38;2;47;47;47m⣶[38;2;49;49;49m⣶[38;2;52;52;52m⣶⣶⣶[38;2;55;55;55m⣶[38;2;64;61;60m⣶[38;2;65;62;61m⣦[38;2;56;56;56m⣤[38;2;47;47;47m⣤[38;2;40;40;40m⣤[38;2;35;35;35m⣤[39m     [38;2;24;24;24m⢠[38;2;30;30;30m⣿[38;2;37;37;37m⣿[38;2;45;45;45m⣿[38;2;52;52;52m⣿[38;2;66;63;61m⣿[38;2;78;79;70m⣿[38;2;79;83;74m⣿[38;2;72;68;64m⣿[38;2;48;48;48m⣦[39m    [38;2;37;37;37m⣠[38;2;41;41;41m⣤⣤[38;2;38;38;38m⣤[38;2;32;32;32m⡀[39m    [38;2;24;24;24m⣸[38;2;29;29;29m⣿[38;2;34;34;34m⣿[38;2;37;37;37m⡿[38;2;35;35;35m⠟[39m          [38;2;24;24;24m⢻[39m          [38;2;101;101;73m▒[38;2;133;133;97m▓[38;2;165;165;120m▓[38;2;197;197;144m█[38;2;230;230;168m█[39m[48;2;38;46;22m                  
                  [38;2;230;230;168m[48;2;20;26;12m█[38;2;197;197;144m█[38;2;165;165;120m▓[38;2;133;133;97m▓[38;2;101;101;73m▒[39m        [38;2;24;24;24m⣿[39m                 [38;2;33;33;33m⢸[38;2;69;65;63m⣿[38;2;124;133;119m⣿[38;2;0;130;92m⣿[38;2;0;133;103m⣿[38;2;0;131;94m⣿[38;2;88;134;98m⣿[38;2;127;137;122m⣿[38;2;116;123;111m⣿[38;2;113;119;108m⣿[38;2;112;118;107m⣿[38;2;105;111;100m⣿[38;2;100;105;95m⣿[38;2;99;104;94m⣿[38;2;100;105;95m⣿[38;2;92;97;87m⣿[38;2;78;79;70m⣿[38;2;66;63;61m⣿[38;2;60;58;58m⣿[38;2;62;59;59m⣿[38;2;70;66;63m⣿[38;2;75;72;66m⣿[38;2;79;80;71m⣿[38;2;82;87;77m⣿[38;2;90;95;85m⣿[38;2;97;102;92m⣿[38;2;93;98;88m⣿[38;2;79;83;74m⣿[38;2;72;68;64m⣶[38;2;76;73;66m⣶[38;2;77;75;68m⣾[38;2;65;62;61m⣿[38;2;43;43;43m⣿[38;2;31;31;31m⣿[38;2;25;25;25m⣷[38;2;22;22;22m⡆[39m  [38;2;22;22;22m⢸[38;2;23;23;23m⣿[38;2;24;24;24m⣿[38;2;25;25;25m⣿[38;2;27;27;27m⣿[38;2;31;31;31m⣶[38;2;33;33;33m⣶[38;2;38;38;38m⣄[38;2;56;56;56m⣠[38;2;85;90;80m⣴[38;2;96;101;91m⣾[38;2;90;95;85m⣿[38;2;73;69;65m⣿[38;2;60;58;58m⣿[38;2;56;56;56m⣿[38;2;62;59;59m⣿[38;2;74;70;65m⣿[38;2;81;86;76m⣿[38;2;99;104;94m⣿[38;2;126;137;121m⣿[38;2;10;130;91m⣿[38;2;0;131;94m⣿[38;2;82;133;96m⣿[38;2;117;124;112m⣿[38;2;98;103;93m⣿[38;2;88;93;83m⣿[38;2;79;83;74m⣿[38;2;68;64;62m⣷[38;2;47;47;47m⣶[38;2;32;32;32m⣶[38;2;26;26;26m⣾[38;2;25;25;25m⡿[38;2;29;29;29m⠿[38;2;36;36;36m⣿[38;2;43;43;43m⣿[38;2;50;50;50m⣿[38;2;65;62;61m⣿[38;2;79;80;71m⣿[38;2;82;87;77m⣿[38;2;79;82;73m⣿[38;2;70;66;63m⣿[38;2;60;58;58m⣿[38;2;69;65;63m⣿[38;2;85;90;80m⣿[38;2;108;114;103m⣿[38;2;121;130;116m⣿[38;2;122;131;117m⣿[38;2;114;121;109m⣿[38;2;103;108;98m⣿[38;2;92;97;87m⣿[38;2;78;79;70m⣿[38;2;55;55;55m⣷[38;2;37;37;37m⣶[38;2;28;28;28m⣿[38;2;25;25;25m⡟[38;2;26;26;26m⠋[39m             [38;2;23;23;23m⢸⣧[39m         [38;2;101;101;73m▒[38;2;133;133;97m▓[38;2;165;165;120m▓[38;2;197;197;144m█[38;2;230;230;168m█[39m[48;2;38;46;22m                  
                  [38;2;230;230;168m[48;2;20;26;12m█[38;2;197;197;144m█[38;2;165;165;120m▓[38;2;133;133;97m▓[38;2;101;101;73m▒[39m        [38;2;38;38;38m⣦[39m                 [38;2;38;38;38m⢸[38;2;98;103;93m⣿[38;2;0;132;97m⣿[38;2;0;140;113m⣿[38;2;0;137;112m⣿[38;2;48;131;91m⣿[38;2;124;133;119m⣿[38;2;106;112;101m⣿[38;2;97;102;92m⣿[38;2;104;109;99m⣿[38;2;119;127;114m⣿[38;2;125;138;120m⣿[38;2;121;138;116m⣿[38;2;123;131;118m⣿[38;2;103;108;98m⣿[38;2;79;83;74m⡿[38;2;56;56;56m⠋[39m    [38;2;49;49;49m⠈[38;2;59;58;58m⠹[38;2;74;70;65m⢿[38;2;86;91;81m⣿[38;2;108;114;103m⣿[38;2;121;129;116m⣿[38;2;116;123;111m⣿[38;2;103;108;98m⣿[38;2;94;99;89m⣿[38;2;89;94;84m⣿[38;2;76;73;66m⣿[38;2;48;48;48m⣿[38;2;32;32;32m⣿[38;2;25;25;25m⠇[39m       [38;2;27;27;27m⠻[38;2;33;33;33m⣿[38;2;41;41;41m⣿[38;2;72;68;64m⣿[38;2;119;127;114m⣿[38;2;46;131;91m⣿[38;2;55;131;92m⣿[38;2;119;127;114m⣿[38;2;78;77;69m⣿[38;2;58;57;57m⣿[38;2;54;54;54m⣿[38;2;58;57;57m⣿[38;2;72;68;64m⣿[38;2;83;88;78m⣿[38;2;109;115;104m⣿[38;2;52;131;91m⣿[38;2;0;135;110m⣿[38;2;0;140;113m⣿[38;2;0;133;103m⣿[38;2;107;136;106m⣿[38;2;113;119;108m⣿[38;2;101;106;96m⣿[38;2;96;101;91m⣿[38;2;94;99;89m⣿[38;2;81;86;77m⣿[38;2;59;58;58m⣿[38;2;34;34;34m⣷[39m     [38;2;44;44;44m⠈[38;2;61;59;59m⠻[38;2;74;70;65m⢿[38;2;77;74;67m⣿[38;2;79;83;74m⣿[38;2;105;110;100m⣿[38;2;118;137;114m⣿[38;2;8;130;91m⣿[38;2;0;130;93m⣿[38;2;31;130;91m⣿[38;2;106;136;106m⣿[38;2;122;131;117m⣿[38;2;111;117;106m⣿[38;2;109;115;104m⣿[38;2;108;114;103m⣿[38;2;97;102;92m⣿[38;2;75;72;66m⣿[38;2;41;41;41m⣿[39m               [38;2;23;23;23m⢸⡟[39m         [38;2;101;101;73m▒[38;2;133;133;97m▓[38;2;165;165;120m▓[38;2;197;197;144m█[38;2;230;230;168m█[39m[48;2;38;46;22m                  
                  [38;2;230;230;168m[48;2;20;26;12m█[38;2;197;197;144m█[38;2;165;165;120m▓[38;2;133;133;97m▓[38;2;101;101;73m▒[39m       [38;2;76;73;66m⣾[38;2;83;88;78m⣿[38;2;78;77;69m⣿[38;2;37;37;37m⡆[39m               [38;2;42;42;42m⢸[38;2;109;115;104m⣿[38;2;0;133;104m⣿[38;2;0;136;111m⣿[38;2;0;130;93m⣿[38;2;83;88;78m⣿[39m   [38;2;57;57;57m⢻[38;2;94;99;89m⣿[38;2;127;137;122m⣿[38;2;97;135;102m⣿[38;2;126;137;121m⣿[38;2;95;100;90m⣿[38;2;52;52;52m⣇[39m        [38;2;48;48;48m⠸[38;2;95;100;90m⣿[38;2;123;138;118m⣿[38;2;105;136;106m⣿[38;2;126;135;121m⣿[38;2;102;107;97m⣿[38;2;88;93;83m⣿[38;2;71;67;64m⣿[38;2;41;41;41m⡿[39m          [38;2;32;32;32m⠸[38;2;47;47;47m⣿[38;2;91;96;86m⣿[38;2;88;134;98m⣿[38;2;0;133;102m⣿[38;2;0;130;93m⣿[38;2;116;123;111m⣿[38;2;59;58;58m⡟[39m   [38;2;38;38;38m⠈[38;2;56;56;56m⢻[38;2;90;95;85m⣿[38;2;98;135;102m⣿[38;2;0;134;108m⣿[38;2;0;140;113m⣿[38;2;0;133;106m⣿[38;2;101;135;103m⣿[38;2;108;114;103m⣿[38;2;92;97;87m⣿[38;2;93;98;88m⣿[38;2;104;109;99m⣿[38;2;102;107;97m⣿[38;2;83;88;78m⣿[38;2;48;48;48m⣿[39m        [38;2;47;47;47m⢸[38;2;96;101;91m⣿[38;2;39;130;91m⣿[38;2;0;135;110m⣿[38;2;0;138;112m⣿[38;2;0;133;103m⣿[38;2;53;131;91m⣿[38;2;126;138;121m⣿[38;2;110;116;105m⣿[38;2;100;105;95m⣿[38;2;105;111;100m⣿[38;2;121;129;116m⣿[38;2;125;134;120m⣿[38;2;106;112;101m⣿[38;2;71;67;64m⣿[38;2;31;31;31m⡇[39m              [38;2;22;22;22m⠘[39m          [38;2;101;101;73m▒[38;2;133;133;97m▓[38;2;165;165;120m▓[38;2;197;197;144m█[38;2;230;230;168m█[39m[48;2;38;46;22m                  
                  [38;2;230;230;168m[48;2;20;26;12m█[38;2;197;197;144m█[38;2;165;165;120m▓[38;2;133;133;97m▓[38;2;101;101;73m▒[39m      [38;2;40;40;40m⢸[38;2;88;93;83m⣿[38;2;105;110;100m⣿[38;2;96;101;91m⣿[38;2;52;52;52m⣷[39m               [38;2;41;41;41m⣼[38;2;93;98;88m⣿[38;2;96;135;101m⣿[38;2;86;133;97m⣿[38;2;115;122;110m⣿[38;2;47;47;47m⡇[39m    [38;2;50;50;50m⢹[38;2;93;98;88m⣿[38;2;124;133;119m⣿[38;2;122;138;118m⣿[38;2;119;126;114m⣿[38;2;88;93;83m⣿[38;2;55;55;55m⣧[39m        [38;2;81;86;77m⣿[38;2;126;137;121m⣿[38;2;104;136;105m⣿[38;2;120;128;115m⣿[38;2;77;74;67m⣿[38;2;47;47;47m⡿[39m             [38;2;41;41;41m⣿[38;2;91;96;86m⣿[38;2;110;136;108m⣿[38;2;51;131;91m⣿[38;2;127;136;122m⣿[38;2;77;75;67m⡟[39m      [38;2;40;40;40m⠸[38;2;79;84;75m⢿[38;2;115;122;110m⣿[38;2;110;136;108m⣿[38;2;116;137;112m⣿[38;2;111;117;106m⣿[38;2;78;79;70m⣿[38;2;47;47;47m⠇[38;2;51;51;51m⠸[38;2;86;91;81m⣿[38;2;102;107;97m⣿[38;2;94;99;89m⣿[38;2;56;56;56m⣿[39m       [38;2;35;35;35m⢠[38;2;70;66;63m⣾[38;2;116;124;111m⣿[38;2;0;131;96m⣿[38;2;0;135;110m⣿[38;2;0;133;104m⣿[38;2;112;136;109m⣿[38;2;91;96;86m⡿[38;2;55;55;55m⠏[39m  [38;2;58;57;57m⢸[38;2;109;115;104m⣿[38;2;110;136;108m⣿[38;2;125;138;120m⣿[38;2;92;97;87m⣿[38;2;42;42;42m⣷[39m            [38;2;30;30;30m⣀[39m            [38;2;101;101;73m▒[38;2;133;133;97m▓[38;2;165;165;120m▓[38;2;197;197;144m█[38;2;230;230;168m█[39m[48;2;38;46;22m                  
                  [38;2;230;230;168m[48;2;20;26;12m█[38;2;197;197;144m█[38;2;165;165;120m▓[38;2;133;133;97m▓[38;2;101;101;73m▒[39m      [38;2;37;37;37m⢸[38;2;80;85;76m⣿[38;2;100;105;95m⣿[38;2;95;100;90m⣿[38;2;62;59;59m⣿[38;2;37;37;37m⣇[39m            [38;2;23;23;23m⢠[38;2;27;27;27m⣾[38;2;35;35;35m⣿[38;2;56;56;56m⣿[38;2;86;91;81m⣿[38;2;91;96;86m⣿[38;2;79;81;72m⣿[38;2;48;48;48m⣷[38;2;35;35;35m⡄[39m    [38;2;51;51;51m⢸[38;2;87;92;82m⣿[38;2;114;121;109m⣿[38;2;126;135;121m⣿[38;2;121;129;116m⣿[38;2;105;110;100m⣿[38;2;79;83;74m⣷[38;2;51;51;51m⣦[39m    [38;2;47;47;47m⢠[38;2;85;90;80m⣼[38;2;127;137;122m⣿[38;2;36;130;91m⣿[38;2;94;134;100m⣿[38;2;104;110;99m⣿[38;2;50;50;50m⣿[39m              [38;2;37;37;37m⢸[38;2;79;80;71m⣿[38;2;100;105;95m⣿[38;2;97;102;92m⣿[38;2;68;64;62m⣿[39m        [38;2;38;38;38m⢸[38;2;66;62;61m⣿[38;2;92;97;87m⣿[38;2;110;116;105m⣿[38;2;109;115;104m⣿[38;2;91;96;86m⣿[38;2;67;63;62m⣷[38;2;48;48;48m⣄[38;2;72;68;64m⣿[38;2;84;89;79m⣿[38;2;81;86;76m⣿[38;2;51;51;51m⣿[39m      [38;2;47;47;47m⢰[38;2;75;72;66m⣾[38;2;96;101;91m⣿[38;2;124;133;119m⣿[38;2;58;132;92m⣿[38;2;52;131;91m⣿[38;2;125;134;120m⣿[38;2;77;74;67m⡿[39m    [38;2;47;47;47m⢸[38;2;112;118;107m⣿[38;2;81;133;96m⣿[38;2;91;134;99m⣿[38;2;103;108;98m⣿[38;2;51;51;51m⣿[38;2;36;36;36m⣿[38;2;31;31;31m⣶[38;2;33;33;33m⣶[38;2;38;38;38m⣶[38;2;43;43;43m⣶[38;2;50;50;50m⣶[38;2;61;59;59m⣶[38;2;73;69;65m⣶[38;2;77;76;68m⣾[38;2;78;78;70m⣿[38;2;78;79;70m⣿[38;2;79;81;72m⣿[38;2;78;77;69m⣿[38;2;66;62;61m⣿[38;2;45;45;45m⣷[38;2;29;29;29m⡄[39m         [38;2;101;101;73m▒[38;2;133;133;97m▓[38;2;165;165;120m▓[38;2;197;197;144m█[38;2;230;230;168m█[39m[48;2;38;46;22m                  
                  [38;2;230;230;168m[48;2;20;26;12m█[38;2;197;197;144m█[38;2;165;165;120m▓[38;2;133;133;97m▓[38;2;101;101;73m▒[39m       [38;2;47;47;47m⢻[38;2;66;63;61m⣿[38;2;70;66;63m⣿[38;2;60;58;58m⣿[38;2;64;60;60m⣿[38;2;78;78;70m⣿[38;2;90;95;85m⣿[38;2;89;94;84m⣿[38;2;75;72;66m⣶[38;2;41;41;41m⡆[39m       [38;2;24;24;24m⣿[38;2;26;26;26m⣿[38;2;28;28;28m⠟[38;2;30;30;30m⠛[38;2;39;39;39m⢻[38;2;48;48;48m⣿[38;2;53;53;53m⣿[38;2;55;55;55m⣿[38;2;58;57;57m⣿[38;2;67;64;62m⣿[38;2;72;68;64m⣷[38;2;71;67;64m⣶[38;2;66;62;61m⣶[38;2;62;59;59m⣶[38;2;75;72;66m⣿[38;2;92;97;87m⣿[38;2;116;123;111m⣿[38;2;125;138;120m⣿[38;2;109;136;108m⣿[38;2;123;138;118m⣿[38;2;123;132;118m⣿[38;2;115;122;110m⣿[38;2;116;123;111m⣿[38;2;125;134;120m⣿[38;2;115;137;111m⣿[38;2;62;132;93m⣿[38;2;0;132;99m⣿[38;2;0;133;106m⣿[38;2;0;133;101m⣿[38;2;120;138;116m⣿[38;2;84;89;79m⣿[38;2;40;40;40m⡇[39m              [38;2;31;31;31m⢸[38;2;57;57;57m⣿[38;2;78;79;70m⣿[38;2;79;80;71m⣿[38;2;56;56;56m⣿[38;2;39;39;39m⡄[38;2;41;41;41m⣀[38;2;60;58;58m⣤[38;2;77;76;68m⣤[38;2;78;78;69m⣤[38;2;62;59;59m⣄[38;2;40;40;40m⡀[38;2;30;30;30m⣠[38;2;29;29;29m⣾[38;2;36;36;36m⣿[38;2;55;55;55m⣿[38;2;82;87;77m⣿[38;2;103;108;98m⣿[38;2;113;120;108m⣿⣿[38;2;105;110;100m⣿[38;2;98;103;93m⣿[38;2;87;92;82m⣿[38;2;76;73;66m⣿[38;2;50;50;50m⣿[39m   [38;2;41;41;41m⢀[38;2;55;55;55m⣴[38;2;78;77;69m⣾[38;2;90;95;85m⣿[38;2;99;104;94m⣿[38;2;102;107;97m⣿[38;2;101;106;96m⣿[38;2;98;103;93m⣿[38;2;88;93;83m⣿[38;2;75;72;66m⣿[38;2;49;49;49m⣷[39m   [38;2;40;40;40m⢠[38;2;74;71;65m⣾[38;2;119;126;114m⣿[38;2;99;135;102m⣿[38;2;126;138;121m⣿[38;2;90;95;85m⣿[38;2;48;48;48m⣿[38;2;37;37;37m⣿[38;2;35;35;35m⣿[38;2;39;39;39m⣿[38;2;48;48;48m⣿[38;2;59;58;58m⣿[38;2;76;73;66m⣿[38;2;87;92;82m⣿[38;2;100;105;95m⣿[38;2;106;112;101m⣿[38;2;105;111;100m⣿[38;2;100;105;95m⣿[38;2;96;101;91m⣿[38;2;94;99;89m⣿[38;2;85;90;80m⣿[38;2;72;68;64m⣿[38;2;43;43;43m⣿[38;2;28;28;28m⡆[39m        [38;2;101;101;73m▒[38;2;133;133;97m▓[38;2;165;165;120m▓[38;2;197;197;144m█[38;2;230;230;168m█[39m[48;2;38;46;22m                  
                  [38;2;230;230;168m[48;2;20;26;12m█[38;2;197;197;144m█[38;2;165;165;120m▓[38;2;133;133;97m▓[38;2;101;101;73m▒[39m        [38;2;30;30;30m⠘[38;2;36;36;36m⢿[38;2;46;46;46m⣿[38;2;66;62;61m⣿[38;2;83;88;78m⣿[38;2;101;106;96m⣿[38;2;100;105;95m⣿[38;2;79;84;75m⣿[38;2;45;45;45m⣿[39m  [38;2;21;21;21m⠙⠋[39m        [38;2;30;30;30m⠸[38;2;39;39;39m⢿[38;2;50;50;50m⣿[38;2;60;58;58m⣿[38;2;74;70;65m⣿[38;2;79;81;72m⣿[38;2;79;84;75m⣿[38;2;78;78;69m⣿[38;2;72;68;64m⣿[38;2;69;65;63m⣿[38;2;74;70;65m⣿[38;2;87;92;82m⣿[38;2;110;116;105m⣿[38;2;126;138;121m⣿[38;2;108;136;107m⣿[38;2;102;136;104m⣿[38;2;93;134;100m⣿[38;2;26;130;91m⣿[38;2;0;132;99m⣿[38;2;0;133;104m⣿[38;2;0;133;106m⣿[38;2;0;134;109m⣿[38;2;0;133;106m⣿[38;2;21;130;91m⣿[38;2;109;115;104m⣿[38;2;66;63;61m⣿[38;2;41;41;41m⣷[38;2;32;32;32m⣆[39m              [38;2;40;40;40m⢻[38;2;61;59;59m⣿[38;2;75;71;66m⣿[38;2;77;75;68m⣿[38;2;87;92;82m⣿[38;2;124;133;119m⣿[38;2;0;130;92m⣿[38;2;0;134;107m⣿[38;2;0;131;95m⣿[38;2;126;135;121m⣿[38;2;70;66;63m⣿[38;2;34;34;34m⣿[38;2;26;26;26m⡿[38;2;27;27;27m⠟[38;2;31;31;31m⠻[38;2;49;49;49m⢿[38;2;79;83;74m⣿[38;2;104;109;99m⣿[38;2;118;126;113m⣿[38;2;120;129;115m⣿[38;2;115;122;110m⣿[38;2;104;109;99m⣿[38;2;94;99;89m⣿[38;2;86;91;81m⣿[38;2;82;87;77m⣿[38;2;79;84;75m⣿[38;2;80;85;76m⣿[38;2;84;89;79m⣿[38;2;88;93;83m⣿[38;2;93;98;88m⣿[38;2;97;102;92m⣿[38;2;95;100;90m⣿[38;2;81;86;76m⣿[38;2;65;62;61m⣿[38;2;52;52;52m⣿[38;2;53;53;53m⣿[38;2;55;55;55m⣿[38;2;50;50;50m⣿[38;2;49;49;49m⣿[38;2;55;55;55m⣿[38;2;64;61;60m⣿[38;2;69;65;63m⣿[38;2;80;85;76m⣿[38;2;107;113;102m⣿[38;2;114;120;109m⣿[38;2;96;101;91m⣿[38;2;59;58;58m⣿[38;2;35;35;35m⠿[38;2;31;31;31m⠟[38;2;32;32;32m⠻[38;2;37;37;37m⢿[38;2;46;46;46m⣿[38;2;56;56;56m⣿[38;2;74;70;65m⣿[38;2;86;91;81m⣿[38;2;101;106;96m⣿[38;2;110;116;105m⣿⣿[38;2;102;107;97m⣿[38;2;95;100;90m⣿[38;2;93;98;88m⣿[38;2;89;94;84m⣿[38;2;79;82;73m⣿[38;2;54;54;54m⣿[38;2;34;34;34m⣿[39m        [38;2;101;101;73m▒[38;2;133;133;97m▓[38;2;165;165;120m▓[38;2;197;197;144m█[38;2;230;230;168m█[39m[48;2;38;46;22m                  
                  [38;2;230;230;168m[48;2;20;26;12m█[38;2;197;197;144m█[38;2;165;165;120m▓[38;2;133;133;97m▓[38;2;101;101;73m▒[39m          [38;2;33;33;33m⠸[38;2;51;51;51m⢿[38;2;78;77;69m⣿[38;2;94;99;89m⣿⣿[38;2;78;77;69m⡿[38;2;42;42;42m⠇[39m              [38;2;35;35;35m⠈[38;2;47;47;47m⠻[38;2;64;60;60m⣿[38;2;77;74;67m⣿[38;2;78;79;70m⣿[38;2;76;73;66m⣿[38;2;69;65;63m⣿[38;2;57;57;57m⣿[38;2;52;52;52m⣿[38;2;54;54;54m⣿[38;2;73;70;65m⣿[38;2;92;97;87m⣿[38;2;112;118;107m⣿[38;2;126;135;121m⣿[38;2;110;136;108m⣿[38;2;45;131;91m⣿[38;2;0;132;98m⣿[38;2;0;133;102m⣿[38;2;0;133;101m⣿[38;2;0;131;94m⣿[38;2;98;135;102m⣿[38;2;107;112;102m⣿[38;2;69;65;63m⣿[38;2;44;44;44m⣿[38;2;39;39;39m⣿[38;2;35;35;35m⣿[38;2;31;31;31m⣿[38;2;27;27;27m⣶[39m             [38;2;43;43;43m⣿[38;2;59;58;58m⣿[38;2;77;76;68m⣿[38;2;99;104;94m⣿[38;2;102;136;104m⣿[38;2;0;133;104m⣿[38;2;0;140;113m⣿[38;2;0;133;103m⣿[38;2;125;138;120m⣿[38;2;71;67;64m⣿[38;2;33;33;33m⠇[39m    [38;2;43;43;43m⠘[38;2;76;73;66m⢿[38;2;97;102;92m⣿[38;2;110;116;105m⣿[38;2;109;115;104m⣿[38;2;99;104;94m⣿[38;2;92;97;87m⣿[38;2;89;94;84m⣿[38;2;88;93;83m⣿[38;2;85;90;80m⣿[38;2;86;91;81m⣿[38;2;87;92;82m⣿[38;2;88;93;83m⣿⣿[38;2;81;86;76m⣿[38;2;69;65;63m⡿[38;2;43;43;43m⠏[39m  [38;2;36;36;36m⠘[38;2;42;42;42m⠿[38;2;45;45;45m⣿[38;2;49;49;49m⣿[38;2;57;57;57m⣿[38;2;67;64;62m⣿[38;2;69;65;63m⣿[38;2;74;70;65m⣿[38;2;76;73;66m⣿[38;2;68;64;62m⡿[38;2;44;44;44m⠏[39m       [38;2;42;42;42m⠈[38;2;53;53;53m⠻[38;2;71;67;64m⢿[38;2;79;80;71m⣿[38;2;79;83;74m⣿[38;2;77;76;68m⣿[38;2;74;71;65m⣿[38;2;78;77;69m⣿[38;2;79;84;75m⣿[38;2;77;76;68m⣿[38;2;54;54;54m⣿[38;2;35;35;35m⣿[39m        [38;2;101;101;73m▒[38;2;133;133;97m▓[38;2;165;165;120m▓[38;2;197;197;144m█[38;2;230;230;168m█[39m[48;2;38;46;22m                  
                  [38;2;230;230;168m[48;2;20;26;12m█[38;2;197;197;144m█[38;2;165;165;120m▓[38;2;133;133;97m▓[38;2;101;101;73m▒[39m             [38;2;35;35;35m⠉[39m                      [38;2;34;34;34m⠉[39m     [38;2;33;33;33m⠈[38;2;42;42;42m⠙[38;2;56;56;56m⠿[38;2;78;78;69m⢿[38;2;94;99;89m⣿[38;2;105;111;100m⣿[38;2;103;108;98m⣿[38;2;89;94;84m⣿[38;2;71;67;64m⠿[38;2;47;47;47m⠟[39m  [38;2;30;30;30m⠈[38;2;32;32;32m⠻[38;2;33;33;33m⢿[38;2;31;31;31m⣿[38;2;28;28;28m⣿[38;2;24;24;24m⣷[38;2;23;23;23m⣀[38;2;25;25;25m⣠[38;2;29;29;29m⣶[38;2;30;30;30m⣶[38;2;28;28;28m⣦[38;2;24;24;24m⡄[39m      [38;2;27;27;27m⠘[38;2;36;36;36m⢿[38;2;56;56;56m⣿[38;2;89;94;84m⣿[38;2;125;138;120m⣿[38;2;0;130;93m⣿[38;2;0;133;103m⣿[38;2;54;131;92m⣿[38;2;109;115;104m⣿[38;2;47;47;47m⠇[39m        [38;2;50;50;50m⠻[38;2;66;62;61m⠿[38;2;75;72;66m⢿[38;2;79;80;71m⣿[38;2;79;84;75m⣿⣿[38;2;79;81;72m⣿[38;2;78;78;69m⣿[38;2;75;71;66m⣿[38;2;62;59;59m⠿[38;2;46;46;46m⠟[39m        [38;2;36;36;36m⠈[38;2;46;46;46m⠻[38;2;50;50;50m⠿[38;2;48;48;48m⠿[38;2;39;39;39m⠟[39m             [38;2;35;35;35m⠹[38;2;41;41;41m⢿[38;2;45;45;45m⣿[38;2;49;49;49m⣿[38;2;54;54;54m⣿[38;2;60;58;58m⣿[38;2;54;54;54m⣿[38;2;41;41;41m⣿[38;2;29;29;29m⠇[39m        [38;2;101;101;73m▒[38;2;133;133;97m▓[38;2;165;165;120m▓[38;2;197;197;144m█[38;2;230;230;168m█[39m[48;2;38;46;22m                  
                  [38;2;230;230;168m[48;2;20;26;12m█[38;2;197;197;144m█[38;2;165;165;120m▓[38;2;133;133;97m▓[38;2;101;101;73m▒[39m                                                            [38;2;22;22;22m⠘[38;2;25;25;25m⢻[38;2;29;29;29m⣿[38;2;30;30;30m⣿[38;2;29;29;29m⣿[38;2;25;25;25m⣿[39m        [38;2;30;30;30m⠈[38;2;40;40;40m⠻[38;2;53;53;53m⠿[38;2;68;64;62m⠿[38;2;63;60;60m⠿[38;2;47;47;47m⠏[39m                                                 [38;2;30;30;30m⠘[38;2;38;38;38m⠻[38;2;45;45;45m⢿[38;2;46;46;46m⡿[38;2;39;39;39m⠿[38;2;29;29;29m⠃[39m         [38;2;101;101;73m▒[38;2;133;133;97m▓[38;2;165;165;120m▓[38;2;197;197;144m█[38;2;230;230;168m█[39m[48;2;38;46;22m                  
                  [38;2;230;230;168m[48;2;20;26;12m█[38;2;197;197;144m█[38;2;165;165;120m▓[38;2;133;133;97m▓[38;2;101;101;73m▒[39m                                                                [38;2;26;26;26m⠉[39m                                                                               [38;2;101;101;73m▒[38;2;133;133;97m▓[38;2;165;165;120m▓[38;2;197;197;144m█[38;2;230;230;168m█[39m[48;2;38;46;22m                  
                  [38;2;230;230;168m[48;2;20;26;12m█[38;2;197;197;144m█[38;2;165;165;120m▓[38;2;133;133;97m▓[38;2;101;101;73m▒[39m                                                                                                                                                [38;2;101;101;73m▒[38;2;133;133;97m▓[38;2;165;165;120m▓[38;2;197;197;144m█[38;2;230;230;168m█[39m[48;2;38;46;22m                  
                  [38;2;230;230;168m[48;2;20;26;12m█[38;2;197;197;144m█[38;2;165;165;120m▓[38;2;133;133;97m▓[38;2;101;101;73m▒[39m                                                                                                                                                [38;2;101;101;73m▒[38;2;133;133;97m▓[38;2;165;165;120m▓[38;2;197;197;144m█[38;2;230;230;168m█[39m[48;2;38;46;22m                  
                  [38;2;230;230;168m[48;2;20;26;12m█[38;2;197;197;144m█[38;2;165;165;120m▓[38;2;133;133;97m▓[38;2;101;101;73m▒[39m                                                                                                                                                [38;2;101;101;73m▒[38;2;133;133;97m▓[38;2;165;165;120m▓[38;2;197;197;144m█[38;2;230;230;168m█[39m[48;2;38;46;22m                  
                  [38;2;230;230;168m[48;2;20;26;12m█[38;2;197;197;144m█[38;2;165;165;120m▓[38;2;133;133;97m▓[38;2;101;101;73m▒[39m                                                                                                                                                [38;2;101;101;73m▒[38;2;133;133;97m▓[38;2;165;165;120m▓[38;2;197;197;144m█[38;2;230;230;168m█[39m[48;2;38;46;22m                  
                  [38;2;230;230;168m[48;2;20;26;12m█[38;2;197;197;144m█[38;2;165;165;120m▓[38;2;133;133;97m▓[38;2;101;101;73m▒[39m                                                                                                                 [38;2;21;21;21m⣄[39m                              [38;2;101;101;73m▒[38;2;133;133;97m▓[38;2;165;165;120m▓[38;2;197;197;144m█[38;2;230;230;168m█[39m[48;2;38;46;22m                  
                  [38;2;230;230;168m[48;2;20;26;12m█[38;2;197;197;144m█[38;2;165;165;120m▓[38;2;133;133;97m▓[38;2;101;101;73m▒[39m                                                                                                                 [38;2;22;22;22m⣿[39m                              [38;2;101;101;73m▒[38;2;133;133;97m▓[38;2;165;165;120m▓[38;2;197;197;144m█[38;2;230;230;168m█[39m[48;2;38;46;22m                  
                  [38;2;230;230;168m[48;2;20;26;12m█[38;2;197;197;144m█[38;2;165;165;120m▓[38;2;133;133;97m▓[38;2;101;101;73m▒[39m                                                                                                                 [38;2;22;22;22m⢹[39m                              [38;2;101;101;73m▒[38;2;133;133;97m▓[38;2;165;165;120m▓[38;2;197;197;144m█[38;2;230;230;168m█[39m[48;2;38;46;22m                  
                  [38;2;230;230;168m[48;2;20;26;12m█[38;2;197;197;144m█[38;2;165;165;120m▓[38;2;133;133;97m▓[38;2;101;101;73m▒[39m                                                                                                                                                [38;2;101;101;73m▒[38;2;133;133;97m▓[38;2;165;165;120m▓[38;2;197;197;144m█[38;2;230;230;168m█[39m[48;2;38;46;22m                  
                  [38;2;230;230;168m[48;2;20;26;12m█[38;2;197;197;144m█[38;2;165;165;120m▓[38;2;133;133;97m▓[38;2;101;101;73m▒[39m                                                                                                                                                [38;2;101;101;73m▒[38;2;133;133;97m▓[38;2;165;165;120m▓[38;2;197;197;144m█[38;2;230;230;168m█[39m[48;2;38;46;22m                  
                  [38;2;230;230;168m[48;2;20;26;12m█[38;2;197;197;144m█[38;2;165;165;120m▓[38;2;133;133;97m▓[38;2;101;101;73m▒[39m                                                                                                                                   [38;2;22;22;22m⢸[38;2;23;23;23m⣷[39m           [38;2;101;101;73m▒[38;2;133;133;97m▓[38;2;165;165;120m▓[38;2;197;197;144m█[38;2;230;230;168m█[39m[48;2;38;46;22m                  
                  [38;2;230;230;168m[48;2;20;26;12m█[38;2;197;197;144m█[38;2;165;165;120m▓[38;2;133;133;97m▓[38;2;101;101;73m▒[39m                                                                                                                                    [38;2;23;23;23m⠻[38;2;22;22;22m⣷[39m          [38;2;101;101;73m▒[38;2;133;133;97m▓[38;2;165;165;120m▓[38;2;197;197;144m█[38;2;230;230;168m█[39m[48;2;38;46;22m                  
                  [38;2;230;230;168m[48;2;20;26;12m█[38;2;197;197;144m█[38;2;165;165;120m▓[38;2;133;133;97m▓[38;2;101;101;73m▒[39m                                                                                                                                                [38;2;101;101;73m▒[38;2;133;133;97m▓[38;2;165;165;120m▓[38;2;197;197;144m█[38;2;230;230;168m█[39m[48;2;38;46;22m                  
                  [38;2;230;230;168m[48;2;20;26;12m█[38;2;197;197;144m█[38;2;165;165;120m▓[38;2;133;133;97m▓[38;2;101;101;73m▒[39m                                                                                                                                                [38;2;101;101;73m▒[38;2;133;133;97m▓[38;2;165;165;120m▓[38;2;197;197;144m█[38;2;230;230;168m█[39m[48;2;38;46;22m                  
                  [38;2;230;230;168m[48;2;20;26;12m█[38;2;197;197;144m█[38;2;165;165;120m▓[38;2;133;133;97m▓[38;2;101;101;73m▒[39m      [38;2;21;21;21m⠘⠋[38;2;20;20;20m⠈[39m                            [38;2;22;22;22m⣤⣴[39m                                                                                                         [38;2;101;101;73m▒[38;2;133;133;97m▓[38;2;165;165;120m▓[38;2;197;197;144m█[38;2;230;230;168m█[39m[48;2;38;46;22m                  
                  [38;2;230;230;168m[48;2;20;26;12m█[38;2;197;197;144m█[38;2;165;165;120m▓[38;2;133;133;97m▓[38;2;101;101;73m▒[39m                                                                                                                                                [38;2;101;101;73m▒[38;2;133;133;97m▓[38;2;165;165;120m▓[38;2;197;197;144m█[38;2;230;230;168m█[39m[48;2;38;46;22m                  
                  [38;2;230;230;168m[48;2;20;26;12m█[38;2;197;197;144m█[38;2;165;165;120m▓[38;2;133;133;97m▓[38;2;101;101;73m▒[39m                                                                                                                                                [38;2;101;101;73m▒[38;2;133;133;97m▓[38;2;165;165;120m▓[38;2;197;197;144m█[38;2;230;230;168m█[39m[48;2;38;46;22m                  
                  [38;2;230;230;168m[48;2;20;26;12m█[38;2;197;197;144m█[38;2;165;165;120m▓[38;2;133;133;97m▓[38;2;101;101;73m▒[39m                                                                                                                                                [38;2;101;101;73m▒[38;2;133;133;97m▓[38;2;165;165;120m▓[38;2;197;197;144m█[38;2;230;230;168m█[39m[48;2;38;46;22m                  
                  [38;2;230;230;168m[48;2;20;26;12m█[38;2;197;197;144m█[38;2;165;165;120m▓[38;2;133;133;97m▓[38;2;101;101;73m▒[39m                                                                                                                                                [38;2;101;101;73m▒[38;2;133;133;97m▓[38;2;165;165;120m▓[38;2;197;197;144m█[38;2;230;230;168m█[39m[48;2;38;46;22m                  
                  [38;2;230;230;168m[48;2;20;26;12m█[38;2;197;197;144m█[38;2;165;165;120m▓[38;2;133;133;97m▓[38;2;101;101;73m▒[39m                                                                                                                                                [38;2;101;101;73m▒[38;2;133;133;97m▓[38;2;165;165;120m▓[38;2;197;197;144m█[38;2;230;230;168m█[39m[48;2;38;46;22m                  
                  [38;2;230;230;168m[48;2;20;26;12m█[38;2;197;197;144m█[38;2;165;165;120m▓[38;2;133;133;97m▓[38;2;101;101;73m▒[39m                                                                                                                                                [38;2;101;101;73m▒[38;2;133;133;97m▓[38;2;165;165;120m▓[38;2;197;197;144m█[38;2;230;230;168m█[39m[48;2;38;46;22m                  
                  [38;2;230;230;168m[48;2;20;26;12m█[38;2;197;197;144m█[38;2;165;165;120m▓[38;2;149;149;109m▓▓▓▓▓▓▓▓▓▓▓▓▓▓▓▓▓▓▓▓▓▓▓▓▓▓▓▓▓▓▓▓▓▓▓▓▓▓▓▓▓▓▓▓▓▓▓▓▓▓▓▓▓▓▓▓▓▓▓▓▓▓▓▓▓▓▓▓▓▓▓▓▓▓▓▓▓▓▓▓▓▓▓▓▓▓▓▓▓▓▓▓▓▓▓▓▓▓▓▓▓▓▓▓▓▓▓▓▓▓▓▓▓▓▓▓▓▓▓▓▓▓▓▓▓▓▓▓▓▓▓▓▓▓▓▓▓▓▓▓▓▓▓▓▓▓▓▓[38;2;165;165;120m▓[38;2;197;197;144m█[38;2;230;230;168m█[39m[48;2;38;46;22m                  
                  [38;2;230;230;168m[48;2;20;26;12m██████████████████████████████████████████████████████████████████████████████████████████████████████████████████████████████████████████████████████████[39m[48;2;38;46;22m                  
                                                                                                                                                                                              
                                                                                                                                                                                              
