[48;2;0;0;0m                                                                                                                                                                                              
                                                                                                                                                                                              
                  [38;2;15;20;26m[48;2;15;20;26m██████████████████████████████████████████████████████████████████████████████████████████████████████████████████████████████████████████████████████████[39m[48;2;0;0;0m                  
                  [38;2;15;20;26m[48;2;15;20;26m█[38;2;12;17;22m█[38;2;10;14;18m▓[38;2;9;13;16m▓▓▓▓▓▓▓▓▓▓▓▓▓▓▓▓▓▓▓▓▓▓▓▓▓▓▓▓▓▓▓▓▓▓▓▓▓▓▓▓▓▓▓▓▓▓▓▓▓▓▓▓▓▓▓▓▓▓▓▓▓▓▓▓▓▓▓▓▓▓▓▓▓▓▓▓▓▓▓▓▓▓▓▓▓▓▓▓▓▓▓▓▓▓▓▓▓▓▓▓▓▓▓▓▓▓▓▓▓▓▓▓▓▓▓▓▓▓▓▓▓▓▓▓▓▓▓▓▓▓▓▓▓▓▓▓▓▓▓▓▓▓▓▓▓▓▓▓[38;2;10;14;18m▓[38;2;12;17;22m█[38;2;15;20;26m█[39m[48;2;0;0;0m                  
                  [38;2;15;20;26m[48;2;15;20;26m█[38;2;12;17;22m█[38;2;10;14;18m▓[38;2;8;11;15m▓[38;2;6;8;11m▒[38;2;26;29;32m⡟[38;2;27;30;33m⢸⣇[39m                                                                                                                                             [38;2;6;8;11m▒[38;2;8;11;15m▓[38;2;10;14;18m▓[38;2;12;17;22m█[38;2;15;20;26m█[39m[48;2;0;0;0m                  
                  [38;2;15;20;26m[48;2;15;20;26m█[38;2;12;17;22m█[38;2;10;14;18m▓[38;2;8;11;15m▓[38;2;6;8;11m▒[38;2;25;28;31m⣄[38;2;27;30;33m⣿[38;2;29;33;36m⣿⣿[39m                                                                                                                                            [38;2;6;8;11m▒[38;2;8;11;15m▓[38;2;10;14;18m▓[38;2;12;17;22m█[38;2;15;20;26m█[39m[48;2;0;0;0m                  
                  [38;2;15;20;26m[48;2;15;20;26m█[38;2;12;17;22m█[38;2;10;14;18m▓[38;2;8;11;15m▓[38;2;6;8;11m▒[38;2;24;26;29m⠉[38;2;26;29;32m⠘[38;2;31;34;38m⢿[38;2;34;38;42m⣿[38;2;33;37;41m⣿[39m                                                                                                                                           [38;2;6;8;11m▒[38;2;8;11;15m▓[38;2;10;14;18m▓[38;2;12;17;22m█[38;2;15;20;26m█[39m[48;2;0;0;0m                  
                  [38;2;15;20;26m[48;2;15;20;26m█[38;2;12;17;22m█[38;2;10;14;18m▓[38;2;8;11;15m▓[38;2;6;8;11m▒[39m  [38;2;29;33;36m⢸[38;2;36;41;45m⣿[38;2;38;43;48m⣿[38;2;34;38;42m⣷[39m                                                                                                                                          [38;2;6;8;11m▒[38;2;8;11;15m▓[38;2;10;14;18m▓[38;2;12;17;22m█[38;2;15;20;26m█[39m[48;2;0;0;0m                  
                  [38;2;15;20;26m[48;2;15;20;26m█[38;2;12;17;22m█[38;2;10;14;18m▓[38;2;8;11;15m▓[38;2;6;8;11m▒[39m   [38;2;33;36;40m⢹[38;2;38;43;48m⣿[38;2;37;42;46m⣿[38;2;30;34;37m⡇[39m                                                                                                                                         [38;2;6;8;11m▒[38;2;8;11;15m▓[38;2;10;14;18m▓[38;2;12;17;22m█[38;2;15;20;26m█[39m[48;2;0;0;0m                  
                  [38;2;15;20;26m[48;2;15;20;26m█[38;2;12;17;22m█[38;2;10;14;18m▓[38;2;8;11;15m▓[38;2;6;8;11m▒[39m    [38;2;32;35;39m⢻[38;2;34;38;42m⣿[38;2;31;34;38m⣿[39m                                                                                                                                         [38;2;6;8;11m▒[38;2;8;11;15m▓[38;2;10;14;18m▓[38;2;12;17;22m█[38;2;15;20;26m█[39m[48;2;0;0;0m                  
                  [38;2;15;20;26m[48;2;15;20;26m█[38;2;12;17;22m█[38;2;10;14;18m▓[38;2;8;11;15m▓[38;2;6;8;11m▒[39m     [38;2;28;31;34m⠸[38;2;29;33;36m⣿[38;2;27;30;33m⣷[39m                                                                                                                                        [38;2;6;8;11m▒[38;2;8;11;15m▓[38;2;10;14;18m▓[38;2;12;17;22m█[38;2;15;20;26m█[39m[48;2;0;0;0m                  
                  [38;2;15;20;26m[48;2;15;20;26m█[38;2;12;17;22m█[38;2;10;14;18m▓[38;2;8;11;15m▓[38;2;6;8;11m▒[39m      [38;2;26;28;31m⢸[38;2;26;29;32m⣿[38;2;25;27;30m⡇[39m                                                                                                                                       [38;2;6;8;11m▒[38;2;8;11;15m▓[38;2;10;14;18m▓[38;2;12;17;22m█[38;2;15;20;26m█[39m[48;2;0;0;0m                  
                  [38;2;15;20;26m[48;2;15;20;26m█[38;2;12;17;22m█[38;2;10;14;18m▓[38;2;8;11;15m▓[38;2;6;8;11m▒[39m       [38;2;25;27;30m⠸[39m                                                                                                                                        [38;2;6;8;11m▒[38;2;8;11;15m▓[38;2;10;14;18m▓[38;2;12;17;22m█[38;2;15;20;26m█[39m[48;2;0;0;0m                  
                  [38;2;15;20;26m[48;2;15;20;26m█[38;2;12;17;22m█[38;2;10;14;18m▓[38;2;8;11;15m▓[38;2;6;8;11m▒[39m        [38;2;28;32;35m⢰[38;2;28;31;34m⡄[39m                                                                                                                                      [38;2;6;8;11m▒[38;2;8;11;15m▓[38;2;10;14;18m▓[38;2;12;17;22m█[38;2;15;20;26m█[39m[48;2;0;0;0m                  
                  [38;2;15;20;26m[48;2;15;20;26m█[38;2;12;17;22m█[38;2;10;14;18m▓[38;2;8;11;15m▓[38;2;6;8;11m▒[39m        [38;2;37;42;47m⣿[38;2;39;44;49m⣿[38;2;33;37;41m⡆[39m                                                                                                                                     [38;2;6;8;11m▒[38;2;8;11;15m▓[38;2;10;14;18m▓[38;2;12;17;22m█[38;2;15;20;26m█[39m[48;2;0;0;0m                  
                  [38;2;15;20;26m[48;2;15;20;26m█[38;2;12;17;22m█[38;2;10;14;18m▓[38;2;8;11;15m▓[38;2;6;8;11m▒[39m       [38;2;30;33;37m⢸[38;2;43;48;54m⣿[38;2;45;51;57m⣿[38;2;39;44;49m⣿[39m                                                                                                                                     [38;2;6;8;11m▒[38;2;8;11;15m▓[38;2;10;14;18m▓[38;2;12;17;22m█[38;2;15;20;26m█[39m[48;2;0;0;0m                  
                  [38;2;15;20;26m[48;2;15;20;26m█[38;2;12;17;22m█[38;2;10;14;18m▓[38;2;8;11;15m▓[38;2;6;8;11m▒[39m        [38;2;43;48;54m⣿[38;2;45;51;57m⣿[38;2;39;44;49m⣿[39m                                                     [38;2;23;25;28m⢰⣷[39m                                                                              [38;2;6;8;11m▒[38;2;8;11;15m▓[38;2;10;14;18m▓[38;2;12;17;22m█[38;2;15;20;26m█[39m[48;2;0;0;0m                  
                  [38;2;15;20;26m[48;2;15;20;26m█[38;2;12;17;22m█[38;2;10;14;18m▓[38;2;8;11;15m▓[38;2;6;8;11m▒[39m        [38;2;37;42;47m⣿[38;2;39;44;49m⣿[38;2;33;37;41m⡇[39m                                                     [38;2;23;25;28m⠘⠟[39m                                                         [38;2;32;36;40m⣴[38;2;32;35;39m⣶[38;2;27;31;34m⣶[38;2;24;26;29m⡄[39m                 [38;2;6;8;11m▒[38;2;8;11;15m▓[38;2;10;14;18m▓[38;2;12;17;22m█[38;2;15;20;26m█[39m[48;2;0;0;0m                  
                  [38;2;15;20;26m[48;2;15;20;26m█[38;2;12;17;22m█[38;2;10;14;18m▓[38;2;8;11;15m▓[38;2;6;8;11m▒[39m       [38;2;28;31;34m⢸[38;2;34;38;42m⣿⣿[38;2;28;32;35m⡇[39m                                                                                                             [38;2;30;33;37m⢠[38;2;36;41;45m⣾[38;2;40;45;51m⣿[38;2;40;45;50m⣿[38;2;35;39;43m⣿[38;2;28;32;35m⣿[38;2;24;26;29m⠃[39m   [38;2;23;25;28m⠈[38;2;25;28;31m⢿[38;2;26;28;31m⣷[38;2;25;27;30m⡄[39m          [38;2;6;8;11m▒[38;2;8;11;15m▓[38;2;10;14;18m▓[38;2;12;17;22m█[38;2;15;20;26m█[39m[48;2;0;0;0m                  
                  [38;2;15;20;26m[48;2;15;20;26m█[38;2;12;17;22m█[38;2;10;14;18m▓[38;2;8;11;15m▓[38;2;6;8;11m▒[39m        [38;2;30;34;37m⣿[38;2;30;33;37m⣿[39m             [38;2;24;26;28m⢹[38;2;25;27;30m⣿⣧[39m   [38;2;34;38;42m⢠[38;2;44;49;55m⣴[38;2;52;60;67m⣶[38;2;56;64;72m⣶[38;2;54;62;69m⣶[38;2;48;54;61m⣶[38;2;40;45;51m⣦[38;2;33;37;41m⣄[39m  [38;2;34;38;42m⢀[38;2;40;45;51m⣤[38;2;43;48;54m⣴⣶[38;2;40;45;51m⣶⣶[38;2;41;46;52m⣶⣦⣤[38;2;39;44;49m⣤[38;2;35;40;44m⣀[39m                                               [38;2;32;35;39m⣠[38;2;35;40;44m⣤[38;2;37;42;47m⣤[38;2;39;44;49m⣶⣶[38;2;36;41;45m⣄[39m                [38;2;28;32;35m⢰[38;2;34;39;43m⣿[38;2;40;45;50m⣿[38;2;42;47;53m⣿[38;2;39;44;49m⣿[38;2;33;37;41m⡿[39m       [38;2;26;29;32m⢿[38;2;26;28;31m⣿[39m          [38;2;6;8;11m▒[38;2;8;11;15m▓[38;2;10;14;18m▓[38;2;12;17;22m█[38;2;15;20;26m█[39m[48;2;0;0;0m                  
                  [38;2;15;20;26m[48;2;15;20;26m█[38;2;12;17;22m█[38;2;10;14;18m▓[38;2;8;11;15m▓[38;2;6;8;11m▒[39m        [38;2;27;30;33m⣿[38;2;26;29;32m⠇[39m              [38;2;24;26;29m⠸[38;2;26;28;31m⢿[38;2;28;32;35m⣿[38;2;34;39;43m⣷[38;2;52;59;66m⣿[38;2;77;90;101m⣿[38;2;99;114;127m⣿[38;2;110;125;139m⣿[38;2;107;123;136m⣿[38;2;97;112;125m⣿[38;2;86;100;112m⣿[38;2;75;87;98m⣿[38;2;63;73;82m⣿[38;2;51;59;66m⣿[38;2;52;60;67m⣿[38;2;64;74;83m⣿[38;2;74;85;96m⣿[38;2;72;83;94m⣿[38;2;63;73;82m⣿[38;2;56;64;72m⣿[38;2;53;61;68m⣿[38;2;54;62;69m⣿[38;2;57;65;73m⣿[38;2;60;69;77m⣿[38;2;62;72;80m⣿[38;2;63;73;82m⣿[38;2;61;70;78m⣿[38;2;53;61;68m⣿[38;2;41;46;52m⣦[39m            [38;2;25;27;30m⢀[38;2;25;28;31m⡀[39m        [38;2;33;37;41m⢀[38;2;38;43;47m⣠[38;2;40;45;51m⣴[38;2;44;49;55m⣶[38;2;46;52;58m⣶[38;2;48;54;61m⣶⣶⣶[38;2;50;57;64m⣶[38;2;53;61;68m⣶[38;2;54;62;69m⣦[38;2;50;57;64m⣤[38;2;44;50;56m⣤[38;2;40;45;50m⣤[38;2;35;40;44m⣤[38;2;30;34;37m⡀[39m    [38;2;26;28;31m⣰[38;2;31;34;38m⣿[38;2;37;42;46m⣿[38;2;43;48;54m⣿[38;2;48;54;61m⣿[38;2;55;63;71m⣿[38;2;63;73;82m⣿[38;2;65;75;84m⣿[38;2;57;66;74m⣿[38;2;44;50;56m⣦[39m    [38;2;37;42;46m⣠[38;2;40;45;51m⣤⣤[38;2;38;43;48m⣤[38;2;33;37;41m⡀[39m    [38;2;26;28;31m⣸[38;2;29;33;36m⣿[38;2;33;37;41m⣿[38;2;35;40;44m⡿[38;2;34;39;43m⠟[39m          [38;2;26;28;31m⢻[39m          [38;2;6;8;11m▒[38;2;8;11;15m▓[38;2;10;14;18m▓[38;2;12;17;22m█[38;2;15;20;26m█[39m[48;2;0;0;0m                  
                  [38;2;15;20;26m[48;2;15;20;26m█[38;2;12;17;22m█[38;2;10;14;18m▓[38;2;8;11;15m▓[38;2;6;8;11m▒[39m       [38;2;25;27;30m⠸[38;2;25;28;31m⣿[39m                 [38;2;33;37;41m⢹[38;2;57;66;74m⣿[38;2;97;112;125m⣿[38;2;124;139;153m⣿[38;2;135;149;163m⣿[38;2;125;140;154m⣿[38;2;111;126;140m⣿[38;2;99;114;127m⣿[38;2;90;104;117m⣿[38;2;88;102;114m⣿[38;2;87;101;113m⣿[38;2;83;96;108m⣿[38;2;79;92;103m⣿[38;2;78;91;102m⣿[38;2;79;92;103m⣿[38;2;74;85;96m⣿[38;2;63;73;82m⣿[38;2;55;63;71m⣿[38;2;52;59;66m⣿[38;2;52;60;67m⣿[38;2;56;64;72m⣿[38;2;59;68;76m⣿[38;2;62;72;81m⣿[38;2;67;77;86m⣿[38;2;72;83;94m⣿[38;2;77;89;100m⣿[38;2;74;86;97m⣿[38;2;65;75;84m⣿[38;2;57;66;74m⣶[38;2;60;69;77m⣶[38;2;61;71;79m⣾[38;2;55;63;71m⣿[38;2;43;48;54m⣿[38;2;32;36;40m⣿[38;2;27;30;33m⣷[38;2;24;26;29m⣆[39m  [38;2;24;26;28m⢸[38;2;25;27;30m⣿[38;2;26;28;31m⣿[38;2;26;29;32m⣿[38;2;28;31;34m⣿[38;2;32;35;39m⣶[38;2;33;37;41m⣶[38;2;37;42;46m⣄[38;2;50;57;64m⢠[38;2;68;78;88m⣴[38;2;75;86;97m⣾[38;2;70;81;91m⣿[38;2;57;66;74m⣿[38;2;51;58;65m⣿[38;2;50;57;64m⣿[38;2;52;60;67m⣿[38;2;58;67;75m⣿[38;2;67;77;86m⣿[38;2;79;92;103m⣿[38;2;101;116;130m⣿[38;2;120;135;149m⣿[38;2;124;139;153m⣿[38;2;111;126;140m⣿[38;2;91;105;118m⣿[38;2;78;91;102m⣿[38;2;72;83;93m⣿[38;2;65;75;84m⣿[38;2;56;65;73m⣷[38;2;45;50;56m⣶[38;2;33;37;41m⣶[38;2;27;30;33m⣾[38;2;26;29;32m⡿[38;2;30;34;37m⠿[38;2;35;40;44m⣿[38;2;41;46;52m⣿[38;2;46;52;59m⣿[38;2;54;62;70m⣿[38;2;64;74;83m⣿[38;2;68;78;87m⣿[38;2;64;74;83m⣿[38;2;56;64;72m⣿[38;2;52;59;66m⣿[38;2;56;64;72m⣿[38;2;70;81;91m⣿[38;2;85;99;111m⣿[38;2;95;110;123m⣿⣿[38;2;88;102;115m⣿[38;2;81;94;105m⣿[38;2;74;85;96m⣿[38;2;63;73;82m⣿[38;2;50;57;64m⣷[38;2;37;42;46m⣶[38;2;29;33;36m⣿[38;2;26;29;32m⡟⠁[39m             [38;2;25;27;30m⢸⣧[39m         [38;2;6;8;11m▒[38;2;8;11;15m▓[38;2;10;14;18m▓[38;2;12;17;22m█[38;2;15;20;26m█[39m[48;2;0;0;0m                  
                  [38;2;15;20;26m[48;2;15;20;26m█[38;2;12;17;22m█[38;2;10;14;18m▓[38;2;8;11;15m▓[38;2;6;8;11m▒[39m        [38;2;35;39;43m⣤[39m                 [38;2;38;43;48m⢸[38;2;79;92;103m⣿[38;2;130;145;159m⣿[38;2;151;163;176m⣿[38;2;147;160;173m⣿[38;2;116;132;146m⣿[38;2;95;110;123m⣿[38;2;82;96;107m⣿[38;2;77;89;100m⣿[38;2;82;95;106m⣿[38;2;92;107;119m⣿[38;2;101;116;130m⣿[38;2;102;118;131m⣿[38;2;94;109;122m⣿[38;2;80;93;104m⣿[38;2;64;74;83m⡿[38;2;50;57;64m⠋[39m     [38;2;51;58;65m⠙[38;2;58;67;75m⢿[38;2;69;79;89m⣿[38;2;83;97;109m⣿[38;2;93;108;121m⣿[38;2;90;104;117m⣿[38;2;81;94;105m⣿[38;2;75;86;97m⣿[38;2;72;83;93m⣿[38;2;61;71;79m⣿[38;2;45;51;57m⣿[38;2;33;37;41m⣿[38;2;27;30;33m⠏[39m       [38;2;28;32;35m⠻[38;2;34;38;42m⣿[38;2;40;45;51m⣿[38;2;59;68;76m⣿[38;2;94;109;121m⣿[38;2;117;133;147m⣿[38;2;115;130;144m⣿[38;2;90;104;117m⣿[38;2;60;69;77m⣿[38;2;50;57;64m⣿[38;2;49;55;62m⣿[38;2;51;58;65m⣿[38;2;57;66;74m⣿[38;2;68;78;88m⣿[38;2;86;100;112m⣿[38;2;118;134;148m⣿[38;2;144;157;170m⣿[38;2;150;162;175m⣿[38;2;133;147;161m⣿[38;2;106;122;136m⣿[38;2;88;102;114m⣿[38;2;79;92;103m⣿[38;2;76;88;99m⣿[38;2;75;87;98m⣿[38;2;67;77;87m⣿[38;2;52;60;67m⣿[38;2;35;39;43m⣷[39m     [38;2;42;47;53m⠈[38;2;52;60;67m⠻[38;2;59;68;76m⢿[38;2;60;69;77m⣿[38;2;63;73;82m⣿[38;2;82;96;107m⣿[38;2;105;121;134m⣿[38;2;122;137;151m⣿[38;2;126;141;155m⣿[38;2;119;135;149m⣿[38;2;106;122;136m⣿[38;2;94;109;121m⣿[38;2;85;99;111m⣿[38;2;84;98;110m⣿⣿[38;2;77;90;101m⣿[38;2;61;70;78m⣿[38;2;40;45;51m⣿[39m               [38;2;25;27;30m⢸⡟[39m         [38;2;6;8;11m▒[38;2;8;11;15m▓[38;2;10;14;18m▓[38;2;12;17;22m█[38;2;15;20;26m█[39m[48;2;0;0;0m                  
                  [38;2;15;20;26m[48;2;15;20;26m█[38;2;12;17;22m█[38;2;10;14;18m▓[38;2;8;11;15m▓[38;2;6;8;11m▒[39m       [38;2;58;67;75m⣼[38;2;66;76;86m⣿[38;2;60;69;77m⣷[38;2;35;40;44m⡆[39m               [38;2;40;45;51m⢸[38;2;86;100;112m⣿[38;2;136;150;164m⣿[38;2;144;158;171m⣿[38;2;121;136;150m⣿[38;2;65;75;84m⡿[39m   [38;2;50;57;64m⠹[38;2;74;86;97m⣿[38;2;98;113;126m⣿[38;2;108;124;138m⣿[38;2;99;114;127m⣿[38;2;75;86;97m⣿[38;2;47;53;59m⣇[39m        [38;2;44;49;55m⠸[38;2;74;86;97m⣿[38;2;101;116;130m⣿[38;2;106;122;136m⣿[38;2;97;112;125m⣿[38;2;80;93;104m⣿[38;2;71;82;92m⣿[38;2;57;66;74m⣿[38;2;40;45;51m⡿[38;2;28;32;35m⠃[39m         [38;2;33;36;40m⠸[38;2;45;50;56m⣿[38;2;75;87;98m⣿[38;2;114;129;143m⣿[38;2;134;149;163m⣿[38;2;123;138;152m⣿[38;2;87;101;113m⣿[38;2;50;56;63m⡟[39m   [38;2;37;42;46m⠈[38;2;50;57;64m⢻[38;2;74;85;96m⣿[38;2;110;126;140m⣿[38;2;141;154;168m⣿[38;2;151;163;176m⣿[38;2;136;150;164m⣿[38;2;107;123;137m⣿[38;2;84;98;110m⣿[38;2;74;85;96m⣿⣿[38;2;82;95;106m⣿[38;2;81;94;105m⣿[38;2;69;79;89m⣿[38;2;45;51;57m⣿[39m        [38;2;43;48;54m⢸[38;2;75;87;98m⣿[38;2;117;133;147m⣿[38;2;144;157;170m⣿[38;2;150;162;175m⣿[38;2;136;150;164m⣿[38;2;117;132;146m⣿[38;2;99;114;128m⣿[38;2;84;98;110m⣿[38;2;78;90;101m⣿[38;2;81;94;105m⣿[38;2;93;108;120m⣿[38;2;97;112;125m⣿[38;2;84;98;110m⣿[38;2;58;67;75m⣿[38;2;32;36;40m⡇[39m              [38;2;24;26;29m⠘[39m          [38;2;6;8;11m▒[38;2;8;11;15m▓[38;2;10;14;18m▓[38;2;12;17;22m█[38;2;15;20;26m█[39m[48;2;0;0;0m                  
                  [38;2;15;20;26m[48;2;15;20;26m█[38;2;12;17;22m█[38;2;10;14;18m▓[38;2;8;11;15m▓[38;2;6;8;11m▒[39m      [38;2;38;43;48m⢸[38;2;70;81;91m⣿[38;2;82;95;106m⣿[38;2;75;87;98m⣿[38;2;47;53;60m⣷[39m               [38;2;40;45;50m⣼[38;2;75;86;97m⣿[38;2;108;124;138m⣿[38;2;110;125;139m⣿[38;2;86;100;112m⣿[38;2;42;47;53m⡇[39m    [38;2;46;52;58m⢹[38;2;74;85;96m⣿[38;2;95;110;123m⣿[38;2;101;116;130m⣿[38;2;91;105;118m⣿[38;2;70;81;91m⣿[38;2;49;55;62m⣧[39m        [38;2;64;74;83m⣾[38;2;99;114;127m⣿[38;2;106;122;136m⣿[38;2;93;108;121m⣿[38;2;61;70;79m⣿[38;2;44;49;55m⡿[39m             [38;2;41;46;52m⣿[38;2;76;88;99m⣿[38;2;109;125;139m⣿[38;2;119;134;148m⣿[38;2;98;113;126m⣿[38;2;59;68;76m⡟[39m      [38;2;40;45;50m⠸[38;2;66;76;85m⢿[38;2;89;103;116m⣿[38;2;105;121;134m⣿[38;2;103;119;132m⣿[38;2;85;99;111m⣿[38;2;62;71;80m⣿[39m [38;2;46;52;58m⠸[38;2;69;79;89m⣿[38;2;80;93;104m⣿[38;2;75;86;97m⣿[38;2;51;58;65m⣿[39m       [38;2;34;39;43m⢠[38;2;56;64;72m⣾[38;2;89;103;116m⣿[38;2;127;142;156m⣿[38;2;144;158;171m⣿[38;2;137;150;164m⣿[38;2;105;121;135m⣿[38;2;73;84;94m⡿[38;2;49;55;62m⠏[39m  [38;2;50;56;63m⢸[38;2;84;98;110m⣿[38;2;106;122;135m⣿[38;2;102;117;131m⣿[38;2;75;86;97m⣿[38;2;41;46;52m⣿[39m            [38;2;31;34;38m⣀[39m            [38;2;6;8;11m▒[38;2;8;11;15m▓[38;2;10;14;18m▓[38;2;12;17;22m█[38;2;15;20;26m█[39m[48;2;0;0;0m                  
                  [38;2;15;20;26m[48;2;15;20;26m█[38;2;12;17;22m█[38;2;10;14;18m▓[38;2;8;11;15m▓[38;2;6;8;11m▒[39m      [38;2;37;42;46m⢸[38;2;67;77;87m⣿[38;2;80;93;104m⣿[38;2;76;88;99m⣿[38;2;53;61;68m⣿[38;2;36;41;45m⣇[39m            [38;2;25;28;31m⢠[38;2;28;32;35m⣾[38;2;35;39;43m⣿[38;2;50;57;64m⣿[38;2;69;79;89m⣿[38;2;71;82;92m⣿[38;2;62;72;81m⣿[38;2;44;49;55m⣷[38;2;34;38;42m⡄[39m    [38;2;47;53;59m⢸[38;2;70;81;91m⣿[38;2;87;101;114m⣿[38;2;97;112;125m⣿[38;2;93;108;120m⣿[38;2;81;94;105m⣿[38;2;63;73;82m⣷[38;2;46;52;58m⣦[39m    [38;2;43;48;54m⢠[38;2;67;77;87m⣴[38;2;97;112;125m⣿[38;2;116;132;146m⣿[38;2;109;125;139m⣿[38;2;82;96;107m⣿[38;2;46;52;59m⣿[39m              [38;2;37;42;47m⢹[38;2;66;76;85m⣿[38;2;81;94;105m⣿[38;2;78;91;102m⣿[38;2;56;64;72m⡿[39m        [38;2;37;42;47m⢸[38;2;54;62;69m⣿[38;2;74;85;96m⣿[38;2;85;99;111m⣿[38;2;84;98;110m⣿[38;2;72;83;93m⣿[38;2;54;62;69m⣷[38;2;43;48;54m⡄[38;2;56;64;72m⣿[38;2;67;77;87m⣿[38;2;66;76;85m⣿[38;2;47;53;60m⣿[39m      [38;2;43;48;54m⢰[38;2;59;68;76m⣾[38;2;75;87;98m⣿[38;2;95;110;123m⣿[38;2;115;130;144m⣿[38;2;115;131;145m⣿[38;2;95;110;123m⣿[38;2;60;69;77m⡿[39m    [38;2;43;48;54m⢸[38;2;85;99;111m⣿[38;2;113;128;142m⣿[38;2;111;126;140m⣿[38;2;82;96;107m⣿[38;2;48;54;61m⣿[38;2;36;41;45m⣿[38;2;32;36;40m⣶[38;2;33;37;41m⣶[38;2;37;42;46m⣶[38;2;41;46;52m⣶[38;2;46;52;58m⣶[38;2;52;60;67m⣶[38;2;58;67;75m⣶[38;2;61;71;79m⣾[38;2;62;72;81m⣿[38;2;63;73;82m⣿⣿[38;2;62;71;80m⣿[38;2;54;62;70m⣿[38;2;42;47;53m⣷[38;2;29;33;36m⡄[39m         [38;2;6;8;11m▒[38;2;8;11;15m▓[38;2;10;14;18m▓[38;2;12;17;22m█[38;2;15;20;26m█[39m[48;2;0;0;0m                  
                  [38;2;15;20;26m[48;2;15;20;26m█[38;2;12;17;22m█[38;2;10;14;18m▓[38;2;8;11;15m▓[38;2;6;8;11m▒[39m       [38;2;44;49;55m⢻[38;2;54;62;70m⣿[38;2;56;65;73m⣿[38;2;52;59;66m⣿[38;2;53;61;68m⣿[38;2;62;72;81m⣿[38;2;72;83;94m⣿[38;2;72;83;93m⣿[38;2;59;68;76m⣶[38;2;39;44;50m⡆[39m       [38;2;26;28;31m⣿[38;2;27;30;33m⣿[38;2;28;32;35m⠟[38;2;31;34;38m⠛[38;2;38;43;48m⢻[38;2;44;50;56m⣿[38;2;49;55;62m⣿[38;2;50;56;63m⣿[38;2;51;58;65m⣿[38;2;55;63;71m⣿[38;2;57;66;74m⣷⣶[38;2;54;62;70m⣶[38;2;52;60;67m⣶[38;2;60;69;77m⣿[38;2;74;85;96m⣿[38;2;90;104;117m⣿[38;2;101;116;130m⣿[38;2;106;122;135m⣿[38;2;102;117;131m⣿[38;2;95;110;123m⣿[38;2;89;103;116m⣿[38;2;90;104;117m⣿[38;2;97;112;125m⣿[38;2;104;120;133m⣿[38;2;115;131;145m⣿[38;2;130;145;159m⣿[38;2;139;152;166m⣿[38;2;132;147;161m⣿[38;2;103;118;132m⣿[38;2;69;79;89m⣿[38;2;39;44;49m⡇[39m              [38;2;32;35;39m⢸[38;2;51;58;65m⣿[38;2;62;72;81m⣿[38;2;63;73;82m⣿[38;2;50;57;64m⣿[38;2;38;43;48m⡄[38;2;40;45;50m⣀[38;2;52;59;66m⣤[38;2;61;71;79m⣤[38;2;62;72;80m⣤[38;2;52;60;67m⣄[38;2;39;44;49m⡀[38;2;31;34;38m⣠[38;2;29;33;36m⣾[38;2;35;40;44m⣿[38;2;50;56;63m⣿[38;2;67;77;87m⣿[38;2;81;94;105m⣿[38;2;88;102;114m⣿⣿[38;2;82;96;107m⣿[38;2;77;90;101m⣿[38;2;70;81;91m⣿[38;2;60;69;77m⣿[38;2;46;52;58m⣿[39m   [38;2;39;44;50m⢀[38;2;50;56;63m⣴[38;2;62;71;80m⣾[38;2;72;83;94m⣿[38;2;78;91;102m⣿[38;2;81;94;105m⣿[38;2;80;93;104m⣿[38;2;77;90;101m⣿[38;2;71;82;92m⣿[38;2;60;69;77m⣿[38;2;45;51;57m⣷[39m   [38;2;39;44;49m⢠[38;2;59;68;76m⣾[38;2;92;107;119m⣿[38;2;108;124;138m⣿[38;2;100;115;129m⣿[38;2;72;83;94m⣿[38;2;44;50;56m⣿[38;2;36;41;45m⣿[38;2;34;39;43m⣿[38;2;38;43;48m⣿[38;2;44;50;56m⣿[38;2;51;59;66m⣿[38;2;60;69;77m⣿[38;2;70;81;91m⣿[38;2;79;92;103m⣿[38;2;83;97;108m⣿[38;2;82;96;107m⣿[38;2;79;92;103m⣿[38;2;76;88;99m⣿[38;2;75;86;97m⣿[38;2;69;79;89m⣿[38;2;57;66;74m⣿[38;2;41;46;52m⣿[38;2;28;32;35m⡆[39m        [38;2;6;8;11m▒[38;2;8;11;15m▓[38;2;10;14;18m▓[38;2;12;17;22m█[38;2;15;20;26m█[39m[48;2;0;0;0m                  
                  [38;2;15;20;26m[48;2;15;20;26m█[38;2;12;17;22m█[38;2;10;14;18m▓[38;2;8;11;15m▓[38;2;6;8;11m▒[39m        [38;2;31;34;38m⠘[38;2;35;40;44m⢿[38;2;43;48;54m⣿[38;2;54;62;70m⣿[38;2;68;78;88m⣿[38;2;80;93;104m⣿[38;2;79;92;103m⣿[38;2;65;75;84m⣿[38;2;43;48;54m⣿[39m  [38;2;23;25;27m⠙⠋[39m        [38;2;31;34;38m⠸[38;2;38;43;48m⢿[38;2;46;52;58m⣿[38;2;52;59;66m⣿[38;2;59;68;76m⣿[38;2;64;74;83m⣿[38;2;65;75;84m⣿[38;2;62;72;80m⣿[38;2;57;66;74m⣿[38;2;56;64;72m⣿[38;2;59;68;76m⣿[38;2;70;81;91m⣿[38;2;86;100;112m⣿[38;2;100;115;129m⣿[38;2;106;122;135m⣿[38;2;107;123;137m⣿[38;2;110;125;139m⣿[38;2;119;135;149m⣿[38;2;130;145;159m⣿[38;2;136;150;164m⣿[38;2;139;152;166m⣿[38;2;142;156;169m⣿[38;2;139;152;166m⣿[38;2;120;135;149m⣿[38;2;85;99;111m⣿[38;2;54;62;70m⣿[38;2;39;44;50m⣷[38;2;32;36;40m⣆[39m              [38;2;39;44;49m⢻[38;2;52;60;67m⣿[38;2;59;68;76m⣿[38;2;61;70;79m⣿[38;2;70;81;91m⣿[38;2;96;111;124m⣿[38;2;123;138;152m⣿[38;2;140;153;167m⣿[38;2;127;141;155m⣿[38;2;98;113;126m⣿[38;2;56;64;72m⣿[38;2;34;38;42m⣿[38;2;27;30;33m⡿[38;2;27;31;34m⠟[38;2;32;35;39m⠻[38;2;45;51;57m⢿[38;2;65;75;84m⣿[38;2;82;95;106m⣿[38;2;92;106;119m⣿[38;2;93;108;120m⣿[38;2;89;103;116m⣿[38;2;82;95;106m⣿[38;2;75;86;97m⣿[38;2;70;81;91m⣿[38;2;67;77;87m⣿[38;2;65;75;84m⣿[38;2;66;76;85m⣿[38;2;69;79;89m⣿[38;2;71;82;92m⣿[38;2;74;86;97m⣿[38;2;77;89;100m⣿[38;2;75;87;98m⣿[38;2;66;76;86m⣿[38;2;54;62;69m⣿[38;2;48;54;61m⣿[38;2;49;55;62m⣿[38;2;50;57;64m⣿[38;2;46;52;59m⣿[38;2;45;51;57m⣿[38;2;50;57;64m⣿[38;2;53;61;69m⣿[38;2;56;64;72m⣿[38;2;66;76;85m⣿[38;2;83;97;109m⣿[38;2;88;102;115m⣿[38;2;76;88;99m⣿[38;2;51;59;66m⣿[38;2;35;39;43m⠿[38;2;32;35;39m⠟[38;2;32;36;40m⠻[38;2;36;41;45m⢿[38;2;43;48;54m⣿[38;2;50;57;64m⣿[38;2;59;68;76m⣿[38;2;70;80;90m⣿[38;2;80;93;104m⣿[38;2;86;100;112m⣿[38;2;85;99;111m⣿[38;2;81;94;105m⣿[38;2;75;87;98m⣿[38;2;74;86;97m⣿[38;2;72;83;93m⣿[38;2;64;74;83m⣿[38;2;49;56;63m⣿[38;2;34;38;42m⣿[39m        [38;2;6;8;11m▒[38;2;8;11;15m▓[38;2;10;14;18m▓[38;2;12;17;22m█[38;2;15;20;26m█[39m[48;2;0;0;0m                  
                  [38;2;15;20;26m[48;2;15;20;26m█[38;2;12;17;22m█[38;2;10;14;18m▓[38;2;8;11;15m▓[38;2;6;8;11m▒[39m          [38;2;33;37;41m⠸[38;2;47;53;60m⢿[38;2;62;71;80m⣿[38;2;75;86;97m⣿⣿[38;2;62;71;80m⡿[38;2;40;45;51m⠇[39m              [38;2;34;39;43m⠈[38;2;44;49;55m⠻[38;2;53;61;68m⣿[38;2;61;70;78m⣿[38;2;62;72;81m⣿[38;2;60;69;77m⣿[38;2;56;64;72m⣿[38;2;51;58;65m⣿[38;2;48;54;61m⣿[38;2;49;56;63m⣿[38;2;58;67;75m⣿[38;2;74;85;96m⣿[38;2;87;101;113m⣿[38;2;98;113;126m⣿[38;2;106;122;135m⣿[38;2;117;133;147m⣿[38;2;129;144;158m⣿[38;2;133;148;162m⣿[38;2;132;147;161m⣿[38;2;125;140;154m⣿[38;2;108;124;138m⣿[38;2;83;97;109m⣿[38;2;56;64;72m⣿[38;2;41;46;52m⣿[38;2;38;43;47m⣿[38;2;35;39;43m⣿[38;2;32;35;39m⣿[38;2;28;31;34m⣶[39m             [38;2;41;46;52m⣿[38;2;51;59;66m⣿[38;2;61;71;79m⣿[38;2;78;91;102m⣿[38;2;107;123;137m⣿[38;2;136;150;164m⣿[38;2;151;163;176m⣿[38;2;135;149;163m⣿[38;2;101;116;130m⣿[38;2;57;65;73m⣿[38;2;33;37;41m⠇[39m    [38;2;41;46;52m⠘[38;2;60;69;77m⢿[38;2;77;89;100m⣿[38;2;85;99;111m⣿⣿[38;2;78;91;102m⣿[38;2;74;85;96m⣿[38;2;72;83;93m⣿[38;2;71;82;92m⣿[38;2;69;80;90m⣿[38;2;70;80;90m⣿[38;2;70;81;91m⣿[38;2;71;82;92m⣿⣿[38;2;66;76;86m⣿[38;2;56;64;72m⡿[38;2;41;46;52m⠏[39m  [38;2;35;40;44m⠘[38;2;40;45;51m⠿[38;2;43;48;54m⣿[38;2;45;51;57m⣿[38;2;51;58;65m⣿[38;2;55;63;71m⣿[38;2;56;64;72m⣿[38;2;58;67;75m⣿[38;2;60;69;77m⣿[38;2;55;63;71m⡿[38;2;42;47;53m⠏[39m       [38;2;40;45;51m⠈[38;2;49;55;62m⠻[38;2;57;65;73m⢿[38;2;63;73;82m⣿[38;2;64;74;83m⣿[38;2;61;71;79m⣿[38;2;59;68;76m⣿[38;2;62;71;80m⣿[38;2;65;75;84m⣿[38;2;61;71;79m⣿[38;2;49;56;63m⣿[38;2;34;39;43m⣿[39m        [38;2;6;8;11m▒[38;2;8;11;15m▓[38;2;10;14;18m▓[38;2;12;17;22m█[38;2;15;20;26m█[39m[48;2;0;0;0m                  
                  [38;2;15;20;26m[48;2;15;20;26m█[38;2;12;17;22m█[38;2;10;14;18m▓[38;2;8;11;15m▓[38;2;6;8;11m▒[39m             [38;2;35;39;43m⠉[39m                      [38;2;34;38;42m⠉[39m     [38;2;33;37;41m⠈[38;2;40;45;51m⠙[38;2;50;57;64m⠿[38;2;62;72;80m⢿[38;2;75;86;97m⣿[38;2;82;96;107m⣿[38;2;81;94;105m⣿[38;2;72;83;93m⣿[38;2;57;65;73m⠿[38;2;44;49;55m⠟[39m  [38;2;31;34;38m⠈[38;2;33;36;40m⠻[38;2;33;37;41m⢿[38;2;32;35;39m⣿[38;2;28;32;35m⣿[38;2;26;28;31m⣷[38;2;25;27;30m⣀[38;2;26;29;32m⣠[38;2;29;33;36m⣶[38;2;30;34;37m⣶[38;2;28;32;35m⣦[38;2;25;28;31m⡄[39m      [38;2;27;31;34m⠘[38;2;35;40;44m⢿[38;2;50;57;64m⣿[38;2;71;82;93m⣿[38;2;101;116;130m⣿[38;2;124;139;153m⣿[38;2;135;149;163m⣿[38;2;116;132;146m⣿[38;2;84;98;110m⣿[38;2;44;49;55m⠇[39m        [38;2;46;52;58m⠻[38;2;54;62;70m⠿[38;2;59;68;76m⢿[38;2;63;73;82m⣿[38;2;65;75;84m⣿⣿[38;2;64;74;83m⣿[38;2;62;72;80m⣿[38;2;59;68;76m⣿[38;2;52;60;67m⠿[38;2;43;48;54m⠟[39m        [38;2;35;40;44m⠈[38;2;43;48;54m⠻[38;2;46;52;59m⠿[38;2;44;50;56m⠿[38;2;38;43;48m⠟[39m             [38;2;34;39;43m⠹[38;2;40;45;50m⢿[38;2;43;48;54m⣿[38;2;45;51;57m⣿[38;2;49;56;63m⣿[38;2;52;59;66m⣿[38;2;49;56;63m⣿[38;2;40;45;50m⣿[38;2;30;33;37m⠇[39m        [38;2;6;8;11m▒[38;2;8;11;15m▓[38;2;10;14;18m▓[38;2;12;17;22m█[38;2;15;20;26m█[39m[48;2;0;0;0m                  
                  [38;2;15;20;26m[48;2;15;20;26m█[38;2;12;17;22m█[38;2;10;14;18m▓[38;2;8;11;15m▓[38;2;6;8;11m▒[39m                                                            [38;2;24;26;29m⠘[38;2;26;29;32m⢻[38;2;29;33;36m⣿[38;2;31;34;38m⣿[38;2;29;33;36m⣿[38;2;26;29;32m⣿[39m        [38;2;31;34;38m⠈[38;2;39;44;49m⠻[38;2;49;55;62m⠿[38;2;55;63;71m⠿[38;2;53;61;68m⠿[38;2;44;49;55m⠏[39m                                                 [38;2;31;34;38m⠘[38;2;37;42;46m⠻[38;2;43;48;54m⢿⡿[38;2;38;43;47m⠿[38;2;29;33;36m⠃[39m         [38;2;6;8;11m▒[38;2;8;11;15m▓[38;2;10;14;18m▓[38;2;12;17;22m█[38;2;15;20;26m█[39m[48;2;0;0;0m                  
                  [38;2;15;20;26m[48;2;15;20;26m█[38;2;12;17;22m█[38;2;10;14;18m▓[38;2;8;11;15m▓[38;2;6;8;11m▒[39m                                                                [38;2;27;30;33m⠉[39m                                                                               [38;2;6;8;11m▒[38;2;8;11;15m▓[38;2;10;14;18m▓[38;2;12;17;22m█[38;2;15;20;26m█[39m[48;2;0;0;0m                  
                  [38;2;15;20;26m[48;2;15;20;26m█[38;2;12;17;22m█[38;2;10;14;18m▓[38;2;8;11;15m▓[38;2;6;8;11m▒[39m                                                                                                                                                [38;2;6;8;11m▒[38;2;8;11;15m▓[38;2;10;14;18m▓[38;2;12;17;22m█[38;2;15;20;26m█[39m[48;2;0;0;0m                  
                  [38;2;15;20;26m[48;2;15;20;26m█[38;2;12;17;22m█[38;2;10;14;18m▓[38;2;8;11;15m▓[38;2;6;8;11m▒[39m                                                                                                                                                [38;2;6;8;11m▒[38;2;8;11;15m▓[38;2;10;14;18m▓[38;2;12;17;22m█[38;2;15;20;26m█[39m[48;2;0;0;0m                  
                  [38;2;15;20;26m[48;2;15;20;26m█[38;2;12;17;22m█[38;2;10;14;18m▓[38;2;8;11;15m▓[38;2;6;8;11m▒[39m                                                                                                                                                [38;2;6;8;11m▒[38;2;8;11;15m▓[38;2;10;14;18m▓[38;2;12;17;22m█[38;2;15;20;26m█[39m[48;2;0;0;0m                  
                  [38;2;15;20;26m[48;2;15;20;26m█[38;2;12;17;22m█[38;2;10;14;18m▓[38;2;8;11;15m▓[38;2;6;8;11m▒[39m                                                                                                                                                [38;2;6;8;11m▒[38;2;8;11;15m▓[38;2;10;14;18m▓[38;2;12;17;22m█[38;2;15;20;26m█[39m[48;2;0;0;0m                  
                  [38;2;15;20;26m[48;2;15;20;26m█[38;2;12;17;22m█[38;2;10;14;18m▓[38;2;8;11;15m▓[38;2;6;8;11m▒[39m                                                                                                                 [38;2;23;25;28m⣄[39m                              [38;2;6;8;11m▒[38;2;8;11;15m▓[38;2;10;14;18m▓[38;2;12;17;22m█[38;2;15;20;26m█[39m[48;2;0;0;0m                  
                  [38;2;15;20;26m[48;2;15;20;26m█[38;2;12;17;22m█[38;2;10;14;18m▓[38;2;8;11;15m▓[38;2;6;8;11m▒[39m                                                                                                                 [38;2;24;26;29m⣿[39m                              [38;2;6;8;11m▒[38;2;8;11;15m▓[38;2;10;14;18m▓[38;2;12;17;22m█[38;2;15;20;26m█[39m[48;2;0;0;0m                  
                  [38;2;15;20;26m[48;2;15;20;26m█[38;2;12;17;22m█[38;2;10;14;18m▓[38;2;8;11;15m▓[38;2;6;8;11m▒[39m                                                                                                                 [38;2;24;26;29m⢹[39m                              [38;2;6;8;11m▒[38;2;8;11;15m▓[38;2;10;14;18m▓[38;2;12;17;22m█[38;2;15;20;26m█[39m[48;2;0;0;0m                  
                  [38;2;15;20;26m[48;2;15;20;26m█[38;2;12;17;22m█[38;2;10;14;18m▓[38;2;8;11;15m▓[38;2;6;8;11m▒[39m                                                                                                                                                [38;2;6;8;11m▒[38;2;8;11;15m▓[38;2;10;14;18m▓[38;2;12;17;22m█[38;2;15;20;26m█[39m[48;2;0;0;0m                  
                  [38;2;15;20;26m[48;2;15;20;26m█[38;2;12;17;22m█[38;2;10;14;18m▓[38;2;8;11;15m▓[38;2;6;8;11m▒[39m                                                                                                                                                [38;2;6;8;11m▒[38;2;8;11;15m▓[38;2;10;14;18m▓[38;2;12;17;22m█[38;2;15;20;26m█[39m[48;2;0;0;0m                  
                  [38;2;15;20;26m[48;2;15;20;26m█[38;2;12;17;22m█[38;2;10;14;18m▓[38;2;8;11;15m▓[38;2;6;8;11m▒[39m                                                                                                                                   [38;2;24;26;29m⢸[38;2;25;27;30m⣷[39m           [38;2;6;8;11m▒[38;2;8;11;15m▓[38;2;10;14;18m▓[38;2;12;17;22m█[38;2;15;20;26m█[39m[48;2;0;0;0m                  
                  [38;2;15;20;26m[48;2;15;20;26m█[38;2;12;17;22m█[38;2;10;14;18m▓[38;2;8;11;15m▓[38;2;6;8;11m▒[39m                                                                                                                                    [38;2;25;27;30m⠻[38;2;24;26;29m⣷[39m          [38;2;6;8;11m▒[38;2;8;11;15m▓[38;2;10;14;18m▓[38;2;12;17;22m█[38;2;15;20;26m█[39m[48;2;0;0;0m                  
                  [38;2;15;20;26m[48;2;15;20;26m█[38;2;12;17;22m█[38;2;10;14;18m▓[38;2;8;11;15m▓[38;2;6;8;11m▒[39m                                                                                                                                                [38;2;6;8;11m▒[38;2;8;11;15m▓[38;2;10;14;18m▓[38;2;12;17;22m█[38;2;15;20;26m█[39m[48;2;0;0;0m                  
                  [38;2;15;20;26m[48;2;15;20;26m█[38;2;12;17;22m█[38;2;10;14;18m▓[38;2;8;11;15m▓[38;2;6;8;11m▒[39m                                                                                                                                                [38;2;6;8;11m▒[38;2;8;11;15m▓[38;2;10;14;18m▓[38;2;12;17;22m█[38;2;15;20;26m█[39m[48;2;0;0;0m                  
                  [38;2;15;20;26m[48;2;15;20;26m█[38;2;12;17;22m█[38;2;10;14;18m▓[38;2;8;11;15m▓[38;2;6;8;11m▒[39m      [38;2;23;25;27m⠘⠋[38;2;22;24;26m⠈[39m                            [38;2;24;26;28m⣤⣴[39m                                                                                                         [38;2;6;8;11m▒[38;2;8;11;15m▓[38;2;10;14;18m▓[38;2;12;17;22m█[38;2;15;20;26m█[39m[48;2;0;0;0m                  
                  [38;2;15;20;26m[48;2;15;20;26m█[38;2;12;17;22m█[38;2;10;14;18m▓[38;2;8;11;15m▓[38;2;6;8;11m▒[39m                                                                                                                                                [38;2;6;8;11m▒[38;2;8;11;15m▓[38;2;10;14;18m▓[38;2;12;17;22m█[38;2;15;20;26m█[39m[48;2;0;0;0m                  
                  [38;2;15;20;26m[48;2;15;20;26m█[38;2;12;17;22m█[38;2;10;14;18m▓[38;2;8;11;15m▓[38;2;6;8;11m▒[39m                                                                                                                                                [38;2;6;8;11m▒[38;2;8;11;15m▓[38;2;10;14;18m▓[38;2;12;17;22m█[38;2;15;20;26m█[39m[48;2;0;0;0m                  
                  [38;2;15;20;26m[48;2;15;20;26m█[38;2;12;17;22m█[38;2;10;14;18m▓[38;2;8;11;15m▓[38;2;6;8;11m▒[39m                                                                                                                                                [38;2;6;8;11m▒[38;2;8;11;15m▓[38;2;10;14;18m▓[38;2;12;17;22m█[38;2;15;20;26m█[39m[48;2;0;0;0m                  
                  [38;2;15;20;26m[48;2;15;20;26m█[38;2;12;17;22m█[38;2;10;14;18m▓[38;2;8;11;15m▓[38;2;6;8;11m▒[39m                                                                                                                                                [38;2;6;8;11m▒[38;2;8;11;15m▓[38;2;10;14;18m▓[38;2;12;17;22m█[38;2;15;20;26m█[39m[48;2;0;0;0m                  
                  [38;2;15;20;26m[48;2;15;20;26m█[38;2;12;17;22m█[38;2;10;14;18m▓[38;2;8;11;15m▓[38;2;6;8;11m▒[39m                                                                                                                                                [38;2;6;8;11m▒[38;2;8;11;15m▓[38;2;10;14;18m▓[38;2;12;17;22m█[38;2;15;20;26m█[39m[48;2;0;0;0m                  
                  [38;2;15;20;26m[48;2;15;20;26m█[38;2;12;17;22m█[38;2;10;14;18m▓[38;2;8;11;15m▓[38;2;6;8;11m▒[39m                                                                                                                                                [38;2;6;8;11m▒[38;2;8;11;15m▓[38;2;10;14;18m▓[38;2;12;17;22m█[38;2;15;20;26m█[39m[48;2;0;0;0m                  
                  [38;2;15;20;26m[48;2;15;20;26m█[38;2;12;17;22m█[38;2;10;14;18m▓[38;2;9;13;16m▓▓▓▓▓▓▓▓▓▓▓▓▓▓▓▓▓▓▓▓▓▓▓▓▓▓▓▓▓▓▓▓▓▓▓▓▓▓▓▓▓▓▓▓▓▓▓▓▓▓▓▓▓▓▓▓▓▓▓▓▓▓▓▓▓▓▓▓▓▓▓▓▓▓▓▓▓▓▓▓▓▓▓▓▓▓▓▓▓▓▓▓▓▓▓▓▓▓▓▓▓▓▓▓▓▓▓▓▓▓▓▓▓▓▓▓▓▓▓▓▓▓▓▓▓▓▓▓▓▓▓▓▓▓▓▓▓▓▓▓▓▓▓▓▓▓▓▓[38;2;10;14;18m▓[38;2;12;17;22m█[38;2;15;20;26m█[39m[48;2;0;0;0m                  
                  [38;2;15;20;26m[48;2;15;20;26m██████████████████████████████████████████████████████████████████████████████████████████████████████████████████████████████████████████████████████████[39m[48;2;0;0;0m                  
                                                                                                                                                                                              
                                                                                                                                                                                              
